7,2,3
11,0,4
11,4,5
15,2,5
19,0,6
23,2,6
27,0,6
15,6,7
23,2,7
27,4,7
31,2,7
35,4,7
39,2,7
43,0,7
27,0,8
35,4,8
35,0,8
39,2,8
43,4,8
47,2,8
47,2,8
51,0,8
51,0,8
55,2,8
55,2,8
59,0,8
59,0,8
63,2,8
67,4,8
71,2,8
75,0,8
91,0,8
19,6,8
19,0,8
31,2,8
19,8,9
31,2,9
39,6,9
43,4,9
47,2,9
55,6,9
59,4,9
63,2,9
63,6,9
67,4,9
67,4,9
71,2,9
75,4,9
75,0,9
79,2,9
79,6,9
79,2,9
83,4,9
83,0,9
83,4,9
87,2,9
87,2,9
91,4,9
91,0,9
95,2,9
95,2,9
99,0,9
103,2,9
103,2,9
107,0,9
111,2,9
119,2,9
123,0,9
139,0,9
55,2,9
75,4,9
91,0,9
115,4,9
111,2,9
151,2,9
99,0,9
19,0,9
35,4,9
35,0,9
47,2,9
19,0,9
63,2,9
55,2,9
51,4,9
35,0,10
47,6,10
51,0,10
55,2,10
67,4,10
75,4,10
87,2,10
59,4,10
79,2,10
91,0,10
87,2,10
95,2,10
107,0,10
115,4,10
87,2,10
95,2,10
83,0,10
111,2,10
103,2,10
71,2,10
91,4,10
99,0,10
119,2,10
111,2,10
131,4,10
123,0,10
143,2,10
107,0,10
127,2,10
135,2,10
115,0,10
139,0,10
131,0,10
75,0,10
99,0,10
103,2,10
107,0,10
119,2,10
123,4,10
151,2,10
143,2,10
163,0,10
147,0,10
159,2,10
179,0,10
63,6,10
83,4,10
99,0,10
119,6,10
107,4,10
135,2,10
119,2,10
147,4,10
95,2,10
123,4,10
131,4,10
159,2,10
131,0,10
151,2,10
171,0,10
67,4,10
91,4,10
115,4,10
103,2,10
127,2,10
151,6,10
127,2,10
115,0,10
175,2,10
135,2,10
155,0,10
147,4,10
167,2,10
127,2,10
163,0,10
115,4,10
127,2,10
139,4,10
123,0,10
143,6,10
171,0,10
127,2,10
167,2,10
175,2,10
115,4,10
171,0,10
163,0,10
203,0,10
199,2,10
155,0,10
147,0,10
179,4,10
135,2,10
143,2,10
183,2,10
187,0,10
175,2,10
163,4,10
163,0,10
131,4,10
171,4,10
147,0,10
151,2,10
155,0,10
183,2,10
151,2,10
187,0,10
127,2,10
171,0,10
167,2,10
155,4,10
175,2,10
223,2,10
187,0,10
219,0,10
191,2,10
207,2,10
195,0,10
203,0,10
211,4,10
231,2,10
211,0,10
243,0,10
27,8,10
25,2,10
39,2,10
59,4,10
43,6,10
51,0,10
35,0,10
63,2,10
23,2,10
39,2,10
55,6,10
75,0,10
35,0,10
51,0,10
79,2,10
35,8,10
19,0,10
43,0,10
39,6,10
55,2,10
79,2,10
27,4,10
67,0,10
55,2,10
63,2,10
83,4,10
59,4,10
87,2,10
51,8,10
43,0,10
51,6,10
51,0,10
71,2,10
99,4,10
91,0,10
79,2,10
51,4,10
35,6,10
71,2,10
103,2,10
91,0,10
79,2,10
255,2,11
275,4,11
231,2,11
195,0,11
251,0,11
271,2,11
191,2,11
235,0,11
131,4,11
215,2,11
227,0,11
207,2,11
123,0,11
267,0,11
215,2,11
211,0,11
247,2,11
255,2,11
311,2,11
227,4,11
151,2,11
203,4,11
207,2,11
315,0,11
311,2,11
315,0,11
287,2,11
243,0,11
231,2,11
299,0,11
251,4,11
279,2,11
191,2,11
239,2,11
243,0,11
243,0,11
187,0,11
235,0,11
203,0,11
179,4,11
231,2,11
215,2,11
271,6,11
235,0,11
175,2,11
175,2,11
235,0,11
227,4,11
211,4,11
167,2,11
231,2,11
275,0,11
195,4,11
279,2,11
143,2,11
219,0,11
199,2,11
163,0,11
87,2,11
171,4,11
207,2,11
111,6,11
187,4,11
195,4,11
119,2,11
239,2,11
251,0,11
207,2,11
283,0,11
303,2,11
319,2,11
307,0,11
355,0,11
147,4,11
167,2,11
291,0,11
263,2,11
247,2,11
287,2,11
275,0,11
255,2,11
191,2,11
227,4,11
203,0,11
215,2,11
183,2,11
243,0,11
203,0,11
239,2,11
175,2,11
259,0,11
207,2,11
187,0,11
215,6,11
147,4,11
243,0,11
143,2,11
155,0,11
271,2,11
283,4,11
335,2,11
199,2,11
163,0,11
251,0,11
219,4,11
187,0,11
223,2,11
199,2,11
235,0,11
195,0,11
207,2,11
251,0,11
219,4,11
303,2,11
243,0,11
275,4,11
235,4,11
175,2,11
155,0,11
219,4,11
239,2,11
255,2,11
235,4,11
311,6,11
351,2,11
291,0,11
275,4,11
259,0,11
227,4,11
247,2,11
263,2,11
271,2,11
159,2,11
247,2,11
307,0,11
327,2,11
223,2,11
323,0,11
199,2,11
131,4,11
207,2,11
119,6,11
179,4,11
147,4,11
167,2,11
247,2,11
303,2,11
231,2,11
255,2,11
251,4,11
255,2,11
235,0,11
179,0,11
135,2,11
343,2,11
183,2,11
271,2,11
239,2,11
223,2,11
291,0,11
115,4,11
335,2,11
239,2,11
339,0,11
163,0,11
119,2,11
227,0,11
251,0,11
243,0,11
371,0,11
367,2,11
279,2,11
271,2,11
159,2,11
211,0,11
223,2,11
195,4,11
247,2,11
115,4,11
179,0,11
199,2,11
147,4,11
231,2,11
175,2,11
219,0,11
191,6,11
235,0,11
135,2,11
299,0,11
171,0,11
167,6,11
195,4,11
191,2,11
187,4,11
107,0,11
295,2,11
287,2,11
231,2,11
199,2,11
171,4,11
163,0,11
223,2,11
127,6,11
203,4,11
183,2,11
171,4,11
211,4,11
283,0,11
147,0,11
135,2,11
307,4,11
291,4,11
139,0,11
267,4,11
295,2,11
279,2,11
263,2,11
175,2,11
171,4,11
159,2,11
203,0,11
151,6,11
179,4,11
107,4,11
143,2,11
287,6,11
267,0,11
143,2,11
103,2,11
199,2,11
247,2,11
347,0,11
75,8,11
143,6,11
199,6,11
187,4,11
131,4,11
391,2,11
123,8,11
191,6,11
95,6,11
139,4,11
295,6,11
151,6,11
83,4,11
39,2,11
319,2,11
235,0,11
171,4,11
267,0,11
263,2,11
267,0,11
263,2,11
287,2,11
267,0,11
195,0,11
151,2,11
159,6,11
139,4,11
259,4,11
215,2,11
171,8,11
271,2,11
219,0,11
419,0,11
383,2,11
279,2,11
303,2,11
275,0,11
343,2,11
299,0,11
319,2,11
331,0,11
259,4,11
323,4,11
271,2,11
283,0,11
183,2,11
211,0,11
311,2,11
255,2,11
295,2,11
359,2,11
323,0,11
295,2,11
363,0,11
411,0,11
291,0,11
283,0,11
199,6,11
259,4,11
163,4,11
247,2,11
219,4,11
223,2,11
351,2,11
263,6,11
195,4,11
307,0,11
399,2,11
323,4,11
299,0,11
235,4,11
271,2,11
211,4,11
167,2,11
143,6,11
187,4,11
123,4,11
159,2,11
239,2,11
155,0,11
343,2,11
315,0,11
243,0,11
251,0,11
271,6,11
239,6,11
219,4,11
243,4,11
303,2,11
167,2,11
199,2,11
191,2,11
339,0,11
375,2,11
299,4,11
291,4,11
179,4,11
231,2,11
379,0,11
131,0,11
99,8,11
151,6,11
119,6,11
179,4,11
139,8,11
111,6,11
175,6,11
123,4,11
59,4,11
63,2,11
259,4,11
183,2,11
187,4,11
223,2,11
291,4,11
311,2,11
371,0,11
331,0,11
271,2,11
247,6,11
211,4,11
91,8,11
159,6,11
183,6,11
63,6,11
107,4,11
115,4,11
139,4,11
79,2,11
71,2,11
51,8,11
103,6,11
163,4,11
23,10,11
55,2,11
123,4,11
87,2,11
99,0,11
143,2,11
75,0,11
135,2,11
107,4,11
83,6,11
131,4,11
111,2,11
39,2,11
47,6,11
91,4,11
71,2,11
91,4,11
95,2,11
67,0,11
31,2,11
51,0,11
99,0,11
111,2,11
83,4,11
51,0,11
95,2,11
83,0,11
67,6,11
43,0,11
103,2,11
75,4,11
67,4,11
139,0,11
103,2,11
83,0,11
179,4,11
151,2,11
51,0,11
27,0,11
99,0,11
159,2,11
131,4,11
83,0,11
179,4,11
151,2,11
99,0,11
159,2,11
131,4,11
59,0,11
35,0,11
51,0,11
59,0,11
119,2,11
75,0,11
87,2,11
123,0,11
71,2,11
59,6,11
71,2,11
107,4,11
79,2,11
75,4,11
67,0,11
79,2,11
59,4,11
67,0,11
151,2,11
51,0,11
127,2,11
99,4,11
39,2,11
127,2,11
163,4,11
67,0,11
67,0,11
127,2,11
107,4,11
83,8,11
107,4,11
35,0,11
71,2,11
83,6,11
41,2,11
99,0,11
71,2,11
91,0,11
67,0,11
103,2,11
51,6,11
123,4,11
91,4,11
63,2,11
43,0,11
103,6,11
115,0,11
75,4,11
59,0,11
51,0,11
139,0,11
79,2,11
91,0,11
79,2,11
39,2,11
131,4,11
67,6,11
139,4,11
55,2,11
67,4,11
147,4,11
115,4,11
83,0,11
55,2,11
111,2,11
71,2,11
107,0,11
155,0,11
35,0,11
71,2,11
51,4,11
139,0,11
119,2,11
91,4,11
55,2,11
115,0,11
119,2,11
127,2,11
83,6,11
111,2,11
87,2,11
87,2,11
107,0,11
135,2,11
51,0,11
99,4,11
95,2,11
51,4,11
127,6,11
115,4,11
35,0,11
19,0,11
103,2,11
43,0,11
67,0,11
59,0,11
131,4,11
59,0,11
127,2,11
107,4,11
175,2,11
91,4,11
159,2,11
95,2,11
95,2,11
131,0,11
159,2,11
119,2,11
155,0,11
131,0,11
115,4,11
143,2,11
135,2,11
135,2,11
111,2,11
91,4,11
171,0,11
143,2,11
127,2,11
151,2,11
79,6,11
127,2,11
131,4,11
99,0,11
123,4,11
195,4,11
139,4,11
127,2,11
191,2,11
191,2,11
155,0,11
111,6,11
91,4,11
203,0,11
67,6,11
175,2,11
211,4,11
427,0,12
331,4,12
507,0,12
507,0,12
403,0,12
395,4,12
299,0,12
379,0,12
379,0,12
355,4,12
327,6,12
143,2,12
423,2,12
407,6,12
359,2,12
303,2,12
351,6,12
523,0,12
359,2,12
435,4,12
423,2,12
411,4,12
287,2,12
347,0,12
447,2,12
443,4,12
435,0,12
439,2,12
327,2,12
471,2,12
275,0,12
471,2,12
459,0,12
459,0,12
431,2,12
371,4,12
171,8,12
227,4,12
215,2,12
303,2,12
463,2,12
259,4,12
263,2,12
279,2,12
347,0,12
331,0,12
343,2,12
407,2,12
527,2,12
327,2,12
315,0,12
279,6,12
379,4,12
295,2,12
495,2,12
251,4,12
563,0,12
427,4,12
383,2,12
487,2,12
291,0,12
303,2,12
195,4,12
439,2,12
339,0,12
199,2,12
371,0,12
287,6,12
279,2,12
391,2,12
447,2,12
407,2,12
487,2,12
307,0,12
455,6,12
415,6,12
307,4,12
311,2,12
443,0,12
307,0,12
295,2,12
379,4,12
415,2,12
519,2,12
343,2,12
475,0,12
399,2,12
211,4,12
427,0,12
463,2,12
451,0,12
459,4,12
519,2,12
255,6,12
511,2,12
611,0,12
451,0,12
659,0,12
267,8,12
335,6,12
295,6,12
235,4,12
311,2,12
303,2,12
379,4,12
523,4,12
367,2,12
411,4,12
319,2,12
543,2,12
383,2,12
503,2,12
295,6,12
423,2,12
295,2,12
415,2,12
139,4,12
263,2,12
163,0,12
451,0,12
331,0,12
367,2,12
551,6,12
391,2,12
451,0,12
643,0,12
299,4,12
399,2,12
383,2,12
339,0,12
431,2,12
515,0,12
579,0,12
395,0,12
403,0,12
535,2,12
271,2,12
367,2,12
371,0,12
223,6,12
427,0,12
327,2,12
275,4,12
291,4,12
247,2,12
287,2,12
463,2,12
219,4,12
223,2,12
299,0,12
263,2,12
411,4,12
387,0,12
291,4,12
215,2,12
467,4,12
423,2,12
451,4,12
343,2,12
235,4,12
271,2,12
387,4,12
499,0,12
315,4,12
307,4,12
391,2,12
559,2,12
351,2,12
235,8,12
367,6,12
307,4,12
355,0,12
139,4,12
323,0,12
287,2,12
363,0,12
407,6,12
351,6,12
371,4,12
435,4,12
363,0,12
199,2,12
279,2,12
247,2,12
423,2,12
419,4,12
219,4,12
255,2,12
459,0,12
447,2,12
311,2,12
339,0,12
447,2,12
475,4,12
463,2,12
215,2,12
235,4,12
419,4,12
447,2,12
419,4,12
155,0,12
283,4,12
583,2,12
391,2,12
599,2,12
487,2,12
631,2,12
339,0,12
343,2,12
335,2,12
191,2,12
159,2,12
287,2,12
271,2,12
323,0,12
375,2,12
327,2,12
223,2,12
267,4,12
367,2,12
379,0,12
179,0,12
175,2,12
431,2,12
371,0,12
167,2,12
507,4,12
439,2,12
403,4,12
359,2,12
387,0,12
239,6,12
347,0,12
143,2,12
251,0,12
255,6,12
183,2,12
327,2,12
459,0,12
627,0,12
375,2,12
615,2,12
151,2,12
599,2,12
575,2,12
415,2,12
579,0,12
607,2,12
335,2,12
619,0,12
547,0,12
487,2,12
367,2,12
379,0,12
491,0,12
451,4,12
359,2,12
511,2,12
543,2,12
295,2,12
387,0,12
495,2,12
379,0,12
455,2,12
371,4,12
423,2,12
419,4,12
563,0,12
555,0,12
435,0,12
507,4,12
211,4,12
451,0,12
515,4,12
459,4,12
571,0,12
451,4,12
251,4,12
351,2,12
451,0,12
455,6,12
387,4,12
219,4,12
639,2,12
679,2,12
487,2,12
255,2,12
331,0,12
167,2,12
183,2,12
195,4,12
215,2,12
243,0,12
311,6,12
395,4,12
231,2,12
531,4,12
323,4,12
407,2,12
287,2,12
571,0,12
227,4,12
455,2,12
419,0,12
495,2,12
499,0,12
367,2,12
535,2,12
291,0,12
471,2,12
527,2,12
435,0,12
371,4,12
291,4,12
351,2,12
475,0,12
487,2,12
199,2,12
543,2,12
435,4,12
391,2,12
431,2,12
495,2,12
191,6,12
571,0,12
523,0,12
147,4,12
295,2,12
283,0,12
159,2,12
335,2,12
275,4,12
227,4,12
223,2,12
67,0,12
627,0,12
311,2,12
275,0,12
307,0,12
447,2,12
379,0,12
183,2,12
271,2,12
607,2,12
535,2,12
647,2,12
351,2,12
475,0,12
447,2,12
391,2,12
239,2,12
463,2,12
235,4,12
247,2,12
183,6,12
391,2,12
451,0,12
295,2,12
383,2,12
395,0,12
443,0,12
387,0,12
375,2,12
155,4,12
255,2,12
451,0,12
195,4,12
311,2,12
95,6,12
347,0,12
287,2,12
515,0,12
435,0,12
463,2,12
291,0,12
355,4,12
279,2,12
315,0,12
287,2,12
295,2,12
255,2,12
259,4,12
291,0,12
403,0,12
123,0,12
299,0,12
243,0,12
83,4,12
135,2,12
483,0,12
163,0,12
175,2,12
75,0,12
147,0,12
135,2,12
119,2,12
135,2,12
99,0,12
247,2,12
215,2,12
167,2,12
107,4,12
111,2,12
83,0,12
283,0,12
107,6,12
107,4,12
143,2,12
63,2,12
219,4,12
139,0,12
147,0,12
151,2,12
95,2,12
187,0,12
127,6,12
135,2,12
99,8,12
163,0,12
155,4,12
111,6,12
75,0,12
247,2,12
123,0,12
123,0,12
123,4,12
167,2,12
115,6,12
99,0,12
163,0,12
111,2,12
143,2,12
59,4,12
65,2,12
87,2,12
103,6,12
95,2,12
131,4,12
91,0,12
179,0,12
255,2,12
131,0,12
235,0,12
127,2,12
107,0,12
63,2,12
111,2,12
75,0,12
159,2,12
67,4,12
207,2,12
91,0,12
207,2,12
83,0,12
123,0,12
199,2,12
99,0,12
155,4,12
67,0,12
175,2,12
199,2,12
199,2,12
83,6,12
251,0,12
91,6,12
151,2,12
63,2,12
63,2,12
87,2,12
155,4,12
115,4,12
183,2,12
127,2,12
163,0,12
71,2,12
227,4,12
147,0,12
99,8,12
91,0,12
99,0,12
83,0,12
99,0,12
75,4,12
175,2,12
59,4,12
187,4,12
203,0,12
79,2,12
223,2,12
151,2,12
51,0,12
207,2,12
155,4,12
99,8,12
107,6,12
107,6,12
163,0,12
235,0,12
99,0,12
115,4,12
67,8,12
227,4,12
87,6,12
67,0,12
67,4,12
83,4,12
115,0,12
55,2,12
163,0,12
187,4,12
83,0,12
67,0,12
55,2,12
259,4,12
243,0,12
71,2,12
239,6,12
95,2,12
75,0,12
283,0,12
243,4,12
127,2,12
51,0,12
155,0,12
111,2,12
199,2,12
111,2,12
103,6,12
131,0,12
143,2,12
63,2,12
51,0,12
155,0,12
235,4,12
103,2,12
103,2,12
151,2,12
71,2,12
179,4,12
195,4,12
203,0,12
155,8,12
51,0,12
39,2,12
235,0,12
99,6,12
231,2,12
195,0,12
219,0,12
163,0,12
231,2,12
239,2,12
171,4,12
75,4,12
211,4,12
163,0,12
87,2,12
103,2,12
107,4,12
267,0,12
111,2,12
143,2,12
79,2,12
127,2,12
235,0,12
215,2,12
91,4,12
57,2,12
51,10,12
83,8,12
91,8,12
55,2,12
187,0,12
91,0,12
131,0,12
63,6,12
183,2,12
127,6,12
203,0,12
235,0,12
171,0,12
227,4,12
71,6,12
107,4,12
91,6,12
183,2,12
191,2,12
151,2,12
199,2,12
127,2,12
87,2,12
199,2,12
107,0,12
119,2,12
107,4,12
131,0,12
191,2,12
259,0,12
147,0,12
239,2,12
683,0,13
423,2,13
655,2,13
699,0,13
523,4,13
619,0,13
843,0,13
487,6,13
567,2,13
539,4,13
579,0,13
839,2,13
583,2,13
839,2,13
699,0,13
583,6,13
475,4,13
643,0,13
563,4,13
519,2,13
615,2,13
551,2,13
747,4,13
703,2,13
555,4,13
551,2,13
603,0,13
275,4,13
487,2,13
347,4,13
511,2,13
343,2,13
559,2,13
451,0,13
391,2,13
779,0,13
619,4,13
499,4,13
163,0,13
635,0,13
535,2,13
527,2,13
583,2,13
539,4,13
623,2,13
631,6,13
803,4,13
803,4,13
735,2,13
627,0,13
615,2,13
779,0,13
779,0,13
643,0,13
719,2,13
575,2,13
595,4,13
563,4,13
455,2,13
723,0,13
731,0,13
587,0,13
491,0,13
615,2,13
719,2,13
603,0,13
651,4,13
703,6,13
487,6,13
571,0,13
675,0,13
611,0,13
395,0,13
503,2,13
619,4,13
651,4,13
659,0,13
575,2,13
643,0,13
655,2,13
367,2,13
607,2,13
971,4,13
651,0,13
799,2,13
615,2,13
379,4,13
275,4,13
431,2,13
267,0,13
575,2,13
555,0,13
415,2,13
491,4,13
483,4,13
579,0,13
707,4,13
439,2,13
503,2,13
899,4,13
479,2,13
559,2,13
435,4,13
507,4,13
451,4,13
443,0,13
703,2,13
703,2,13
315,4,13
159,2,13
355,4,13
803,0,13
747,0,13
711,2,13
327,2,13
347,0,13
255,2,13
515,4,13
487,2,13
607,2,13
483,0,13
707,4,13
383,2,13
587,0,13
723,0,13
355,4,13
615,2,13
823,2,13
735,2,13
543,2,13
603,4,13
779,0,13
943,2,13
695,2,13
595,4,13
595,0,13
451,0,13
383,2,13
419,4,13
395,0,13
551,2,13
807,2,13
567,2,13
559,2,13
387,4,13
783,2,13
739,0,13
739,0,13
519,6,13
783,2,13
667,4,13
531,4,13
935,2,13
427,4,13
803,0,13
599,2,13
623,2,13
499,0,13
811,4,13
263,2,13
955,0,13
535,2,13
331,4,13
443,4,13
359,6,13
667,0,13
627,0,13
415,2,13
791,2,13
447,2,13
663,2,13
691,0,13
743,2,13
931,0,13
983,2,13
579,0,13
595,4,13
575,2,13
639,2,13
523,0,13
423,2,13
483,0,13
343,2,13
515,0,13
507,4,13
619,4,13
883,0,13
715,0,13
723,0,13
623,2,13
739,0,13
1019,4,13
531,0,13
395,0,13
491,0,13
687,2,13
787,0,13
671,2,13
467,4,13
483,4,13
815,2,13
471,2,13
627,0,13
551,2,13
831,2,13
671,2,13
663,2,13
847,2,13
487,2,13
579,0,13
551,6,13
387,4,13
411,0,13
303,2,13
519,2,13
579,0,13
567,2,13
551,2,13
703,2,13
199,2,13
227,0,13
827,0,13
631,2,13
811,0,13
667,0,13
459,4,13
451,0,13
487,2,13
343,2,13
715,0,13
391,2,13
575,2,13
519,2,13
443,4,13
531,4,13
687,6,13
559,2,13
611,0,13
739,4,13
675,0,13
935,2,13
803,0,13
707,4,13
379,0,13
691,0,13
739,4,13
607,2,13
743,2,13
755,0,13
1059,0,13
435,4,13
515,4,13
643,0,13
535,2,13
579,0,13
707,0,13
511,2,13
787,0,13
655,2,13
699,0,13
527,2,13
479,2,13
295,2,13
655,2,13
895,2,13
639,2,13
659,0,13
767,2,13
831,2,13
971,0,13
379,0,13
791,2,13
527,2,13
611,4,13
487,2,13
191,2,13
487,2,13
531,4,13
439,2,13
699,4,13
683,4,13
431,2,13
743,2,13
623,2,13
487,2,13
523,0,13
319,6,13
363,4,13
571,0,13
379,4,13
431,6,13
479,2,13
487,6,13
123,8,13
255,6,13
427,4,13
359,2,13
275,4,13
703,2,13
879,2,13
887,6,13
355,4,13
211,0,13
183,2,13
811,0,13
187,0,13
695,6,13
951,2,13
491,4,13
631,2,13
263,6,13
419,4,13
495,2,13
611,0,13
767,2,13
767,6,13
971,4,13
539,0,13
251,0,13
667,0,13
395,4,13
787,0,13
735,2,13
739,0,13
367,6,13
307,4,13
219,4,13
511,6,13
911,6,13
463,6,13
359,6,13
223,6,13
499,4,13
775,2,13
387,0,13
471,2,13
635,4,13
531,0,13
271,6,13
407,2,13
371,0,13
483,4,13
575,2,13
575,2,13
755,4,13
543,6,13
595,4,13
603,0,13
731,0,13
515,0,13
503,2,13
763,0,13
547,0,13
559,2,13
911,2,13
391,2,13
895,2,13
335,2,13
339,0,13
351,2,13
615,2,13
203,4,13
883,0,13
847,2,13
427,0,13
887,2,13
879,2,13
531,0,13
659,4,13
587,0,13
679,2,13
567,2,13
663,2,13
551,2,13
731,4,13
551,2,13
771,0,13
1119,2,13
423,2,13
679,2,13
703,2,13
427,0,13
267,4,13
463,2,13
991,2,13
619,0,13
371,4,13
647,2,13
835,0,13
847,2,13
699,0,13
855,2,13
787,0,13
687,2,13
799,2,13
391,2,13
503,6,13
619,0,13
435,0,13
707,4,13
803,4,13
451,0,13
923,0,13
719,2,13
507,0,13
1183,2,13
839,2,13
615,2,13
975,2,13
631,2,13
839,2,13
475,0,13
455,2,13
447,2,13
859,0,13
355,4,13
999,2,13
851,0,13
743,2,13
431,2,13
1047,2,13
883,0,13
635,4,13
419,4,13
763,4,13
931,0,13
995,0,13
343,2,13
471,6,13
523,0,13
347,4,13
447,2,13
927,2,13
287,2,13
1043,0,13
1043,0,13
663,6,13
443,4,13
883,0,13
643,4,13
839,2,13
763,0,13
751,2,13
467,4,13
527,2,13
843,0,13
799,2,13
803,0,13
479,2,13
659,0,13
603,8,13
479,6,13
675,4,13
859,0,13
307,4,13
839,2,13
523,0,13
683,4,13
819,4,13
767,2,13
639,2,13
1035,0,13
487,6,13
703,2,13
847,2,13
639,2,13
271,6,13
695,6,13
927,6,13
847,2,13
883,0,13
851,0,13
595,4,13
671,2,13
223,6,13
895,2,13
391,2,13
511,6,13
435,0,13
511,2,13
727,2,13
375,6,13
635,0,13
323,4,13
707,4,13
859,0,13
419,4,13
231,2,13
563,4,13
719,2,13
783,2,13
699,0,13
687,2,13
439,2,13
651,0,13
743,6,13
639,2,13
483,4,13
799,2,13
459,4,13
491,4,13
799,2,13
727,2,13
775,2,13
715,0,13
755,0,13
859,0,13
587,4,13
655,2,13
659,4,13
767,2,13
423,6,13
231,2,13
387,4,13
931,0,13
135,10,13
239,6,13
179,8,13
883,0,13
963,0,13
923,4,13
611,4,13
463,2,13
903,2,13
555,4,13
511,6,13
555,8,13
471,2,13
367,6,13
551,6,13
483,4,13
291,8,13
95,2,13
119,10,13
63,10,13
259,4,13
211,4,13
215,2,13
259,4,13
143,2,13
187,4,13
251,4,13
211,0,13
243,0,13
363,4,13
199,2,13
547,0,13
279,2,13
367,2,13
351,2,13
283,4,13
143,2,13
147,4,13
235,4,13
191,2,13
287,2,13
203,4,13
219,4,13
123,0,13
183,6,13
127,2,13
151,2,13
295,2,13
187,0,13
123,4,13
147,0,13
271,2,13
163,6,13
179,6,13
343,2,13
403,4,13
167,2,13
383,2,13
311,6,13
327,2,13
327,2,13
279,2,13
187,6,13
215,2,13
171,4,13
331,4,13
231,6,13
283,0,13
391,2,13
187,0,13
251,4,13
219,4,13
291,4,13
271,2,13
263,2,13
159,2,13
179,0,13
131,2,13
207,2,13
163,6,13
271,2,13
147,6,13
203,4,13
279,2,13
247,2,13
147,0,13
227,4,13
235,4,13
295,6,13
163,0,13
179,8,13
167,2,13
319,2,13
263,2,13
251,0,13
287,2,13
99,0,13
319,2,13
119,2,13
63,2,13
123,0,13
195,4,13
195,0,13
211,6,13
203,4,13
135,2,13
143,2,13
163,0,13
271,2,13
187,8,13
51,0,13
107,4,13
367,2,13
319,2,13
167,2,13
163,0,13
123,0,13
123,0,13
383,2,13
303,2,13
287,2,13
211,6,13
311,2,13
343,2,13
363,4,13
215,2,13
171,0,13
167,2,13
279,6,13
81,4,13
167,2,13
223,2,13
323,4,13
343,2,13
147,6,13
919,2,14
947,4,14
1291,0,14
1255,2,14
1007,2,14
735,2,14
811,0,14
955,4,14
863,2,14
1219,0,14
659,0,14
1047,2,14
799,6,14
1015,2,14
583,6,14
683,4,14
1143,2,14
947,0,14
867,4,14
791,2,14
667,4,14
1227,0,14
1167,2,14
719,2,14
759,2,14
1103,2,14
739,4,14
1315,4,14
731,0,14
659,4,14
831,6,14
687,2,14
835,4,14
771,0,14
1483,0,14
1351,2,14
707,0,14
1143,2,14
811,4,14
879,2,14
591,2,14
655,2,14
967,2,14
1227,0,14
631,2,14
1179,0,14
1695,2,14
927,2,14
1671,2,14
1303,2,14
871,6,14
835,4,14
723,0,14
615,2,14
1471,2,14
1423,2,14
1291,4,14
1315,0,14
899,0,14
1427,0,14
927,2,14
1419,0,14
1223,2,14
1071,2,14
1011,4,14
839,2,14
1083,4,14
847,6,14
1315,0,14
1091,0,14
1499,4,14
1207,2,14
1047,2,14
927,2,14
931,4,14
1123,0,14
1135,2,14
1259,0,14
1223,2,14
939,4,14
1407,2,14
783,2,14
595,4,14
1147,4,14
955,0,14
959,2,14
1095,2,14
1331,0,14
1631,2,14
783,6,14
883,0,14
1219,0,14
807,2,14
863,2,14
771,4,14
1207,2,14
903,6,14
1079,2,14
1075,0,14
995,4,14
951,2,14
1167,2,14
863,2,14
991,2,14
1539,0,14
771,4,14
727,2,14
983,6,14
847,6,14
1099,0,14
319,6,14
1215,2,14
959,2,14
931,0,14
899,4,14
1295,2,14
1011,0,14
603,4,14
991,2,14
811,4,14
1439,2,14
1279,2,14
1423,2,14
835,4,14
1399,2,14
1423,2,14
887,2,14
747,4,14
1335,2,14
351,6,14
1351,2,14
571,0,14
399,6,14
547,4,14
943,2,14
847,2,14
1051,4,14
1043,0,14
887,6,14
487,2,14
1195,0,14
807,6,14
1063,2,14
1039,2,14
983,2,14
1099,0,14
863,2,14
875,0,14
1215,2,14
1227,0,14
779,0,14
715,4,14
1047,2,14
783,2,14
1235,0,14
1407,6,14
1207,6,14
1231,2,14
999,2,14
423,2,14
1279,2,14
1651,0,14
1099,4,14
1059,0,14
1307,0,14
1451,0,14
915,4,14
975,2,14
1391,2,14
1119,2,14
763,4,14
1259,4,14
1243,4,14
607,2,14
1271,6,14
899,0,14
1011,4,14
407,2,14
1163,4,14
523,8,14
903,6,14
399,2,14
1107,0,14
899,0,14
1015,2,14
495,2,14
1339,4,14
743,2,14
1015,2,14
731,4,14
1071,2,14
1471,2,14
1427,0,14
1015,6,14
1175,2,14
803,4,14
1063,2,14
1103,2,14
1299,0,14
963,0,14
1055,2,14
1711,2,14
1223,2,14
1159,2,14
1179,0,14
1023,2,14
571,8,14
991,2,14
1215,2,14
1323,4,14
1291,4,14
1415,2,14
1367,2,14
1191,2,14
667,4,14
1019,0,14
1203,0,14
903,2,14
955,4,14
1487,2,14
1495,2,14
447,6,14
447,2,14
539,0,14
671,2,14
519,6,14
459,8,14
227,0,14
835,4,14
423,6,14
1055,2,14
743,2,14
715,0,14
931,4,14
1203,8,14
767,2,14
611,4,14
931,4,14
731,4,14
1135,2,14
231,6,14
1655,2,14
1679,2,14
891,0,14
1483,0,14
859,4,14
1531,0,14
1371,4,14
1499,0,14
895,2,14
563,4,14
1011,0,14
1779,0,14
1259,0,14
1199,2,14
863,2,14
1027,8,14
1863,2,14
1171,4,14
827,0,14
635,0,14
1079,6,14
1199,6,14
547,4,14
1191,2,14
1051,0,14
1487,2,14
995,0,14
975,2,14
1167,2,14
1295,2,14
915,4,14
919,6,14
739,8,14
907,4,14
779,0,14
1467,0,14
1195,4,14
999,2,14
891,4,14
1111,2,14
395,4,14
319,2,14
1827,0,14
1571,0,14
767,2,14
695,2,14
1519,2,14
1035,4,14
1151,2,14
1139,4,14
1095,2,14
979,0,14
1227,0,14
1067,0,14
911,2,14
1159,2,14
719,2,14
611,0,14
1179,0,14
767,2,14
895,2,14
575,2,14
867,4,14
1103,2,14
539,8,14
1135,2,14
923,8,14
1415,2,14
1159,2,14
707,4,14
859,0,14
1119,2,14
751,2,14
1059,0,14
1119,2,14
947,4,14
1195,0,14
895,2,14
731,0,14
979,0,14
631,2,14
811,0,14
519,2,14
743,2,14
871,6,14
955,0,14
1427,4,14
955,0,14
883,4,14
939,0,14
995,0,14
779,0,14
379,0,14
107,4,14
983,2,14
419,4,14
843,0,14
247,2,14
251,4,14
315,4,14
523,4,14
559,2,14
515,4,14
275,0,14
407,2,14
567,2,14
415,2,14
611,0,14
559,2,14
371,0,14
411,4,14
503,2,14
519,2,14
487,2,14
355,0,14
475,4,14
355,0,14
551,2,14
419,4,14
635,4,14
507,4,14
99,0,14
495,2,14
583,2,14
427,0,14
683,0,14
295,2,14
347,0,14
447,2,14
359,2,14
231,2,14
407,2,14
395,4,14
255,2,14
259,0,14
531,4,14
215,2,14
339,0,14
607,2,14
227,0,14
379,8,14
247,2,14
131,8,14
415,2,14
307,0,14
479,2,14
271,2,14
323,0,14
563,0,14
233,2,14
395,4,14
187,8,14
487,6,14
115,0,14
367,2,14
251,4,14
351,2,14
151,2,14
111,6,14
115,0,14
435,4,14
351,2,14
491,0,14
423,2,14
375,2,14
427,0,14
243,8,14
343,2,14
311,2,14
459,0,14
471,2,14
307,0,14
323,4,14
311,2,14
195,0,14
523,0,14
467,0,14
411,4,14
351,6,14
427,0,14
311,2,14
251,0,14
347,0,14
347,0,14
635,0,14
291,8,14
283,4,14
351,2,14
475,4,14
203,0,14
487,2,14
363,0,14
575,2,14
567,2,14
403,0,14
435,8,14
403,4,14
307,0,14
211,4,14
431,2,14
515,4,14
193,2,14
411,4,14
547,0,14
283,4,14
687,2,14
379,0,14
231,2,14
339,4,14
399,2,14
487,2,14
491,4,14
281,0,14
847,2,14
551,2,14
595,4,14
447,6,14
411,8,14
515,4,14
331,0,14
535,2,14
331,0,14
343,2,14
427,4,14
135,2,14
131,8,14
275,0,14
235,4,14
435,0,14
395,4,14
563,4,14
339,4,14
391,2,14
231,2,14
143,2,14
439,2,14
527,2,14
131,0,14
263,2,14
447,2,14
99,0,14
299,0,14
315,4,14
307,8,14
143,2,14
607,6,14
335,6,14
203,0,14
135,2,14
559,2,14
363,4,14
227,8,14
243,0,14
479,2,14
459,4,14
251,4,14
595,0,14
259,4,14
227,4,14
319,2,14
303,2,14
255,6,14
495,2,14
339,0,14
395,0,14
615,2,14
219,4,14
159,2,14
347,4,14
651,4,14
183,2,14
623,2,14
455,2,14
443,0,14
611,0,14
235,0,14
279,2,14
311,2,14
379,0,14
315,0,14
571,0,14
183,2,14
379,4,14
323,4,14
407,2,14
543,2,14
479,2,14
199,2,14
235,4,14
107,4,14
259,0,14
287,2,14
283,4,14
623,2,14
431,2,14
627,0,14
351,2,14
323,4,14
231,6,14
767,2,14
79,2,14
491,4,14
203,0,14
195,8,14
331,0,14
247,2,14
151,6,14
323,0,14
131,8,14
511,6,14
411,4,14
287,2,14
571,4,14
287,2,14
343,2,14
227,0,14
415,2,14
523,4,14
471,2,14
287,2,14
359,2,14
203,4,14
491,0,14
247,2,14
499,4,14
179,0,14
551,2,14
595,4,14
595,4,14
143,2,14
443,4,14
511,2,14
263,2,14
263,2,14
191,2,14
155,0,14
459,4,14
171,4,14
287,2,14
379,4,14
47,2,14
167,2,14
187,0,14
531,0,14
287,2,14
427,0,14
427,0,14
295,2,14
99,0,14
127,2,14
407,2,14
391,6,14
795,0,14
467,4,14
387,0,14
299,0,14
695,2,14
647,2,14
367,2,14
599,2,14
299,0,14
387,4,14
159,2,14
303,2,14
675,0,14
331,4,14
155,0,14
587,0,14
199,2,14
187,0,14
347,4,14
331,0,14
523,0,14
395,0,14
419,4,14
507,0,14
219,0,14
339,0,14
151,6,14
515,4,14
355,4,14
243,0,14
435,4,14
247,2,14
215,2,14
459,4,14
323,6,14
203,6,14
391,2,14
279,2,14
567,2,14
247,2,14
347,0,14
255,2,14
363,4,14
419,0,14
391,2,14
419,0,14
659,4,14
275,4,14
391,2,14
711,2,14
267,4,14
163,0,14
391,2,14
475,4,14
711,2,14
295,2,14
703,2,14
263,2,14
407,2,14
363,0,14
163,0,14
179,4,14
207,2,14
491,4,14
495,2,14
163,0,14
487,2,14
451,4,14
179,6,14
267,0,14
479,2,14
599,2,14
339,4,14
443,0,14
575,2,14
415,2,14
283,4,14
379,0,14
263,6,14
259,6,14
371,0,14
179,8,14
195,10,14
371,0,14
195,8,14
203,4,14
355,4,14
259,8,14
403,0,14
187,10,14
475,4,14
523,0,14
127,6,14
487,2,14
351,6,14
347,4,14
487,2,14
319,2,14
155,0,14
255,2,14
211,0,14
391,2,14
575,2,14
303,6,14
219,0,14
267,6,14
699,4,14
1707,0,15
2139,0,15
1271,2,15
915,4,15
1587,0,15
1083,0,15
1719,2,15
1387,4,15
1019,4,15
1079,2,15
1331,4,15
1559,2,15
1351,6,15
1351,2,15
1183,2,15
1791,2,15
1891,4,15
1891,4,15
1979,0,15
719,6,15
1887,2,15
1783,2,15
1587,0,15
1615,2,15
2319,2,15
2115,4,15
935,6,15
2055,2,15
2003,8,15
2019,4,15
2263,2,15
1427,4,15
1135,6,15
1799,2,15
2031,2,15
2179,0,15
951,6,15
1079,2,15
1203,0,15
1707,0,15
2251,4,15
1219,0,15
799,6,15
1951,2,15
1947,0,15
643,4,15
1391,2,15
535,2,15
1971,0,15
1815,2,15
1455,2,15
679,6,15
1619,4,15
1303,2,15
1107,4,15
2023,2,15
995,4,15
1199,2,15
1475,4,15
2339,4,15
1999,2,15
2147,4,15
1803,0,15
1427,4,15
1627,0,15
1863,2,15
1575,2,15
1975,2,15
1579,0,15
2451,0,15
1335,2,15
1791,2,15
1347,4,15
2375,2,15
2443,0,15
1415,2,15
1959,6,15
1087,2,15
1719,2,15
1679,2,15
1111,6,15
1435,0,15
1299,4,15
939,4,15
1955,0,15
1263,2,15
1607,2,15
1423,2,15
1595,0,15
1599,2,15
2083,0,15
1559,6,15
1435,4,15
1243,4,15
343,2,15
2347,0,15
1819,4,15
1815,2,15
2603,0,15
1711,2,15
1507,0,15
1739,0,15
1735,2,15
2011,0,15
2063,2,15
663,6,15
1819,0,15
751,10,15
751,10,15
1351,2,15
2211,0,15
1391,2,15
903,6,15
1479,2,15
2115,4,15
2251,0,15
1739,0,15
1887,2,15
1703,2,15
807,2,15
1495,2,15
2427,4,15
1483,0,15
1891,4,15
1127,2,15
1767,2,15
1723,4,15
1363,4,15
1319,6,15
1119,2,15
1743,2,15
1423,2,15
1895,2,15
1719,2,15
2127,2,15
1467,0,15
1735,2,15
2471,2,15
1971,4,15
1095,2,15
1187,4,15
1155,0,15
2623,2,15
651,4,15
1275,0,15
1527,2,15
779,4,15
1791,2,15
699,4,15
1775,2,15
1207,2,15
1835,0,15
2059,4,15
1211,4,15
1667,4,15
2019,0,15
2167,2,15
927,6,15
1919,2,15
1619,0,15
1215,2,15
1647,2,15
1491,4,15
2123,4,15
1119,6,15
1267,0,15
1255,2,15
2219,0,15
1207,6,15
887,2,15
683,4,15
1455,2,15
703,2,15
1327,2,15
1347,4,15
1531,0,15
1351,2,15
1751,2,15
1695,2,15
1683,0,15
1087,2,15
1943,2,15
1035,0,15
1999,2,15
1771,4,15
1815,2,15
1511,6,15
1079,6,15
1639,2,15
1451,4,15
2335,2,15
1875,0,15
867,0,15
1603,4,15
1963,4,15
1819,0,15
1559,2,15
1439,2,15
1983,2,15
1959,2,15
1551,2,15
1503,6,15
1691,4,15
1539,0,15
2215,2,15
2439,2,15
1923,0,15
2855,2,15
2055,2,15
1283,0,15
1359,6,15
1671,2,15
1443,4,15
507,0,15
995,4,15
2083,0,15
1947,4,15
1795,4,15
1231,2,15
987,4,15
1207,6,15
1295,2,15
2059,4,15
1563,0,15
1551,2,15
1911,2,15
2575,6,15
1119,2,15
1823,2,15
1959,2,15
1755,4,15
2143,2,15
1807,2,15
1431,6,15
1211,4,15
2195,4,15
2531,0,15
2135,2,15
1011,4,15
1171,4,15
863,6,15
1159,6,15
1935,2,15
2239,2,15
1159,2,15
1771,4,15
1055,2,15
835,4,15
1155,4,15
1715,0,15
1815,2,15
2183,6,15
1643,4,15
1219,4,15
2131,8,15
1575,2,15
1459,0,15
1055,6,15
743,6,15
771,4,15
1335,2,15
375,2,15
1831,2,15
1607,2,15
1751,2,15
1527,2,15
1651,4,15
1079,2,15
1867,0,15
1335,2,15
975,2,15
1151,2,15
2279,2,15
1571,0,15
1335,2,15
951,6,15
1155,4,15
3039,2,15
1523,0,15
1771,0,15
1843,0,15
1371,0,15
1911,2,15
1599,2,15
2007,2,15
2283,0,15
2499,0,15
2943,2,15
2679,2,15
1739,0,15
1999,2,15
1527,2,15
1843,4,15
2383,2,15
1995,0,15
2043,0,15
1903,2,15
2503,2,15
2323,0,15
1659,4,15
1887,2,15
1699,4,15
2883,0,15
839,2,15
903,6,15
1831,2,15
519,6,15
1079,2,15
1363,4,15
1571,4,15
2063,2,15
1887,2,15
931,0,15
1415,2,15
2095,2,15
1707,0,15
1683,0,15
2003,0,15
2103,2,15
2051,4,15
2351,2,15
1659,4,15
1323,4,15
1395,0,15
1275,4,15
1187,0,15
1007,2,15
1167,2,15
1771,4,15
1495,2,15
2167,2,15
1519,2,15
1459,4,15
2143,2,15
2055,2,15
2255,2,15
2399,6,15
1951,2,15
1623,2,15
2203,4,15
1315,0,15
1279,2,15
2179,0,15
1411,0,15
2263,2,15
1635,4,15
2439,2,15
2195,0,15
1503,2,15
1279,2,15
1719,2,15
1135,2,15
1739,0,15
1475,0,15
1031,2,15
943,2,15
951,2,15
2143,2,15
1907,4,15
2003,4,15
1431,2,15
1459,0,15
1675,0,15
1075,0,15
2191,6,15
1051,0,15
1251,0,15
1387,4,15
1967,2,15
1191,6,15
1799,2,15
1247,2,15
675,4,15
1975,2,15
1207,10,15
1987,4,15
2307,0,15
2351,2,15
1551,2,15
2391,2,15
2419,0,15
1107,8,15
1151,2,15
1447,2,15
1327,2,15
1127,6,15
1387,4,15
2415,2,15
1203,0,15
3399,2,15
2119,2,15
1855,2,15
1975,2,15
1723,0,15
2875,0,15
1195,4,15
1719,2,15
1447,6,15
2435,0,15
1031,2,15
1631,2,15
2307,0,15
2175,2,15
2783,2,15
1331,0,15
1807,2,15
2075,0,15
1811,4,15
1807,2,15
2267,4,15
2011,0,15
1571,0,15
2623,2,15
2919,2,15
1071,6,15
1807,2,15
1103,6,15
2483,0,15
1739,4,15
1179,0,15
3507,0,15
1379,0,15
1727,2,15
1267,0,15
1323,4,15
2323,0,15
2247,2,15
1771,0,15
2519,2,15
2203,0,15
1163,4,15
1383,2,15
1087,6,15
867,4,15
1787,4,15
1979,4,15
1323,4,15
2771,0,15
2219,0,15
2091,0,15
747,0,15
1031,2,15
923,8,15
1867,0,15
1439,6,15
1683,4,15
1579,0,15
1867,0,15
2511,2,15
2291,4,15
1199,2,15
1599,2,15
1331,0,15
2003,4,15
883,0,15
1155,0,15
1703,6,15
1091,4,15
1731,4,15
2303,2,15
2519,2,15
2299,0,15
1607,2,15
1659,0,15
1091,4,15
1103,2,15
2399,2,15
2267,4,15
2127,2,15
1827,0,15
1635,0,15
643,4,15
2211,4,15
2071,6,15
3251,0,15
1139,4,15
1231,2,15
1783,6,15
1407,6,15
2395,0,15
967,2,15
1191,2,15
1599,2,15
1603,0,15
875,4,15
987,0,15
1311,2,15
1307,4,15
1675,0,15
835,0,15
2271,2,15
31,14,15
627,0,15
855,2,15
859,0,15
779,0,15
891,0,15
619,0,15
503,2,15
551,2,15
667,4,15
627,4,15
927,2,15
779,0,15
495,6,15
603,0,15
271,6,15
595,0,15
455,2,15
307,0,15
427,0,15
279,2,15
187,4,15
531,4,15
691,0,15
843,4,15
463,2,15
715,0,15
555,0,15
355,4,15
883,0,15
255,2,15
447,2,15
619,4,15
751,2,15
567,2,15
443,4,15
531,4,15
1083,0,15
459,4,15
439,2,15
507,0,15
543,2,15
751,2,15
483,6,15
491,4,15
375,2,15
345,2,15
351,2,15
323,0,15
1059,0,15
459,0,15
231,2,15
183,2,15
51,0,15
575,2,15
627,0,15
519,2,15
591,2,15
535,2,15
319,2,15
751,2,15
459,8,15
179,0,15
287,2,15
667,4,15
659,4,15
667,4,15
755,4,15
1011,0,15
579,0,15
787,0,15
247,2,15
203,0,15
547,4,15
955,4,15
511,2,15
555,0,15
559,2,15
459,0,15
387,4,15
399,6,15
555,0,15
427,0,15
687,6,15
455,2,15
1179,4,15
843,4,15
847,2,15
383,6,15
719,2,15
487,2,15
651,0,15
927,2,15
551,2,15
863,6,15
1067,0,15
1075,4,15
523,0,15
231,2,15
351,2,15
1027,0,15
791,2,15
1239,2,15
1127,6,15
1191,2,15
963,4,15
691,4,15
627,6,15
755,4,15
391,2,15
367,2,15
483,0,15
723,0,15
271,2,15
983,2,15
467,4,15
599,2,15
751,2,15
819,4,15
527,2,15
511,6,15
555,6,15
419,4,15
483,8,15
623,2,15
939,0,15
671,2,15
471,2,15
939,0,15
959,2,15
479,2,15
919,2,15
247,2,15
427,0,15
247,2,15
259,4,15
403,4,15
615,2,15
331,0,15
943,2,15
475,0,15
543,2,15
751,2,15
659,4,15
315,0,15
843,0,15
915,0,15
727,2,15
443,0,15
311,6,15
471,2,15
279,2,15
239,6,15
415,2,15
831,2,15
431,2,15
251,0,15
223,2,15
539,4,15
491,4,15
1207,2,15
1075,4,15
595,8,15
967,2,15
799,6,15
359,2,15
707,4,15
835,0,15
371,4,15
611,0,15
819,4,15
211,0,15
275,0,15
367,6,15
163,4,15
395,6,15
339,0,15
187,0,15
291,0,15
291,0,15
415,2,15
359,2,15
919,2,15
127,2,15
615,2,15
235,4,15
451,8,15
351,6,15
427,0,15
327,2,15
1135,2,15
675,0,15
123,8,15
1067,4,15
403,0,15
335,2,15
815,2,15
495,2,15
487,2,15
391,2,15
459,6,15
951,2,15
687,2,15
883,0,15
467,0,15
703,2,15
167,2,15
683,4,15
543,2,15
305,4,15
639,2,15
239,2,15
575,2,15
263,2,15
579,0,15
359,2,15
195,0,15
123,6,15
851,0,15
491,0,15
523,4,15
663,2,15
267,0,15
979,0,15
491,0,15
167,2,15
431,2,15
871,2,15
583,2,15
379,4,15
447,2,15
491,0,15
459,8,15
627,6,15
851,0,15
351,2,15
611,0,15
579,0,15
507,0,15
659,0,15
719,2,15
431,2,15
879,2,15
419,4,15
599,2,15
715,0,15
703,2,15
727,2,15
339,0,15
699,4,15
427,0,15
367,6,15
851,4,15
527,2,15
395,0,15
703,2,15
227,0,15
923,4,15
567,6,15
