12,2,3
0,0,4
60,4,5
180,2,5
84,0,6
252,2,6
0,0,6
168,6,7
864,2,7
720,4,7
2112,2,7
1344,4,7
1728,2,7
156,0,7
540,0,8
996,4,8
0,0,8
1044,2,8
1548,4,8
2484,2,8
792,2,8
432,0,8
0,0,8
1308,2,8
4224,2,8
0,0,8
504,0,8
6840,2,8
12012,4,8
2772,2,8
0,0,8
0,0,8
240,6,8
96,0,8
708,2,8
360,8,9
2640,2,9
1836,6,9
3216,4,9
9180,2,9
3552,6,9
7776,4,9
5184,2,9
5880,6,9
10296,4,9
6168,4,9
12348,2,9
14976,4,9
3312,0,9
17772,2,9
7704,6,9
5280,2,9
21564,4,9
2412,0,9
8784,4,9
23976,2,9
6444,2,9
31692,4,9
1536,0,9
26724,2,9
9516,2,9
948,0,9
10932,2,9
11172,2,9
660,0,9
16968,2,9
19008,2,9
1236,0,9
3372,0,9
15120,2,9
6108,4,9
2700,0,9
64056,4,9
46056,2,9
43188,2,9
7428,0,9
168,2,9
1152,4,9
204,0,9
4128,2,9
252,0,9
2232,2,9
5724,2,9
4224,4,9
1872,0,10
2448,6,10
2052,0,10
2460,2,10
2676,4,10
8304,4,10
21132,2,10
3912,4,10
2352,2,10
5808,0,10
13248,2,10
5556,2,10
10008,0,10
21876,4,10
4368,2,10
16776,2,10
0,0,10
28260,2,10
8736,2,10
10224,2,10
13608,4,10
1860,0,10
12684,2,10
40284,2,10
29100,4,10
2904,0,10
22476,2,10
6912,0,10
25428,2,10
83268,2,10
2604,0,10
5808,0,10
0,0,10
2952,0,10
8568,0,10
39408,2,10
0,0,10
53568,2,10
23412,4,10
27312,2,10
36744,2,10
5844,0,10
0,0,10
52680,2,10
0,0,10
4272,6,10
4596,4,10
804,0,10
22944,6,10
16380,4,10
21456,2,10
12108,2,10
150540,4,10
5088,2,10
91272,4,10
30108,4,10
35400,2,10
19236,0,10
43188,2,10
7692,0,10
4860,4,10
4572,4,10
69336,4,10
4500,2,10
17172,2,10
45744,6,10
69000,2,10
10236,0,10
95628,2,10
31080,2,10
1896,0,10
40920,4,10
75192,2,10
64800,2,10
4032,0,10
20580,4,10
14772,2,10
58596,4,10
0,0,10
37728,6,10
0,0,10
5952,2,10
42132,2,10
49836,2,10
9660,4,10
4404,0,10
5220,0,10
0,0,10
135564,2,10
3780,0,10
1440,0,10
86676,4,10
17364,2,10
8700,2,10
59424,2,10
20148,0,10
189240,2,10
62724,4,10
0,0,10
12072,4,10
237396,4,10
3540,0,10
31080,2,10
1212,0,10
81384,2,10
9504,2,10
6708,0,10
14592,2,10
0,0,10
59244,2,10
51696,4,10
12240,2,10
115836,2,10
5820,0,10
0,0,10
16260,2,10
97104,2,10
0,0,10
6276,0,10
468084,4,10
137184,2,10
10176,0,10
0,0,10
600,8,10
276,2,10
1020,2,10
3732,4,10
3552,6,10
636,0,10
912,0,10
7248,2,10
108,0,10
1992,2,10
4116,6,10
648,0,10
780,2,10
1536,0,10
5184,2,10
2208,6,10
192,0,10
660,0,10
2532,6,10
1548,2,10
10920,2,10
432,2,10
2064,0,10
2856,2,10
2820,2,10
8976,4,10
3096,4,10
7248,2,10
6048,6,10
672,0,10
6960,4,10
1080,0,10
3540,2,10
14352,4,10
276,0,10
3420,2,10
2616,4,10
900,4,10
7296,2,10
12612,2,10
2736,0,10
18324,2,10
196632,2,11
337224,4,11
51912,2,11
9324,0,11
24648,0,11
233376,2,11
21372,2,11
16512,0,11
19776,4,11
108540,2,11
8520,0,11
97536,2,11
22752,0,11
6132,0,11
30492,2,11
14064,0,11
254256,2,11
152892,2,11
107220,2,11
169908,4,11
124980,2,11
40128,4,11
104016,2,11
10524,0,11
107220,2,11
10500,0,11
347088,2,11
12024,0,11
116916,2,11
7044,0,11
242772,4,11
209052,2,11
21012,2,11
46212,2,11
9912,0,11
10308,0,11
13524,0,11
12480,0,11
18960,0,11
31332,4,11
148488,2,11
159060,2,11
368112,6,11
9456,0,11
132276,2,11
38844,2,11
9456,0,11
225552,4,11
122520,4,11
184152,2,11
215268,2,11
28632,0,11
53928,4,11
296736,2,11
9600,2,11
10632,0,11
20916,2,11
10380,0,11
9324,2,11
81276,4,11
337380,2,11
15804,6,11
106680,4,11
130548,4,11
74772,2,11
38388,2,11
18588,0,11
29076,2,11
20016,0,11
349308,2,11
126084,2,11
19428,0,11
13644,0,11
22956,4,11
47844,2,11
7212,0,11
254724,2,11
169680,2,11
82644,2,11
11712,0,11
52680,2,11
18564,2,11
65208,4,11
12612,0,11
133716,2,11
19152,2,11
6504,0,11
2736,0,11
153444,2,11
49596,2,11
5664,0,11
32328,2,11
9288,0,11
133008,6,11
160884,4,11
16848,0,11
23640,2,11
9108,0,11
65736,2,11
388416,4,11
464376,2,11
87984,2,11
49584,0,11
10932,0,11
144480,4,11
10224,0,11
104508,2,11
23316,2,11
14160,0,11
9012,0,11
83088,2,11
13464,0,11
68112,4,11
289212,2,11
17124,0,11
344328,4,11
265560,4,11
56748,2,11
40212,0,11
193020,4,11
237408,2,11
229728,2,11
693444,4,11
468876,6,11
225480,2,11
7680,0,11
116712,4,11
38676,0,11
69012,4,11
193704,2,11
52260,2,11
243744,2,11
151932,2,11
128568,2,11
34176,0,11
545496,2,11
105024,2,11
32064,0,11
16488,2,11
25788,4,11
78840,2,11
21804,6,11
93000,4,11
56988,4,11
202860,2,11
46536,2,11
97848,2,11
462288,2,11
204264,2,11
320616,4,11
62208,2,11
14520,0,11
12660,0,11
64836,2,11
460752,2,11
18972,2,11
63228,2,11
46644,2,11
191028,2,11
17112,0,11
18372,4,11
131628,2,11
43020,2,11
16644,0,11
8220,0,11
42624,2,11
24852,0,11
25260,0,11
14844,0,11
21396,0,11
180624,2,11
268392,2,11
259092,2,11
13548,2,11
14652,0,11
30792,2,11
39624,4,11
221340,2,11
16848,4,11
4764,0,11
84000,2,11
27492,4,11
162024,2,11
17400,2,11
10668,0,11
83496,6,11
5256,0,11
21840,2,11
7152,0,11
6828,0,11
54840,6,11
361512,4,11
80148,2,11
35436,4,11
17964,0,11
97824,2,11
275856,2,11
124536,2,11
79320,2,11
252684,4,11
16464,0,11
125664,2,11
19812,6,11
150132,4,11
57576,2,11
86220,4,11
169020,4,11
42048,0,11
7740,0,11
112608,2,11
529596,4,11
410256,4,11
33132,0,11
100344,4,11
81408,2,11
79848,2,11
311472,2,11
239460,2,11
82248,4,11
15072,2,11
18876,0,11
26040,6,11
97308,4,11
19572,4,11
75060,2,11
334212,6,11
19224,0,11
118548,2,11
44976,2,11
20916,2,11
51012,2,11
8880,0,11
7884,8,11
40596,6,11
101364,6,11
300252,4,11
99000,4,11
264756,2,11
22980,8,11
84048,6,11
16812,6,11
126120,4,11
391404,6,11
47016,6,11
25452,4,11
6300,2,11
156180,2,11
39552,0,11
27456,4,11
10524,0,11
57900,2,11
10548,0,11
57900,2,11
102684,2,11
53400,0,11
3288,0,11
27396,2,11
30840,6,11
38580,4,11
97584,4,11
122340,2,11
38604,8,11
61524,2,11
14232,0,11
16128,0,11
242100,2,11
79092,2,11
103320,2,11
20652,0,11
469536,2,11
22668,0,11
361644,2,11
14760,0,11
260460,4,11
610668,4,11
78672,2,11
81564,0,11
45552,2,11
35136,0,11
108204,2,11
60120,2,11
286200,2,11
164364,2,11
21912,0,11
90528,2,11
8964,0,11
10560,0,11
9816,0,11
24204,0,11
134340,6,11
880464,4,11
34128,4,11
183180,2,11
154932,4,11
451704,2,11
585348,2,11
236820,6,11
368472,4,11
8268,0,11
309192,2,11
195000,4,11
25128,0,11
187008,4,11
69420,2,11
50256,4,11
53292,2,11
32784,6,11
111504,4,11
39876,4,11
167904,2,11
138312,2,11
50016,0,11
152544,2,11
12408,0,11
10728,0,11
34356,0,11
273768,6,11
159828,6,11
518376,4,11
215016,4,11
370308,2,11
33540,2,11
343944,2,11
171096,2,11
25296,0,11
699384,2,11
468912,4,11
1295124,4,11
27900,4,11
149616,2,11
12828,0,11
27720,0,11
16992,8,11
44352,6,11
32556,6,11
252468,4,11
34524,8,11
26496,6,11
62208,6,11
79956,4,11
9240,4,11
26496,2,11
273084,4,11
251292,2,11
30768,4,11
134340,2,11
142500,4,11
458580,2,11
29592,0,11
39288,0,11
188652,2,11
192420,6,11
447552,4,11
15564,8,11
64680,6,11
91524,6,11
7488,6,11
46728,4,11
60972,4,11
112092,4,11
53940,2,11
37908,2,11
3756,8,11
23100,6,11
169992,4,11
660,10,11
8988,2,11
20484,4,11
13260,2,11
4668,0,11
32856,2,11
900,0,11
30432,2,11
21432,4,11
20292,4,11
49116,4,11
18072,2,11
312,0,11
2016,6,11
14376,4,11
3276,2,11
14868,4,11
41520,2,11
1968,0,11
588,4,11
3012,2,11
1968,0,11
16968,2,11
3828,4,11
1176,2,11
8172,2,11
3384,0,11
2736,6,11
912,0,11
32376,2,11
8388,4,11
3216,2,11
1896,0,11
13284,2,11
144,0,11
91548,4,11
9108,2,11
1080,0,11
180,2,11
948,0,11
32352,2,11
8880,4,11
48,0,11
91524,4,11
9108,2,11
1020,0,11
32352,2,11
8904,4,11
1560,0,11
384,0,11
1296,0,11
2268,0,11
17136,2,11
2592,0,11
6216,2,11
2196,0,11
4596,2,11
7020,6,11
3036,2,11
24480,4,11
1728,2,11
4944,4,11
1152,0,11
21084,2,11
5436,4,11
1956,0,11
42804,2,11
432,0,11
60504,2,11
13368,4,11
468,4,11
10308,2,11
64524,4,11
216,0,11
216,0,11
10308,2,11
4212,4,11
35232,6,11
4212,4,11
1368,2,11
9972,2,11
3504,6,11
864,2,11
2724,0,11
14292,2,11
4680,0,11
2376,0,11
8412,2,11
3420,6,11
36960,4,11
14124,4,11
14412,2,11
936,2,11
15204,6,11
2796,0,11
6552,4,11
1032,2,11
288,0,11
6108,0,11
14112,2,11
8076,0,11
10020,2,11
132,2,11
42996,4,11
12864,6,11
63228,4,11
2004,2,11
2928,4,11
67548,4,11
29088,4,11
3276,0,11
3048,2,11
16416,2,11
22368,2,11
3012,0,11
3924,0,11
288,0,11
6816,2,11
2904,4,11
3024,0,11
3528,2,11
12636,4,11
5592,2,11
14928,0,11
20064,2,11
24024,2,11
20628,6,11
13728,2,11
6300,2,11
8592,2,11
2652,0,11
33216,2,11
996,0,11
13920,4,11
29292,2,11
492,4,11
24456,6,11
26688,4,11
576,2,11
420,0,11
46572,2,11
1920,0,11
4356,0,11
456,0,11
47292,4,11
2340,0,11
39540,2,11
13512,4,11
8400,2,11
7320,4,11
28596,2,11
2556,2,11
2652,2,11
1728,0,11
52680,2,11
14364,2,11
3696,0,11
4080,0,11
7248,4,11
49692,2,11
30432,2,11
18168,2,11
54120,2,11
12264,4,11
3840,0,11
5448,2,11
33300,2,11
43836,2,11
11760,6,11
79020,2,11
92472,4,11
2940,0,11
16512,4,11
124212,4,11
31956,4,11
26520,2,11
11808,2,11
82032,2,11
2472,0,11
23448,6,11
27648,4,11
4056,0,11
14040,4,11
45252,2,11
180888,4,11
28176,0,12
243900,4,12
29604,0,12
29628,0,12
25872,0,12
1105020,4,12
104700,0,12
21060,0,12
55188,0,12
701712,4,12
171708,6,12
131580,2,12
367056,2,12
1217796,6,12
166740,2,12
102204,2,12
625728,6,12
7104,0,12
185988,2,12
1708080,4,12
1257540,2,12
1070796,4,12
1032240,2,12
61428,0,12
494568,2,12
674676,4,12
16308,0,12
1186104,2,12
319740,2,12
453024,2,12
33240,0,12
453024,2,12
58656,0,12
58656,0,12
379428,2,12
391536,4,12
51336,8,12
632124,4,12
105612,2,12
238044,2,12
1364208,2,12
113892,4,12
167928,2,12
190848,2,12
66960,0,12
17028,0,12
159972,2,12
1394808,2,12
873072,2,12
511152,2,12
174504,0,12
123768,6,12
960684,4,12
170220,2,12
607128,2,12
123336,4,12
83808,0,12
1226520,4,12
266532,2,12
1187580,2,12
86196,0,12
507444,2,12
115044,4,12
1163376,2,12
16644,0,12
332388,2,12
69888,0,12
365796,6,12
79080,2,12
226404,2,12
396360,2,12
323016,2,12
625680,2,12
41880,0,12
1620528,6,12
1373532,6,12
109680,4,12
454500,2,12
100596,0,12
25056,0,12
360900,2,12
783552,4,12
850896,2,12
1574916,2,12
808980,2,12
2676,0,12
870468,2,12
549588,4,12
107892,0,12
906024,2,12
23508,0,12
1620420,4,12
1620792,2,12
224052,6,12
614988,2,12
39036,0,12
259764,0,12
65100,0,12
128508,8,12
556068,6,12
172188,6,12
46356,4,12
359628,2,12
411444,2,12
437028,4,12
2711724,4,12
568320,2,12
1668276,4,12
413628,2,12
865584,2,12
728748,2,12
2367624,2,12
147588,6,12
885828,2,12
1046832,2,12
321744,2,12
13176,4,12
119592,2,12
22728,0,12
0,0,12
41292,0,12
422496,2,12
3037656,6,12
243000,2,12
0,0,12
61188,0,12
115440,4,12
706140,2,12
219060,2,12
0,0,12
354228,2,12
35364,0,12
30552,0,12
21984,0,12
35172,0,12
376416,2,12
100212,2,12
238440,2,12
0,0,12
100056,6,12
52260,0,12
335316,2,12
142200,4,12
337752,4,12
645900,2,12
153360,2,12
1362768,2,12
107688,4,12
285864,2,12
40380,0,12
257880,2,12
280200,4,12
189960,0,12
351036,4,12
394740,2,12
467568,4,12
904260,2,12
928692,4,12
641124,2,12
196368,4,12
804012,2,12
480108,4,12
129456,0,12
477516,4,12
263664,4,12
1270536,2,12
435660,2,12
103680,2,12
100872,8,12
817596,6,12
106968,4,12
60084,0,12
16488,4,12
24600,0,12
104664,2,12
129780,0,12
1048104,6,12
220788,6,12
209856,4,12
1314780,4,12
28860,0,12
77280,2,12
204360,2,12
145452,2,12
138996,2,12
298176,4,12
148968,4,12
633816,2,12
109716,0,12
1313436,2,12
60612,2,12
31812,0,12
859080,2,12
2232684,4,12
430596,2,12
129480,2,12
95448,4,12
1151652,4,12
1213956,2,12
301704,4,12
65376,0,12
133392,4,12
1009524,2,12
248676,2,12
1292724,2,12
532824,2,12
1559604,2,12
26052,0,12
369780,2,12
297864,2,12
62016,2,12
59616,2,12
207072,2,12
783684,2,12
72072,0,12
215724,2,12
69528,2,12
73848,2,12
241968,4,12
195156,2,12
95820,0,12
21708,0,12
195540,2,12
380844,2,12
80028,0,12
163764,2,12
557868,4,12
201492,2,12
328572,4,12
102348,2,12
0,0,12
94296,6,12
57852,0,12
5796,2,12
6900,0,12
94056,6,12
39828,2,12
94008,2,12
34260,0,12
139368,0,12
138696,2,12
3085980,2,12
7524,2,12
1084356,2,12
956676,2,12
427416,2,12
0,0,12
1138416,2,12
81516,2,12
157380,0,12
145140,0,12
429036,2,12
111588,2,12
71664,0,12
0,0,12
425448,4,12
100956,2,12
1614012,2,12
2465784,2,12
29676,2,12
18756,0,12
585516,2,12
179964,0,12
452340,2,12
869292,4,12
230016,2,12
323196,4,12
0,0,12
16296,0,12
55200,0,12
2397048,4,12
45672,4,12
226860,0,12
703728,4,12
1648308,4,12
134208,0,12
443424,4,12
64680,4,12
459564,2,12
0,0,12
1321068,6,12
3364896,4,12
48864,4,12
1452000,2,12
2321004,2,12
2140572,2,12
40848,2,12
60636,0,12
8040,2,12
41004,2,12
27504,4,12
73536,2,12
77148,0,12
453168,6,12
1110564,4,12
126288,2,12
711552,4,12
215232,4,12
1097472,2,12
23184,2,12
184152,0,12
32676,4,12
425256,2,12
248244,0,12
389160,2,12
325836,0,12
96480,2,12
415764,2,12
38736,0,12
1766628,2,12
750564,2,12
25080,0,12
307296,4,12
167472,4,12
670272,2,12
44556,0,12
500016,2,12
49044,2,12
884808,2,12
4714860,4,12
749184,2,12
388764,2,12
320616,2,12
38544,6,12
111540,0,12
0,0,12
25200,4,12
51756,2,12
47028,0,12
29460,2,12
167868,2,12
173196,4,12
119304,4,12
263208,2,12
9600,0,12
0,0,12
28200,2,12
13200,0,12
14040,0,12
221544,2,12
16068,0,12
40512,2,12
145932,2,12
694548,2,12
2304816,2,12
836940,2,12
91920,2,12
139080,0,12
798180,2,12
132612,2,12
82800,2,12
91824,2,12
34632,4,12
18840,2,12
30420,6,12
51708,2,12
0,0,12
28116,2,12
52896,2,12
28068,0,12
0,0,12
9216,0,12
113100,2,12
18924,4,12
47724,2,12
88752,0,12
44712,4,12
233040,2,12
12408,6,12
20364,0,12
23688,2,12
0,0,12
11088,0,12
236532,2,12
0,0,12
81444,4,12
44484,2,12
5028,0,12
50196,2,12
54600,2,12
34356,2,12
185052,4,12
0,0,12
87192,0,12
0,0,12
0,0,12
11640,0,12
9384,4,12
36612,2,12
0,0,12
2280,0,12
10872,2,12
0,0,12
7968,0,12
31128,2,12
25548,2,12
22212,2,12
4680,0,12
304152,2,12
25716,2,12
27000,2,12
22824,4,12
4512,2,12
6744,0,12
7284,0,12
53784,4,12
10500,4,12
28272,2,12
1116,4,12
56724,4,12
5424,0,12
5832,0,12
55476,2,12
45720,2,12
4188,0,12
27624,6,12
33216,2,12
11136,8,12
3648,0,12
63336,2,12
12360,6,12
3384,2,12
44880,2,12
2016,0,12
2016,0,12
25188,4,12
55116,2,12
68544,4,12
648,0,12
15060,0,12
2340,2,12
6936,2,12
3396,4,12
2844,2,12
7188,2,12
43788,6,12
30852,2,12
30492,4,12
2208,0,12
27168,0,12
201720,2,12
21144,2,12
1476,0,12
97332,2,12
6708,0,12
3216,4,12
31008,2,12
7560,0,12
71160,2,12
4092,4,12
182904,2,12
4488,2,12
147888,2,12
2832,2,12
0,0,12
113496,2,12
12876,0,12
56436,4,12
4272,2,12
83460,2,12
70608,2,12
70608,2,12
24984,4,12
3024,0,12
10824,6,12
9504,2,12
1140,0,12
372,2,12
6336,2,12
88668,4,12
33084,4,12
29568,2,12
12060,2,12
6804,0,12
672,2,12
162876,4,12
3696,0,12
37440,8,12
7752,0,12
17580,0,12
3072,0,12
3084,0,12
2688,4,12
107436,2,12
2064,2,12
69324,4,12
17496,0,12
11136,2,12
148932,2,12
25872,2,12
1068,0,12
103032,2,12
18264,4,12
23328,6,12
11220,6,12
35244,6,12
21780,0,12
20736,0,12
1752,2,12
16896,4,12
6804,6,12
62136,4,12
7116,6,12
72,0,12
2448,4,12
11280,2,12
5796,0,12
1044,4,12
6348,0,12
184896,4,12
14760,2,12
2340,0,12
1488,2,12
356484,4,12
16476,0,12
5760,2,12
148776,6,12
13992,2,12
2112,0,12
29196,0,12
60408,4,12
25272,2,12
0,0,12
5820,0,12
924,2,12
30024,2,12
11436,2,12
35472,6,12
7440,0,12
21180,2,12
6900,2,12
900,0,12
3216,0,12
412740,4,12
7920,0,12
7764,2,12
55476,2,12
6720,2,12
90900,4,12
122244,4,12
6468,0,12
145488,6,12
300,2,12
1284,0,12
40992,0,12
53940,4,12
179556,2,12
5940,0,12
18792,0,12
7344,0,12
214596,2,12
151452,2,12
76488,4,12
3540,2,12
125592,4,12
57816,0,12
1512,2,12
4752,2,12
12684,4,12
12036,0,12
30348,2,12
87936,2,12
24420,2,12
43608,2,12
9948,0,12
62160,2,12
6492,4,12
1416,2,12
3432,8,12
34800,6,12
9516,8,12
2388,2,12
11304,0,12
8064,0,12
13740,0,12
9600,6,12
87408,2,12
36876,6,12
7056,0,12
15384,0,12
7092,0,12
228360,4,12
5856,6,12
11736,4,12
21228,4,12
69528,2,12
53784,2,12
29784,2,12
118644,2,12
6144,2,12
2004,2,12
101088,2,12
3072,0,12
8844,2,12
8424,4,12
2112,0,12
105708,2,12
25476,0,12
14424,0,12
51516,2,12
258660,0,13
1190400,2,13
1234908,2,13
71364,0,13
2921052,4,13
53964,0,13
299808,0,13
501060,6,13
857052,2,13
1331124,4,13
534396,0,13
5175000,2,13
1265520,2,13
5175000,2,13
71388,0,13
867696,6,13
508728,4,13
80364,0,13
921264,4,13
1893912,2,13
861720,2,13
2427516,2,13
2312160,4,13
2656956,2,13
3747192,4,13
919704,2,13
210756,0,13
68688,4,13
401436,2,13
286284,4,13
1773936,2,13
547920,2,13
2540808,2,13
258924,0,13
176220,2,13
57768,0,13
1142112,4,13
607644,4,13
89808,0,13
69888,0,13
537588,2,13
493908,2,13
254652,2,13
2741856,4,13
3926796,2,13
5803884,6,13
2704800,4,13
2704800,4,13
1764888,2,13
75672,0,13
711276,2,13
39876,0,13
39876,0,13
130152,0,13
2506968,2,13
1838904,2,13
4079340,4,13
649224,4,13
1081368,2,13
127572,0,13
122424,0,13
247728,0,13
410052,0,13
841800,2,13
377928,2,13
41412,0,13
3438864,4,13
7783200,6,13
487968,6,13
198384,0,13
93120,0,13
66972,0,13
180420,0,13
436140,2,13
4650120,4,13
2324028,4,13
166512,0,13
546012,2,13
40080,0,13
275292,2,13
890292,2,13
213276,2,13
5520408,4,13
151464,0,13
1840872,2,13
4117248,2,13
323304,4,13
61896,4,13
76500,2,13
74436,0,13
641004,2,13
52404,0,13
56148,2,13
2648940,4,13
885480,4,13
153408,0,13
6707340,4,13
1680636,2,13
2285172,2,13
4248552,4,13
607500,2,13
1119720,2,13
1223952,4,13
2167488,4,13
1846464,4,13
441024,0,13
5857452,2,13
5857452,2,13
656712,4,13
213264,2,13
98496,4,13
503028,0,13
85896,0,13
367080,2,13
87432,2,13
8592,0,13
192036,2,13
684192,4,13
1472652,2,13
770472,2,13
223104,0,13
6740052,4,13
495900,2,13
55020,0,13
550764,0,13
648324,4,13
911832,2,13
4164804,2,13
5870652,2,13
2635488,2,13
1919832,4,13
265416,0,13
3745860,2,13
1279212,2,13
4091580,4,13
53040,0,13
87576,0,13
144156,2,13
309516,4,13
25128,0,13
2870388,2,13
4011768,2,13
1470984,2,13
2371596,2,13
1441884,4,13
2736504,2,13
820728,0,13
283596,0,13
864924,6,13
719316,2,13
7512324,4,13
3674844,4,13
5936712,2,13
125316,4,13
743352,0,13
768420,2,13
898524,2,13
117612,0,13
2893788,4,13
848220,2,13
564720,0,13
1670280,2,13
224400,4,13
1716972,4,13
352728,6,13
83544,0,13
104892,0,13
3332208,2,13
7745220,2,13
194652,2,13
1188288,2,13
71568,0,13
1409364,2,13
150384,0,13
4265484,2,13
51228,0,13
860640,4,13
607884,2,13
317604,2,13
145536,0,13
195336,2,13
87612,0,13
89844,2,13
418440,0,13
1087236,4,13
1262808,4,13
632928,0,13
172944,0,13
152748,0,13
1322244,2,13
40632,0,13
6620808,4,13
47736,0,13
98100,0,13
281640,0,13
2304072,2,13
501180,0,13
2021724,2,13
483216,4,13
669840,4,13
2558808,2,13
329232,2,13
128856,0,13
160608,2,13
2616288,2,13
1073388,2,13
1309368,2,13
2524416,2,13
340008,2,13
169260,0,13
3135768,6,13
229368,4,13
22992,0,13
60600,2,13
293424,2,13
47220,0,13
620676,2,13
605364,2,13
291816,2,13
55512,2,13
118728,0,13
191964,0,13
1151172,2,13
99756,0,13
51060,0,13
426912,4,13
25704,0,13
1557276,2,13
352680,2,13
183648,0,13
129360,2,13
1278732,2,13
201372,2,13
478644,4,13
1288188,4,13
5943720,6,13
995064,2,13
668460,0,13
9426072,4,13
170040,0,13
5675148,2,13
338436,0,13
2218056,4,13
102792,0,13
723996,0,13
2594004,4,13
2318556,2,13
2916468,2,13
114876,0,13
152100,0,13
395208,4,13
216384,4,13
396912,0,13
3143172,2,13
73716,0,13
66720,0,13
333216,2,13
126564,0,13
231516,2,13
183324,0,13
550296,2,13
96528,2,13
177828,2,13
351180,2,13
582228,2,13
269568,2,13
76584,0,13
1748088,2,13
2390280,2,13
230988,0,13
218496,0,13
2659140,2,13
2062068,2,13
1261728,4,13
1426644,2,13
52188,2,13
1959648,2,13
3585924,4,13
203256,2,13
7490856,4,13
6640620,4,13
231564,2,13
1654524,2,13
3327528,2,13
1294236,2,13
263040,0,13
418536,6,13
2753712,4,13
145224,0,13
251760,4,13
1385376,6,13
1714284,2,13
658416,6,13
26988,8,13
181704,6,13
1462536,4,13
118884,2,13
396456,4,13
501120,2,13
5127168,2,13
14279184,6,13
179712,4,13
89844,0,13
340560,2,13
275268,0,13
142764,0,13
1818048,6,13
2920980,2,13
183336,4,13
176112,2,13
177612,6,13
1498608,4,13
274740,2,13
424692,0,13
2782908,2,13
8643312,6,13
5685720,4,13
422292,0,13
13344,0,13
83544,0,13
109236,4,13
215424,0,13
1613112,2,13
235104,0,13
595512,6,13
1614924,4,13
569808,4,13
2396544,6,13
15512040,6,13
1410828,6,13
758388,6,13
181056,6,13
342264,4,13
2625852,2,13
14880,0,13
315120,2,13
431328,4,13
20136,0,13
88608,6,13
63924,2,13
14412,0,13
192924,4,13
150912,2,13
518868,2,13
1073820,4,13
338604,6,13
1159152,4,13
26784,0,13
442176,0,13
66948,0,13
359292,2,13
463068,0,13
43488,0,13
159084,2,13
861984,2,13
599544,2,13
776592,2,13
44676,2,13
14952,0,13
385368,2,13
1308264,2,13
128244,4,13
125604,0,13
578832,2,13
18876,0,13
728808,2,13
3105984,2,13
124596,0,13
5880276,4,13
237996,0,13
1286148,2,13
527148,2,13
866016,2,13
167820,2,13
1786500,4,13
492276,2,13
76716,0,13
2968548,2,13
811476,2,13
1367688,2,13
1656936,2,13
550812,0,13
131664,4,13
728976,2,13
1254444,2,13
251940,0,13
157032,4,13
1072068,2,13
110508,0,13
664320,2,13
60456,0,13
820068,2,13
173628,0,13
1794120,2,13
3557904,2,13
934596,2,13
2244480,6,13
469068,0,13
30768,0,13
2366472,4,13
991620,4,13
47052,0,13
567792,0,13
504072,2,13
98280,0,13
2555448,2,13
3271548,2,13
225972,2,13
4295136,2,13
299748,2,13
1855440,2,13
274812,0,13
357000,2,13
1255836,2,13
481632,0,13
293736,4,13
4900944,2,13
132864,0,13
1735452,2,13
221388,2,13
4852296,2,13
185196,0,13
1221324,4,13
123276,4,13
1998024,4,13
865752,0,13
211188,0,13
413244,2,13
261000,6,13
194808,0,13
99660,4,13
206364,2,13
3915912,2,13
89808,2,13
154368,0,13
199944,0,13
1527876,6,13
1478664,4,13
113460,0,13
1092192,4,13
2453844,2,13
198576,0,13
1918776,2,13
164472,4,13
411108,2,13
255348,0,13
403260,2,13
382056,0,13
358332,2,13
459684,0,13
862980,8,13
1771368,6,13
6378372,4,13
109824,0,13
141024,4,13
700080,2,13
289836,0,13
1437840,4,13
1145688,4,13
7065852,2,13
760044,2,13
785124,0,13
878088,6,13
315264,2,13
744720,2,13
246672,2,13
95184,6,13
5607192,6,13
15147780,6,13
653364,2,13
338388,0,13
239928,0,13
13271352,4,13
744336,2,13
125316,6,13
3653568,2,13
186660,2,13
1969008,6,13
46680,0,13
1278048,2,13
1583976,2,13
446832,6,13
134352,0,13
1880676,4,13
2206296,4,13
491016,0,13
863712,4,13
68424,2,13
363156,4,13
3833832,2,13
477048,2,13
68580,0,13
337068,2,13
67752,2,13
64224,0,13
7554744,6,13
1472832,2,13
1462524,4,13
567372,2,13
452232,4,13
7077984,4,13
767460,2,13
563916,2,13
450336,2,13
223284,0,13
150672,0,13
1861848,0,13
3674808,4,13
3832092,2,13
1251744,4,13
655032,2,13
502248,6,13
89388,2,13
1073064,4,13
146784,0,13
36036,10,13
164580,6,13
74076,8,13
121764,0,13
136704,0,13
6488952,4,13
1344000,4,13
347088,2,13
1149804,2,13
256020,4,13
862752,6,13
789684,8,13
1333560,2,13
925308,6,13
946572,6,13
2143068,4,13
207444,8,13
105840,2,13
29484,10,13
6696,10,13
110976,4,13
115116,4,13
193500,2,13
389388,4,13
9360,2,13
11364,4,13
334632,4,13
192,0,13
23340,0,13
281088,4,13
172788,2,13
78564,0,13
387900,2,13
691872,2,13
815796,2,13
121584,4,13
169920,2,13
66468,4,13
120792,4,13
14424,2,13
556764,2,13
49608,4,13
41028,4,13
5640,0,13
39036,6,13
25272,2,13
33552,2,13
181356,2,13
4620,0,13
16692,2,13
17052,0,13
265800,2,13
281796,4,13
12864,6,13
171636,2,13
1284552,4,13
924,2,13
548508,2,13
199080,6,13
82656,2,13
111648,2,13
59640,2,13
34968,6,13
29940,2,13
44628,2,13
178464,4,13
33612,6,13
42696,0,13
449916,2,13
4644,0,13
48372,4,13
68304,4,13
64176,4,13
28212,2,13
237936,2,13
90240,2,13
5448,2,13
3612,2,13
66840,2,13
67680,6,13
63492,2,13
17112,6,13
47784,4,13
315168,2,13
61128,2,13
1080,0,13
25284,4,13
53580,4,13
142716,6,13
3420,0,13
382944,6,13
38568,0,13
292308,2,13
281604,2,13
42864,0,13
59940,2,13
12876,0,13
524748,2,13
1488,2,13
912,2,13
5712,0,13
122664,4,13
15300,0,13
19968,6,13
258312,4,13
17616,2,13
52572,2,13
11568,0,13
885708,2,13
125280,8,13
2160,0,13
6108,4,13
667848,2,13
488940,2,13
1464,2,13
3960,2,13
11652,2,13
12888,0,13
246300,2,13
418980,2,13
650712,2,13
584568,4,13
358224,2,13
637428,2,13
611592,4,13
25812,2,13
15228,0,13
18204,2,13
178116,6,13
2568,4,13
21276,2,13
226644,2,13
117360,4,13
687324,2,13
15576,6,13
3920028,2,14
4990824,4,14
293472,0,14
3125364,2,14
1281720,2,14
501840,2,14
100440,0,14
2052324,4,14
3736176,2,14
520560,0,14
160596,0,14
1644492,2,14
2390016,6,14
1417740,2,14
406044,6,14
1625676,4,14
2221440,2,14
813324,0,14
3717348,4,14
7756032,2,14
8069220,4,14
1305828,0,14
7191060,2,14
895488,2,14
4589472,2,14
7044048,2,14
6495648,4,14
53064708,4,14
70812,0,14
7567380,4,14
2843148,6,14
495300,2,14
1165932,4,14
531684,0,14
176712,0,14
5124876,2,14
352632,0,14
2200452,2,14
1130688,4,14
3299772,2,14
705372,2,14
4405908,2,14
1035588,2,14
1076748,0,14
4414320,2,14
491280,0,14
11501076,2,14
4079832,2,14
10132260,2,14
10061376,2,14
1727976,6,14
5514924,4,14
224256,0,14
759420,2,14
16883328,2,14
4549188,2,14
19699752,4,14
216288,0,14
0,0,14
413028,0,14
1012500,2,14
59472,0,14
2915976,2,14
4762452,2,14
5317140,4,14
1960320,2,14
8226168,4,14
6366756,6,14
370200,0,14
684204,0,14
10769988,4,14
3848772,2,14
12981600,2,14
3356976,2,14
7291488,4,14
2428740,0,14
3559536,2,14
620568,0,14
18501756,2,14
1620168,4,14
16079280,2,14
1917696,2,14
281736,4,14
3884520,4,14
330288,0,14
1119432,2,14
6908064,2,14
776148,0,14
7083816,2,14
884844,6,14
269880,0,14
427428,0,14
8381532,2,14
762552,2,14
1759548,4,14
7057452,2,14
15945360,6,14
5098440,2,14
600096,0,14
6522528,4,14
17335872,2,14
10835052,2,14
2096616,2,14
3177996,2,14
87684,0,14
2407632,4,14
300852,2,14
6639756,6,14
3877572,6,14
333636,0,14
283752,6,14
2892408,2,14
1369032,2,14
333036,0,14
1757880,4,14
13481880,2,14
315636,0,14
1285884,4,14
4947312,2,14
10768020,4,14
5451432,2,14
8974416,2,14
12442944,2,14
1271484,4,14
14336592,2,14
17990604,2,14
9143136,2,14
2847024,4,14
17743524,2,14
147684,6,14
2844768,2,14
296016,0,14
302196,6,14
278304,4,14
1020528,2,14
470832,2,14
2505372,4,14
127920,0,14
15030456,6,14
1346076,2,14
569472,0,14
875292,6,14
18125712,2,14
6022248,2,14
3513084,2,14
324120,0,14
711360,2,14
660420,0,14
2432028,2,14
46920,0,14
387132,0,14
2340636,4,14
22511844,2,14
614376,2,14
892656,0,14
60886968,6,14
12909108,6,14
12009348,2,14
2161428,2,14
812784,2,14
2885760,2,14
568332,0,14
5601672,4,14
555096,0,14
518928,0,14
401292,0,14
1528368,4,14
1379232,2,14
13134936,2,14
2358540,2,14
900636,4,14
14218200,4,14
13188012,4,14
908832,2,14
45796944,6,14
502476,0,14
12084972,4,14
2230848,2,14
1806300,4,14
432564,8,14
1318476,6,14
440052,2,14
359400,0,14
781620,0,14
2379636,2,14
755496,2,14
12814716,4,14
8055036,2,14
5520036,2,14
2039556,4,14
1758912,2,14
4494432,2,14
211392,0,14
6800112,6,14
3879864,2,14
3767232,4,14
4733556,2,14
10126248,2,14
439188,0,14
439416,0,14
1709088,2,14
9890340,2,14
2749752,2,14
7563432,2,14
491976,0,14
8507868,2,14
571584,8,14
4078392,2,14
32275692,2,14
15885948,4,14
14280660,4,14
4585344,2,14
3720096,2,14
9096684,2,14
480300,4,14
900720,0,14
333408,0,14
1140552,2,14
1668528,4,14
27688704,2,14
16858272,2,14
201744,6,14
101352,2,14
322644,0,14
2633040,2,14
303900,6,14
352548,8,14
220896,0,14
860232,4,14
453120,6,14
1434360,2,14
1319280,2,14
622224,0,14
15111060,4,14
6755736,8,14
1746804,2,14
1091088,4,14
1435956,4,14
453816,4,14
4773612,2,14
48828,6,14
10200384,2,14
10953816,2,14
443748,0,14
729636,0,14
1384788,4,14
4524684,0,14
3410532,4,14
998112,0,14
1348776,2,14
11439444,4,14
482376,0,14
5137248,0,14
2414676,0,14
18726360,2,14
472476,2,14
3669192,8,14
18346572,2,14
3451572,4,14
562608,0,14
581172,0,14
6458796,6,14
10053444,6,14
3182220,4,14
9733632,2,14
887808,0,14
5173704,2,14
235068,0,14
3470304,2,14
6349968,2,14
25604940,2,14
1503000,4,14
15753288,6,14
879276,8,14
4285704,4,14
964752,0,14
1072968,0,14
3590292,4,14
747612,2,14
5115684,4,14
8875788,2,14
738792,4,14
963888,2,14
2212560,0,14
527580,0,14
332316,2,14
227568,2,14
19941516,2,14
1292652,4,14
3890352,2,14
3006432,4,14
7601280,2,14
163368,0,14
601716,0,14
4463316,0,14
6605148,2,14
894852,2,14
218160,2,14
134640,0,14
1537320,0,14
2657520,2,14
2376624,2,14
1206444,2,14
3004140,4,14
2172072,2,14
451152,8,14
4268748,2,14
4162464,8,14
2450160,2,14
2259312,2,14
2198124,4,14
933504,0,14
787692,2,14
956244,2,14
0,0,14
4627584,2,14
3442308,4,14
764304,0,14
3003396,2,14
839136,0,14
247980,0,14
617508,2,14
479268,0,14
121812,2,14
257856,2,14
10184268,6,14
573768,0,14
4002540,4,14
358824,0,14
879960,4,14
771336,0,14
657156,0,14
0,0,14
36756,0,14
17412,4,14
900504,2,14
140520,4,14
0,0,14
23940,2,14
49092,4,14
148164,4,14
639984,4,14
80508,2,14
212412,4,14
22368,0,14
365148,2,14
1006152,2,14
292692,2,14
291384,0,14
138180,2,14
220680,2,14
509028,4,14
679500,2,14
1098756,2,14
629280,2,14
119844,0,14
990660,4,14
24348,0,14
973812,2,14
510768,4,14
2534532,4,14
883380,4,14
312,0,14
234744,2,14
1028532,2,14
128040,0,14
744336,0,14
72336,2,14
65040,0,14
301716,2,14
86424,2,14
69696,0,14
320292,2,14
415008,4,14
161124,2,14
62628,0,14
1387596,4,14
28020,2,14
117180,0,14
1055544,2,14
804,0,14
1354776,6,14
202260,2,14
10512,8,14
381672,2,14
111012,0,14
649776,2,14
53280,2,14
7284,0,14
63264,0,14
24300,2,14
275064,4,14
83820,6,14
302004,6,14
1272,0,14
69792,2,14
48432,4,14
332652,2,14
16896,2,14
2268,6,14
5844,0,14
603084,4,14
564252,2,14
40044,0,14
323940,2,14
113976,2,14
87120,0,14
47988,8,14
138000,2,14
246864,2,14
173604,0,14
397992,2,14
60972,0,14
628284,4,14
246864,2,14
2700,2,14
108564,0,14
35100,0,14
461292,4,14
93624,6,14
14592,0,14
66756,2,14
40020,0,14
8664,0,14
84564,0,14
26508,0,14
144072,8,14
128736,4,14
104028,2,14
624624,4,14
31440,0,14
2277468,2,14
18216,0,14
2352816,2,14
664752,2,14
51516,0,14
327696,8,14
2347116,4,14
19272,2,14
23844,4,14
417192,2,14
3518964,4,14
44172,2,14
184116,4,14
40584,0,14
57168,4,14
361476,2,14
11364,0,14
88692,2,14
41040,4,14
220920,2,14
1634016,2,14
521928,4,14
19128,0,14
2626212,2,14
1077264,2,14
6135996,4,14
387900,6,14
1902540,6,14
731088,4,14
66636,0,14
256896,2,14
17988,0,14
22080,2,14
359832,4,14
54528,2,14
66048,6,14
19488,0,14
26736,4,14
64956,0,14
337920,4,14
268128,4,14
30072,4,14
24408,2,14
65208,2,14
3096,2,14
481068,2,14
110592,2,14
1764,0,14
124356,2,14
211212,2,14
4140,0,14
24516,0,14
334668,4,14
885696,8,14
5640,2,14
1626708,6,14
315720,6,14
21516,0,14
31956,2,14
2004048,2,14
155520,4,14
425400,6,14
61896,0,14
533820,2,14
794400,4,14
59328,4,14
77892,0,14
111000,4,14
430152,2,14
155940,2,14
315936,2,14
48408,6,14
592320,2,14
31080,0,14
198516,0,14
2699256,2,14
52332,4,14
88104,2,14
981180,4,14
2611644,4,14
48276,2,14
1518984,2,14
1003932,2,14
58068,0,14
154368,0,14
47580,0,14
12012,2,14
229644,2,14
189564,0,14
43080,0,14
125292,0,14
57180,0,14
323700,4,14
138900,4,14
583368,2,14
188424,2,14
615060,2,14
8736,2,14
34836,4,14
10416,4,14
6156,0,14
21828,2,14
193788,4,14
834228,2,14
311412,2,14
47580,0,14
371844,2,14
120540,4,14
107940,6,14
624204,2,14
1896,0,14
490896,4,14
16056,0,14
324228,8,14
118380,0,14
52440,2,14
12744,6,14
70044,0,14
28788,6,14
742692,6,14
647856,4,14
607044,2,14
1298868,4,14
212016,2,14
486672,2,14
81108,2,14
625344,2,14
1121976,4,14
534792,2,14
674148,2,14
171180,2,14
68496,4,14
50016,0,14
31596,2,14
874272,4,14
0,0,14
614784,2,14
705000,4,14
705000,4,14
75576,2,14
1748088,4,14
353580,2,14
230976,2,14
95292,2,14
15504,2,14
14076,2,14
406980,4,14
16140,4,14
203040,2,14
967848,4,14
1188,0,14
2388,0,14
14592,0,14
129576,0,14
1230600,2,14
63168,0,14
403584,0,14
73980,2,14
8220,0,14
19068,4,14
240588,2,14
320640,6,14
36588,0,14
751104,4,14
54324,0,14
9780,0,14
1206684,2,14
1490052,2,14
28188,2,14
1028652,2,14
87792,0,14
890556,4,14
35208,2,14
37248,2,14
160440,0,14
417456,4,14
15132,2,14
51792,0,14
37272,2,14
42336,0,14
278760,4,14
64380,0,14
285564,0,14
119172,0,14
517608,4,14
204624,0,14
21564,2,14
48180,0,14
26904,6,14
670224,4,14
345288,4,14
13452,0,14
436140,4,14
112224,2,14
67920,2,14
862824,4,14
165948,6,14
89880,4,14
1071336,2,14
14880,4,14
641892,2,14
9864,4,14
30948,0,14
83472,2,14
130740,4,14
17316,0,14
255864,2,14
4092,0,14
614040,4,14
234420,4,14
289308,2,14
1287360,2,14
82716,4,14
2592,0,14
136536,2,14
395460,4,14
1655052,2,14
315060,2,14
259992,2,14
164004,2,14
33264,2,14
26088,0,14
24696,0,14
50616,4,14
4044,2,14
353928,4,14
950052,2,14
21132,0,14
537564,2,14
861888,4,14
134028,6,14
22284,2,14
498948,2,14
121704,2,14
419088,4,14
86868,0,14
870948,2,14
362616,2,14
14304,4,14
6192,0,14
115596,6,14
1015536,4,14
32388,0,14
117948,6,14
96180,8,14
113400,0,14
60720,8,14
13824,4,14
46800,4,14
323700,6,14
25548,0,14
81228,8,14
127104,4,14
224172,0,14
18564,6,14
1509744,2,14
223536,6,14
242400,4,14
89484,2,14
19764,2,14
26784,0,14
117804,2,14
9720,0,14
251664,2,14
858924,2,14
78108,6,14
26868,0,14
50172,6,14
5078580,4,14
848616,0,15
1029564,0,15
7326636,2,15
2965656,4,15
1092876,0,15
2163312,0,15
11425152,2,15
64841940,4,15
1820244,4,15
6206724,2,15
60663324,4,15
12844872,2,15
5191644,6,15
15414612,2,15
4762560,2,15
35391588,2,15
37667040,4,15
37667040,4,15
597984,0,15
623040,6,15
32832396,2,15
6285120,2,15
1406952,0,15
18781428,2,15
18376476,2,15
73114596,4,15
3913812,6,15
24456828,2,15
50346360,8,15
76713120,4,15
44408568,2,15
30440880,4,15
3568788,6,15
24327480,2,15
11458308,2,15
764700,0,15
1057020,6,15
1076376,2,15
2417448,0,15
2795568,0,15
130039428,4,15
1452708,0,15
12768204,6,15
16011888,2,15
1172748,0,15
5533836,4,15
4663008,2,15
1162188,2,15
499944,0,15
7564572,2,15
3591588,2,15
720696,6,15
7872972,4,15
1306836,2,15
7576104,4,15
10905720,2,15
3969840,4,15
5479656,2,15
24351276,4,15
126281532,4,15
11234472,2,15
71020104,4,15
1455144,0,15
3675360,4,15
986916,0,15
11276484,2,15
27429408,2,15
46874544,2,15
3163992,0,15
2580660,0,15
3979932,2,15
27515292,2,15
15994836,4,15
33897936,2,15
1941288,0,15
1840776,2,15
53146644,6,15
1936260,2,15
15244368,2,15
9553980,2,15
17720916,6,15
3251232,0,15
5263824,4,15
23394900,4,15
2347932,0,15
10024032,2,15
7348908,2,15
20247588,2,15
640764,0,15
17120604,2,15
922080,0,15
25216116,6,15
16803444,4,15
5465844,4,15
530304,2,15
1169412,0,15
21090648,4,15
29823708,2,15
584088,0,15
27123408,2,15
909540,0,15
1195116,0,15
11308332,2,15
1234716,0,15
62140140,2,15
1066008,6,15
2412168,0,15
1064376,10,15
1064376,10,15
15203280,2,15
3972660,0,15
2734008,2,15
1544640,6,15
11029344,2,15
48161040,4,15
1090116,0,15
2298312,0,15
24246648,2,15
21728904,2,15
1616844,2,15
21778428,2,15
37838064,4,15
1456812,0,15
31255464,4,15
26111064,2,15
12743364,2,15
44704824,4,15
15260640,4,15
4303128,6,15
4330332,2,15
4641468,2,15
8319384,2,15
17427900,2,15
5053320,2,15
13103844,2,15
3498528,0,15
8736012,2,15
40242480,2,15
23326440,4,15
3824184,2,15
15293508,4,15
1157940,0,15
53600520,2,15
741036,4,15
343788,0,15
1527192,2,15
569592,4,15
28926204,2,15
8152452,4,15
24379236,2,15
35621736,2,15
6889428,0,15
69324696,4,15
3076908,4,15
7173456,4,15
279324,0,15
45847788,2,15
2080104,6,15
61765356,2,15
3560340,0,15
8920764,2,15
34703040,2,15
34581636,4,15
60188904,4,15
7041696,6,15
1387632,0,15
3672456,2,15
18710256,0,15
3472128,6,15
13464240,2,15
517524,4,15
4939944,2,15
206952,2,15
15373788,2,15
16974204,4,15
1099548,0,15
8668344,2,15
5652120,2,15
4716996,2,15
339636,0,15
1186620,2,15
17730672,2,15
977628,0,15
19631940,2,15
36022104,4,15
24188016,2,15
7600728,6,15
1753284,6,15
3087504,2,15
4069032,4,15
26089884,2,15
960756,0,15
295188,0,15
7035816,4,15
54025152,4,15
2205192,0,15
16611072,2,15
19225068,2,15
7918620,2,15
46011552,2,15
15351444,2,15
6154260,6,15
115894956,4,15
1989864,0,15
80789424,2,15
56190072,2,15
1029228,0,15
32697384,2,15
46297236,2,15
4204440,0,15
11412036,6,15
3559032,2,15
17026896,4,15
155772,0,15
24097200,4,15
1433004,0,15
71296032,4,15
11989704,4,15
5025396,2,15
4871904,4,15
38841108,6,15
2013120,2,15
32918520,4,15
935412,0,15
2607756,2,15
21080016,2,15
139737444,6,15
4324464,2,15
13493268,2,15
20697324,2,15
67332228,4,15
19629612,2,15
12595500,2,15
4777932,6,15
39967104,4,15
79083000,4,15
2510904,0,15
49615644,2,15
7970400,4,15
31951116,4,15
1866564,6,15
10143180,6,15
17679000,2,15
30202944,2,15
5302716,2,15
36047832,4,15
17162856,2,15
8900496,4,15
6036096,4,15
5181948,0,15
7156908,2,15
72269256,6,15
26233656,4,15
1839084,4,15
62301612,8,15
10732032,2,15
380076,0,15
3038316,6,15
1711992,6,15
8176632,4,15
6838284,2,15
3203892,2,15
7169640,2,15
11675772,2,15
44596452,2,15
17759880,2,15
38444028,4,15
31140900,2,15
1088448,0,15
7984836,2,15
18331752,2,15
475044,2,15
58603368,2,15
2268156,0,15
6752676,2,15
6595020,6,15
8798640,4,15
85368552,2,15
3869676,0,15
2952060,0,15
5513256,0,15
1638720,0,15
41829696,2,15
7110336,2,15
3494352,2,15
3138648,0,15
10659708,0,15
64757724,2,15
66122076,2,15
1746480,0,15
48406692,2,15
5840328,2,15
57561816,4,15
17502060,2,15
558552,0,15
1128072,0,15
48281064,2,15
39071712,2,15
626292,0,15
13523148,4,15
35221164,2,15
15024432,4,15
2999916,0,15
189576,2,15
1456872,6,15
6559572,2,15
313896,6,15
913044,2,15
10551372,4,15
9112560,4,15
10559856,2,15
36618888,2,15
5236032,0,15
13392840,2,15
10280916,2,15
4836744,0,15
1689912,0,15
6745080,0,15
10736772,2,15
216267804,4,15
27775548,2,15
21474360,4,15
22107444,4,15
168972,0,15
54647652,4,15
2794596,0,15
351492,2,15
878364,2,15
6055632,4,15
3725112,2,15
13815204,2,15
2726316,2,15
5003664,4,15
8575008,2,15
50492580,2,15
63286356,2,15
109137576,6,15
9946140,2,15
1964820,2,15
22504356,4,15
796848,0,15
581616,2,15
430932,0,15
582552,0,15
12459120,2,15
107843772,4,15
6976236,2,15
744780,0,15
4646520,2,15
1996944,2,15
5234628,2,15
1634028,2,15
711984,0,15
402612,0,15
716616,2,15
332904,2,15
343584,2,15
12220200,2,15
49628580,4,15
10075308,4,15
1045524,2,15
293640,0,15
5424780,0,15
140784,0,15
15686772,6,15
369408,0,15
540696,0,15
1344636,4,15
8525184,2,15
2142588,6,15
3654804,2,15
468564,2,15
348168,4,15
9581268,2,15
2900616,10,15
14937168,4,15
1349400,0,15
3223824,2,15
3585840,2,15
19941036,2,15
1614000,0,15
2395884,8,15
1345656,2,15
3131892,2,15
8121420,2,15
1620180,6,15
3839940,4,15
5369988,2,15
466176,0,15
19413588,2,15
24760680,2,15
19582524,2,15
7755984,2,15
15026880,0,15
1121088,0,15
6746856,4,15
19544352,2,15
22680408,6,15
1214208,0,15
921492,2,15
4268232,2,15
1626024,0,15
10225212,2,15
8137188,2,15
599244,0,15
2535600,2,15
966624,0,15
35792556,4,15
29969328,2,15
87669168,4,15
1151952,0,15
1797696,0,15
21000408,2,15
32506956,2,15
2066892,6,15
6676944,2,15
3858216,6,15
6890796,0,15
25782384,4,15
504156,0,15
12418800,0,15
1779564,0,15
4844688,2,15
4391916,0,15
55096584,4,15
5734980,0,15
20081076,2,15
441912,0,15
108773748,2,15
7219992,0,15
943056,4,15
2703312,2,15
21134628,6,15
4429164,4,15
33104580,4,15
73784460,4,15
2785056,4,15
3629328,0,15
4276392,0,15
730392,0,15
377352,0,15
4961904,2,15
1932060,8,15
3947016,0,15
15856284,6,15
7005624,4,15
4205964,0,15
980556,0,15
23775636,2,15
6110904,4,15
1946028,2,15
20246436,2,15
243192,0,15
206504940,4,15
2468856,0,15
557520,0,15
9250812,6,15
2862336,4,15
32491200,4,15
3913812,2,15
97650852,2,15
1801068,0,15
8257824,2,15
338580,0,15
776268,4,15
2981112,2,15
16546656,2,15
15851844,4,15
23201016,2,15
1186740,0,15
1378752,0,15
1281144,4,15
87605796,4,15
58296624,6,15
1105680,0,15
820500,4,15
1411308,2,15
7905348,6,15
4942836,6,15
445416,0,15
980388,2,15
445164,2,15
5175228,2,15
3980592,0,15
2853468,4,15
682764,0,15
2447244,2,15
57953904,4,15
1066260,0,15
3847812,0,15
73797432,2,15
1680,14,15
337380,0,15
4356528,2,15
564492,0,15
932808,0,15
1467084,0,15
203460,0,15
210672,0,15
961368,2,15
1010664,4,15
1852188,4,15
4369560,2,15
146004,0,15
847740,6,15
121332,0,15
12180,6,15
78228,0,15
386412,2,15
53772,0,15
447648,0,15
179616,2,15
38400,6,15
750144,4,15
171720,0,15
442644,4,15
173856,2,15
88884,0,15
104952,0,15
175080,4,15
178596,0,15
7728,2,15
1827180,2,15
266232,4,15
392724,2,15
686736,2,15
627084,4,15
98112,4,15
644964,0,15
706344,4,15
240936,2,15
46908,0,15
248556,2,15
1264332,2,15
587700,6,15
350352,4,15
279600,2,15
111804,2,15
18048,2,15
246024,2,15
165660,0,15
249192,0,15
43584,2,15
29148,2,15
288,2,15
1569816,2,15
99540,0,15
633888,2,15
979056,2,15
846168,2,15
159348,2,15
3977796,2,15
1067844,6,15
15780,2,15
5832,0,15
851016,4,15
1741560,4,15
851016,4,15
10114572,4,15
288600,0,15
185772,0,15
360552,0,15
55752,2,15
2280,0,15
534324,4,15
4328088,4,15
151488,2,15
8880,0,15
2670396,2,15
120192,0,15
190920,4,15
309948,6,15
209040,0,15
47892,0,15
1583040,6,15
238656,2,15
13746540,4,15
7642776,4,15
667044,2,15
121344,6,15
499656,2,15
44052,2,15
76920,0,15
1368420,2,15
210432,2,15
1548732,6,15
808152,0,15
6163536,4,15
175392,0,15
7524,0,15
275364,2,15
1432188,0,15
182220,2,15
8616444,2,15
7620804,6,15
6954996,2,15
1184880,4,15
856332,4,15
1114296,6,15
2443752,4,15
718668,2,15
5484,4,15
5508,0,15
87876,0,15
52752,2,15
925584,2,15
74052,4,15
461472,2,15
1392936,2,15
2794728,4,15
116904,2,15
780828,6,15
1506372,4,15
66564,4,15
3821148,6,15
829884,2,15
259692,0,15
1297956,2,15
262296,2,15
259692,0,15
1055028,2,15
110016,2,15
1253064,2,15
208764,2,15
222192,0,15
23304,0,15
54300,2,15
425124,2,15
2106648,2,15
58272,0,15
1806300,2,15
10560,2,15
897840,2,15
2955108,2,15
1581228,4,15
78516,2,15
345888,0,15
508608,0,15
3994476,2,15
197688,0,15
427176,6,15
600300,2,15
39048,2,15
10056,6,15
76608,2,15
2068536,2,15
156408,2,15
18012,2,15
93240,4,15
2160552,4,15
478380,4,15
1643724,2,15
10863888,4,15
1760628,8,15
3347208,2,15
1655244,6,15
223356,2,15
1921752,4,15
242724,0,15
393888,4,15
890664,0,15
732384,4,15
720,0,15
10596,2,15
115584,6,15
75576,4,15
919272,4,15
33816,0,15
1008,0,15
13104,0,15
75540,0,15
508860,2,15
554400,2,15
1454688,2,15
3504,2,15
678576,2,15
17760,6,15
2580480,6,15
197256,6,15
227964,0,15
2424,2,15
12033924,2,15
62076,0,15
25752,8,15
8292144,4,15
392196,0,15
51588,4,15
8919156,2,15
650184,2,15
84276,2,15
941784,2,15
453324,6,15
7571208,2,15
5395788,2,15
227664,0,15
51492,0,15
1052664,2,15
146640,2,15
3909804,4,15
328008,2,15
45636,2,15
1911252,2,15
223908,2,15
4028076,2,15
28452,2,15
131796,0,15
225792,2,15
4200,0,15
1980,6,15
514032,0,15
45432,2,15
3449208,4,15
906096,2,15
16308,0,15
546468,0,15
541320,0,15
5268,2,15
58392,2,15
2064924,2,15
488472,2,15
196884,4,15
3125532,2,15
119052,0,15
2271384,6,15
770988,6,15
1305624,0,15
73452,2,15
814632,0,15
842508,0,15
363780,0,15
279084,0,15
1018476,2,15
369372,2,15
4806864,2,15
297144,4,15
1173180,2,15
370536,0,15
69696,2,15
1595928,2,15
286488,0,15
13531956,4,15
98268,0,15
391680,6,15
3532152,4,15
1362480,2,15
24300,0,15
436848,2,15
28548,0,15
4485720,4,15
1748148,6,15
57398448,4,16
6740760,0,16
7876896,2,16
5234796,2,16
76074288,4,16
20743008,2,16
8467836,4,16
60501588,2,16
93197340,2,16
111509400,2,16
6724608,6,16
19851504,2,16
9908808,2,16
22430832,2,16
29918256,4,16
335292,0,16
65285652,2,16
30825612,2,16
41959020,6,16
18900576,2,16
184751016,4,16
71022840,2,16
4158048,0,16
79554432,4,16
4788684,2,16
38616732,2,16
39284112,2,16
199528524,6,16
12216396,0,16
42652716,2,16
215181408,8,16
61397580,2,16
69226224,6,16
19024032,0,16
36535416,2,16
940476,2,16
2470464,0,16
166877304,4,16
119600796,2,16
14953572,0,16
2139744,0,16
1193964,0,16
2429172,0,16
14671320,4,16
3748080,0,16
134663676,2,16
4861692,2,16
687828,0,16
4036140,0,16
1484436,0,16
113215860,2,16
64137060,2,16
4444860,10,16
76217700,2,16
22780680,2,16
62693676,2,16
65658636,4,16
83187744,4,16
2990664,0,16
9872052,2,16
1727604,2,16
16031292,2,16
112982220,4,16
50836824,2,16
71898720,2,16
21607920,2,16
7957320,2,16
10262244,6,16
13434072,4,16
1361268,0,16
7295508,2,16
12490212,6,16
97844424,6,16
4749288,0,16
12826020,2,16
4803624,0,16
165719016,6,16
2694648,0,16
92574120,2,16
148457004,2,16
17091012,4,16
1191852,2,16
77584980,2,16
7106916,0,16
8100108,8,16
11140272,6,16
25886640,2,16
548016,0,16
854736,0,16
31601304,2,16
174764064,6,16
8207280,4,16
1693800,0,16
13913472,4,16
76988160,6,16
22036044,2,16
5979696,0,16
737748,2,16
48674148,2,16
12647880,2,16
52835796,4,16
78482280,2,16
4917144,0,16
43232868,2,16
397587192,2,16
5576064,4,16
2296284,0,16
154453140,4,16
3080664,2,16
122136240,6,16
1491432,0,16
145807176,2,16
22434108,2,16
4297668,4,16
3244356,2,16
99531168,2,16
1955796,0,16
104522976,2,16
2981016,0,16
3427896,0,16
8761536,2,16
40105740,4,16
24527004,2,16
4563816,2,16
42293700,2,16
9850032,6,16
105063876,4,16
30519492,4,16
3608160,0,16
128089344,2,16
3662688,4,16
5439168,0,16
17048892,0,16
59169468,2,16
37181880,2,16
4849308,2,16
982836,0,16
3997584,0,16
32371236,0,16
1071984,2,16
19222116,0,16
11843244,2,16
4612980,0,16
163455600,4,16
203253168,4,16
5317404,0,16
14617512,4,16
21418404,2,16
19004448,4,16
32409804,2,16
3874296,4,16
9292932,4,16
1199496,0,16
26636328,2,16
11559084,8,16
54136836,2,16
226828572,2,16
9134964,0,16
39426840,2,16
22674288,4,16
3358968,0,16
1689744,2,16
45741456,2,16
6349176,0,16
289643952,4,16
34174752,2,16
4809444,6,16
3351912,0,16
2475276,6,16
20100900,4,16
4841736,0,16
27898032,0,16
18481224,2,16
72609780,4,16
15868152,2,16
118749024,2,16
123566052,4,16
32633448,2,16
1782372,0,16
181191612,4,16
61080084,2,16
17543952,2,16
27676524,4,16
42996888,2,16
99548364,2,16
319611264,4,16
69030132,2,16
2392620,0,16
8964192,0,16
5942700,4,16
207718872,2,16
8329992,0,16
6282480,4,16
21861756,0,16
32445060,4,16
8786856,4,16
166150656,2,16
109187532,4,16
5135652,2,16
48050280,6,16
43027116,4,16
245202612,6,16
50256684,2,16
97195260,6,16
1207056,0,16
102610248,2,16
16275096,6,16
24125988,2,16
9086064,2,16
25552020,2,16
104698932,2,16
1928220,0,16
4273272,0,16
233159472,6,16
1572096,0,16
19656732,0,16
26016552,2,16
2891304,0,16
22947828,4,16
192185352,4,16
25987320,4,16
12701988,4,16
4820004,0,16
4214868,6,16
10529556,2,16
148206324,6,16
115473600,2,16
283674408,4,16
10082256,4,16
12985008,0,16
17380548,2,16
33255588,2,16
145335144,2,16
89747856,2,16
93800364,2,16
2491296,0,16
6619920,4,16
2743848,0,16
5287788,0,16
1220004,0,16
96364488,2,16
126948540,2,16
4999944,0,16
10465752,4,16
23898324,2,16
63989388,4,16
18422028,2,16
34421700,2,16
29841816,2,16
37274964,4,16
13595616,0,16
13556880,2,16
3234528,2,16
190982904,2,16
124550484,4,16
6881652,0,16
24673824,4,16
84153072,2,16
50972520,4,16
4114752,0,16
59582076,2,16
66231408,4,16
21877512,2,16
5392788,0,16
10611888,6,16
31297308,2,16
317964,4,16
97897236,4,16
19593252,4,16
19777104,6,16
8028168,4,16
2308056,0,16
16985628,2,16
7678656,0,16
16698024,4,16
12513240,2,16
5745036,4,16
98501016,2,16
9345684,0,16
4193328,2,16
52151256,2,16
107656908,2,16
3510540,0,16
13244304,2,16
77102844,2,16
3823716,6,16
81966072,4,16
63105936,4,16
227220,8,16
3719136,4,16
150281664,2,16
4002012,4,16
8193936,4,16
12438024,4,16
4133376,2,16
103310280,2,16
4296864,2,16
12170352,2,16
38344212,8,16
8010060,2,16
11465904,2,16
831168,0,16
1476264,2,16
66164040,4,16
17659116,10,16
15719748,4,16
78873768,2,16
6348276,2,16
21764112,6,16
339180,2,16
8255496,0,16
70245828,6,16
48843360,4,16
9750624,2,16
13274688,2,16
21728844,4,16
42962124,8,16
2921604,6,16
81598692,0,16
4220448,0,16
65734692,0,16
226074708,2,16
36801612,4,16
53105436,4,16
817080,4,16
5145348,8,16
9035628,0,16
2337264,0,16
33118296,2,16
105809688,4,16
511571148,4,16
21184020,4,16
28477884,6,16
28220424,2,16
51135480,2,16
67652508,2,16
2430696,0,16
63695652,2,16
24660624,0,16
3563196,2,16
697068,6,16
37408728,6,16
525588036,4,16
50150616,4,16
111120408,2,16
4636560,0,16
108561792,4,16
7337688,2,16
5481084,2,16
8542932,0,16
131931228,6,16
4264584,0,16
9571824,2,16
103917672,2,16
6586836,4,16
24751080,0,16
166357944,4,16
11003304,0,16
119349312,2,16
35469372,2,16
42417024,6,16
12205008,2,16
4309608,4,16
5366244,4,16
28117212,2,16
25050372,4,16
78512652,2,16
6535704,2,16
50427432,2,16
16199628,0,16
230428500,6,16
53746656,2,16
20806164,6,16
39780336,2,16
41957520,4,16
105063852,4,16
81412824,2,16
139697892,2,16
73111776,2,16
1818888,0,16
12076008,4,16
1593204,0,16
5977848,4,16
5257080,0,16
446443092,4,16
224509380,6,16
5676120,0,16
13699476,4,16
86064504,2,16
13402032,0,16
144542856,2,16
18191916,2,16
83114064,4,16
14488008,8,16
40347996,4,16
52776912,2,16
14500644,0,16
6296724,2,16
1204380,8,16
2192892,8,16
29365824,2,16
25020072,2,16
157414728,2,16
15399228,4,16
42786240,4,16
1309944,4,16
16897428,4,16
15063828,4,16
522756,2,16
10529040,4,16
1395444,6,16
3029340,4,16
3624960,0,16
2239980,2,16
0,0,16
4704132,0,16
3315312,4,16
1134504,0,16
1449408,0,16
123339444,4,16
75829140,6,16
70948536,4,16
9243564,6,16
5673264,0,16
8830212,2,16
218896512,2,16
4765572,2,16
131636424,2,16
2240316,0,16
2474424,2,16
1242732,0,16
2425608,0,16
1078404,0,16
59988,0,16
52620,0,16
18881064,4,16
1195200,4,16
1045716,6,16
990528,0,16
144156,2,16
1697304,0,16
163896,0,16
43656,4,16
399360,0,16
33144,2,16
118500,0,16
335400,0,16
3862320,2,16
183048,2,16
1929648,2,16
588480,6,16
255504,4,16
865824,2,16
138456,2,16
1136244,0,16
33448248,2,16
6209868,2,16
207588,2,16
800268,4,16
311124,0,16
853992,4,16
1345236,0,16
644628,4,16
357108,6,16
2753520,2,16
408276,0,16
1334796,2,16
199284,4,16
118536,4,16
35832,0,16
294228,4,16
145332,8,16
533484,4,16
4331904,2,16
996264,2,16
12159828,2,16
831696,10,16
1359300,6,16
4268808,4,16
399660,2,16
2393556,2,16
1486656,6,16
79800,2,16
7176,2,16
6134796,4,16
742332,2,16
44268,0,16
1044948,0,16
4348488,6,16
192744,0,16
4740132,4,16
3353388,6,16
10579908,4,16
601308,2,16
35810844,4,16
345816,0,16
5840448,2,16
121320,0,16
962796,2,16
4833084,2,16
317460,2,16
1795032,2,16
1466964,2,16
153708,2,16
76908,0,16
3716232,2,16
56138604,4,16
75132,0,16
35142912,2,16
47119188,4,16
129144,0,16
761940,2,16
417852,4,16
86880,4,16
1137408,0,16
402000,0,16
178944,4,16
7020,2,16
1513392,4,16
14691996,2,16
15321888,6,16
55164,4,16
239508,2,16
2213916,6,16
8931012,2,16
263556,2,16
139392,2,16
111780,0,16
1997340,4,16
389016,6,16
1314576,6,16
276960,0,16
1570176,0,16
82992,2,16
3079536,6,16
22104,0,16
2076996,0,16
440376,0,16
63960,2,16
40008,2,16
131700,4,16
1599120,2,16
34565364,4,16
754200,8,16
529236,4,16
4327548,4,16
102112020,6,16
197328,0,16
1190412,4,16
146808,0,16
20988,2,16
169092,6,16
881292,4,16
5332176,4,16
16176,2,16
377568,4,16
693408,2,16
2428752,2,16
2203524,0,16
663612,0,16
350868,4,16
15769572,4,16
12075480,4,16
12924732,6,16
3058356,4,16
754044,4,16
8645868,2,16
53112,0,16
11104440,2,16
1403388,6,16
1445424,4,16
632628,0,16
415668,4,16
11020788,2,16
793128,0,16
65001468,2,16
414216,2,16
891720,8,16
221820,0,16
44472,2,16
463464,0,16
2527632,6,16
4554252,2,16
2217180,2,16
1297812,0,16
2568348,4,16
79248,0,16
4561176,2,16
67944,0,16
663144,2,16
85212,0,16
1203024,2,16
2494308,2,16
16121076,2,16
2838468,4,16
1750296,2,16
29782680,2,16
96384,4,16
4139676,2,16
66984,2,16
54264492,4,16
5724,2,16
132540,4,16
89028,0,16
661152,4,16
192600,0,16
65460,2,16
146700,2,16
930264,4,16
21549420,4,16
785412,2,16
898644,4,16
1652508,6,16
4248300,4,16
6689544,8,16
680568,2,16
1971792,4,16
4501776,6,16
3400344,6,16
1623852,4,16
616296,2,16
956892,4,16
1225488,0,16
62796,6,16
1807068,2,16
534636,0,16
509580,2,16
1357536,2,16
852,0,16
3960,0,16
269100,0,16
1194576,4,16
327120,6,16
351420,0,16
6759204,2,16
145020,2,16
4247364,2,16
1153512,2,16
898452,4,16
914472,4,16
138276,0,16
3298836,4,16
499200,2,16
604632,2,16
19841064,4,16
7195296,2,16
215316,2,16
349068,4,16
2616216,2,16
66744,0,16
3598920,6,16
19368072,2,16
454068,0,16
41700,2,16
2289840,2,16
5717544,2,16
735804,6,16
3539676,6,16
281556,2,16
55668,4,16
17291580,4,16
3364296,2,16
4503888,2,16
14739696,2,16
21732,2,16
17867976,4,16
122928,0,16
2874492,0,16
154752,0,16
24384576,4,16
11820516,2,16
706080,0,16
598596,0,16
77868,2,16
4800060,2,16
9382140,4,16
1230756,2,16
369336,2,16
79980,0,16
15089880,6,16
1464540,2,16
7519308,4,16
268284,0,16
3468000,2,16
6809676,4,16
9330276,4,16
235668,2,16
51540,2,16
108420,2,16
3001980,2,16
166428,2,16
1699788,4,16
3873000,2,16
151728,2,16
2626452,2,16
870612,0,16
290196,2,16
977172,4,16
454500,0,16
14047680,2,16
6623784,2,16
1237320,0,16
964128,4,16
201216,0,16
14514660,2,16
5590548,2,16
385488,0,16
75264504,4,16
468,4,16
11964912,2,16
1746000,2,16
1311816,4,16
454536,4,16
1081800,6,16
1554144,2,16
962940,2,16
4049784,2,16
336216,4,16
2716404,4,16
24792,0,16
1194144,2,16
17940924,2,16
20140764,2,16
125688,2,16
537144,0,16
457848,0,16
9181908,2,16
3362388,6,16
14268,2,16
760416,8,16
514956,4,16
35028,2,16
41232,0,16
1711728,2,16
140244,0,16
691728,2,16
2731260,0,16
17964,0,16
27228,0,16
65412,2,16
3812532,2,16
319188,2,16
2782476,4,16
688572,4,16
281784,0,16
772116,4,16
153516,0,16
3240,0,16
325500,0,16
5467044,2,16
726492,2,16
286320,0,16
9999420,4,16
21564,0,16
33120,0,16
51120,2,16
5258820,2,16
782448,2,16
16390020,2,16
41868,2,16
13464,4,16
72540,2,16
168348,2,16
8562600,2,16
434376,0,16
103716,0,16
467844,2,16
485652,4,16
2780112,4,16
999504,0,16
2069940,2,16
3330120,0,16
52128,2,16
65040,4,16
27096,2,16
1243248,0,16
1118220,4,16
6867684,6,16
373392,2,16
933144,4,16
591204,2,16
48852,0,16
77388,4,16
412932,4,16
137520,0,16
482604,8,16
3776184,4,16
4443864,2,16
176304,0,16
39084,0,16
8727816,2,16
83712,4,16
346020,2,16
360540,0,16
79464,2,16
36300,0,16
829632,0,16
396276,2,16
2427156,4,16
36028212,4,16
