4,0,3
6,2.02988321282,4
6,0,5
8,2.82812208833,5
10,3.1639632289,6
12,4.4008325161,6
14,5.69302109128,6
8,2e-7,7
12,3.33174423164,7
14,4.592125697,7
16,5.1379412019,7
18,6.4435373809,7
20,7.0849259535,7
22,7.6433751724,7
14,3.4272052463,8
18,4.9352426783,8
18,5.2386841008,8
20,5.50048641635,8
22,6.9971891478,8
24,7.4752374295,8
24,7.0221965891,8
26,7.8013412244,8
26,7.58818022364,8
28,8.651148558,8
28,8.2863168178,8
30,8.9358569275,8
30,8.5312322015,8
32,9.217800316,8
34,9.9306482938,8
36,10.5790219169,8
38,10.9859076063,8
46,12.3509062092,8
8,0,8
10,4.1249032518,8
16,6.7837135198,8
10,0,9
16,3.4866601463,9
20,4.99485640413,9
22,5.5565188163,9
24,5.69844175094,9
28,7.2036007616,9
30,8.0148614578,9
32,8.1923479624,9
32,8.0168155657,9
34,8.7734572821,9
34,8.2885890429,9
36,8.8366423439,9
38,9.1350940379,9
38,8.954989262,9
40,9.8854986603,9
40,9.88300696,9
40,9.4745804535,9
42,10.057729636,9
42,10.032547448,9
42,9.6443040738,9
44,10.183265536,9
44,10.6207270212,9
46,10.611348294,9
46,10.8337291089,9
48,11.390305148,9
48,10.595840515,9
50,10.9999809583,9
52,11.5631770163,9
52,12.2058561651,9
54,11.954526968,9
56,11.686312208,9
60,13.0998998459,9
62,13.280455636,9
70,14.3445813878,9
28,7.9405792478,9
38,9.8845786531,9
46,10.9894495926,9
58,12.932858702,9
56,12.810310003,9
76,15.0183428579,9
50,12.098936026,9
10,4.0568602242,9
14,5.90408585851,9
18,7.40676757237,9
24,8.6020311664,9
10,4.75170196552,9
28,10.0499578613,9
28,9.5318798358,9
26,9.4270736278,9
18,3.5261959907,10
24,5.1148414603,10
26,5.7321047868,10
28,5.8171296928,10
34,7.37393513427,10
38,8.3909376067,10
44,9.1159063956,10
30,6.0832348371,10
40,8.2940996752,10
46,9.1805736441,10
44,9.3704424414,10
48,9.8174951907,10
54,10.57848019,10
58,10.937689414,10
44,8.973449326,10
48,9.546642305,10
42,8.5367555992,10
56,10.639844271,10
52,9.8447713027,10
36,8.3173787184,10
46,9.6751411442,10
50,9.9818665179,10
60,11.3932246349,10
56,10.9774547368,10
66,11.8757796037,10
62,11.352017558,10
72,12.3841319661,10
54,10.264674947,10
64,11.602905247,10
68,11.8287575695,10
58,11.044264031,10
70,12.0909368719,10
66,11.5356739323,10
38,8.4222666679,10
50,10.394496786,10
52,10.4761855403,10
54,10.9658105324,10
60,11.3493135472,10
62,11.5895187274,10
76,12.8887403303,10
72,12.376615499,10
82,13.2398483668,10
74,12.6025961143,10
80,12.968994205,10
90,13.7160759848,10
32,7.7169998093,10
42,9.3851941567,10
50,10.378901449,10
60,11.4531933662,10
54,11.1988897921,10
68,12.6313795199,10
60,11.537548182,10
74,12.8868474202,10
48,10.5913111336,10
62,12.185540627,10
66,12.3988021558,10
80,13.5885585022,10
66,12.7213306985,10
76,13.3899441414,10
86,13.9800415357,10
34,8.4585802676,10
46,10.141469036,10
58,11.5116912918,10
52,10.8680927131,10
64,12.0764614345,10
76,13.029268871,10
64,12.4216305054,10
58,11.6370352293,10
88,14.1265051707,10
68,12.5108877304,10
78,13.385228746,10
74,12.929594687,10
84,13.706880842,10
64,12.0060369984,10
82,13.4307487843,10
58,11.512860414,10
64,12.074711681,10
70,12.502099197,10
62,12.5402952185,10
72,13.3940444715,10
86,14.4926670316,10
64,12.4314795313,10
84,14.258051849,10
88,14.7098987816,10
58,11.7977736599,10
86,14.34125614,10
82,14.2736445981,10
102,15.6466491718,10
100,15.566058923,10
78,13.8661498633,10
74,13.4870224203,10
90,14.8553501716,10
68,13.0164671649,10
72,13.311566525,10
92,15.0478528846,10
94,15.1778514277,10
88,14.8527467084,10
82,14.4129190236,10
82,14.334344519,10
66,12.8108825665,10
86,14.6875068376,10
74,13.7273432971,10
76,13.8747895699,10
78,14.107126688,10
92,15.181695505,10
76,13.933018994,10
94,15.352852697,10
64,12.9046239529,10
86,14.900208603,10
84,14.7774626651,10
78,14.265023013,10
88,14.755884076,10
112,16.4734736615,10
94,15.3049043434,10
110,16.6380380564,10
96,15.4238665073,10
104,16.125443524,10
98,15.5452149057,10
102,15.9386941263,10
106,16.2713682822,10
116,16.9748770322,10
106,16.410823159,10
122,17.085709483,10
10,0,10
12,4.6119613745,10
20,6.9042561238,10
30,8.8968167596,10
16,5.86053930174,10
26,8.9015166373,10
18,6.77819889005,10
32,9.4650216573,10
12,4.05686022424,10
20,7.7983002322,10
24,8.3929225083,10
38,10.6871749683,10
18,7.74627454623,10
26,9.2505562627,10
36,10.4672462427,10
14,4.85117075733,10
10,5.2125668223,10
22,7.9364742292,10
16,6.7708167807,10
28,9.07089927,10
40,10.7965949841,10
14,5.04489916292,10
34,10.5610167549,10
28,9.417590916,10
32,10.2602434363,10
42,11.4427267789,10
30,10.0813628566,10
44,11.8430447517,10
22,8.5360653472,10
18,7.3743438893,10
24,9.2498874439,10
26,9.250541613,10
36,11.1633906422,10
50,12.665333285,10
46,12.2712363584,10
40,11.7406410379,10
22,9.2039166061,10
16,5.6387729489,10
36,10.6933605467,10
52,13.2900030686,10
46,12.5066879309,10
40,11.60308465,10
128,15.6438748417,11
138,16.5881285059,11
116,15.5500298075,11
98,14.1846224387,11
126,15.5012280953,11
136,15.843962448,11
96,13.5337608551,11
118,14.9161851677,11
66,11.3849850792,11
108,14.6473479227,11
114,14.723913275,11
104,14.261766027,11
62,10.735423359,11
134,16.4065722209,11
108,15.128809655,11
106,14.45791993,11
124,16.101276406,11
128,16.0299593212,11
156,17.7862653976,11
114,15.3455371203,11
76,12.6394143264,11
102,14.6532728222,11
104,14.3487806314,11
158,17.9005581498,11
156,17.786265398,11
158,17.9005581498,11
144,17.019211259,11
122,15.879937783,11
116,15.718146009,11
150,17.347783795,11
126,15.4015885303,11
140,16.0546665053,11
96,13.8945620052,11
120,14.9741512703,11
122,15.3716803409,11
122,15.1597193981,11
94,13.338428221,11
118,15.6825658421,11
102,14.0334129389,11
90,12.8866759899,11
116,14.685443776,11
108,14.5336008778,11
136,16.3093198865,11
118,15.5977141458,11
88,13.212342585,11
88,13.06336076,11
118,15.597714146,11
114,15.118084339,11
106,15.1714491959,11
84,13.4737186538,11
116,15.1158729988,11
138,16.824255724,11
98,14.4160262614,11
140,16.7028912584,11
72,11.6846141704,11
110,14.5405858717,11
100,14.735401221,11
82,12.8069118213,11
44,8.5671613763,11
86,13.0589813933,11
104,14.3182759478,11
56,10.6386212519,11
94,14.0116429411,11
98,14.0131392696,11
60,10.686500306,11
120,15.8010591707,11
126,16.0997938711,11
104,14.700257745,11
142,16.740275151,11
152,17.4335108698,11
160,17.3873093755,11
154,17.1729889733,11
178,18.4184085903,11
74,12.3051584396,11
84,12.6919564974,11
146,16.9805132046,11
132,15.2573285948,11
124,15.3316327184,11
144,16.8714020743,11
138,16.51612416,11
128,16.0509673268,11
96,13.88825994,11
114,14.770315231,11
102,13.8695704445,11
108,14.0551141455,11
92,13.557360491,11
122,15.1380715584,11
102,14.1444103555,11
120,14.728081872,11
88,12.5187522513,11
130,15.132711528,11
104,14.2422418427,11
94,13.1111949813,11
108,14.4580456522,11
74,11.7606850785,11
122,14.8743968728,11
72,12.1699852873,11
78,12.021711939,11
136,16.608597211,11
142,16.175511492,11
168,18.5209505598,11
100,14.686109322,11
82,13.221837613,11
126,15.7183393409,11
110,14.7170008078,11
94,13.4001218463,11
112,14.3063609531,11
100,14.23678351,11
118,15.1191270696,11
98,13.471654337,11
104,13.6745003315,11
126,16.342975588,11
110,15.6778311564,11
152,17.558362781,11
122,16.428298344,11
138,17.0879707604,11
118,14.5969667607,11
88,13.34965123,11
78,12.0579780971,11
110,14.3126452347,11
120,14.7555257262,11
128,16.459423222,11
118,15.9713280151,11
156,17.5239680022,11
176,18.645495339,11
146,17.209201201,11
138,16.6559488544,11
130,15.694316644,11
114,15.5089284684,11
124,15.9906358068,11
132,16.9145940381,11
136,16.778822444,11
80,12.9477946092,11
124,15.484062343,11
154,17.6563585372,11
164,18.0711194078,11
112,15.5094892668,11
162,18.0471431402,11
100,13.730539084,11
66,10.6274961814,11
104,14.9455563073,11
60,11.4137894629,11
90,13.608420466,11
74,11.8228580914,11
84,12.3910776154,11
124,16.2882197282,11
152,17.2352756294,11
116,15.772817129,11
128,16.266319991,11
126,16.2111300625,11
128,16.1582319131,11
118,15.641350474,11
90,13.4112858226,11
68,11.5462346652,11
172,18.5384357448,11
92,14.085633035,11
136,16.8127595544,11
120,16.2349532997,11
112,14.4088730503,11
146,17.098517193,11
58,11.0125693285,11
168,18.2450339,11
120,15.919292822,11
170,18.3584972752,11
82,12.5728525346,11
60,10.3670781482,11
114,15.503183879,11
126,16.368944112,11
122,16.1442993652,11
186,19.2051071754,11
184,18.671206879,11
140,17.2020353109,11
136,16.745582495,11
80,12.1343424373,11
106,13.9605343139,11
112,14.1347788315,11
98,13.045037167,11
124,14.6423649964,11
58,10.0674254534,11
90,12.7427818874,11
100,13.8790350662,11
74,11.269287252,11
116,14.430442634,11
88,12.4498525222,11
110,13.8722288467,11
96,13.6435153691,11
118,14.9449804407,11
68,10.658860423,11
150,17.3741603158,11
86,12.2348913486,11
84,12.3995473696,11
98,13.2007598665,11
96,13.353162453,11
94,13.796811542,11
54,9.3133692251,11
148,17.285519786,11
144,17.4105931061,11
116,15.065955176,11
100,13.9644336864,11
86,13.7590705486,11
82,12.6076110174,11
112,14.871122022,11
64,10.261331859,11
102,13.6080158898,11
92,12.879837056,11
86,12.7355549891,11
106,13.9792284963,11
142,17.3022803022,11
74,11.5224314442,11
68,10.8804743675,11
154,17.7092062649,11
146,17.5099487862,11
70,11.7947414285,11
134,16.7321609249,11
148,17.2795328928,11
140,17.246192208,11
132,16.7439518533,11
88,13.4577847478,11
86,12.6214634364,11
80,12.2428196225,11
102,13.8903308345,11
76,12.698136058,11
90,13.0758567016,11
54,9.3622369607,11
72,11.5144267794,11
144,17.349486765,11
134,16.8089509808,11
72,11.4893426599,11
52,9.2744158627,11
100,14.7354012211,11
124,16.4522958018,11
174,18.729559373,11
38,7.4400121192,11
72,11.8445058344,11
100,13.7186953697,11
94,13.6546527689,11
66,10.8467108673,11
196,19.573726277,11
62,10.6980651536,11
96,13.7014182472,11
48,9.0332841114,11
70,11.4767284876,11
148,17.3477020285,11
76,12.4730777456,11
42,8.5005839133,11
20,3.55381991851,11
160,17.7144912486,11
118,15.7969538089,11
86,13.8029972867,11
134,16.9234902697,11
132,16.8559288089,11
134,16.9234902697,11
132,16.855928809,11
144,17.307403388,11
134,16.7428819011,11
98,13.730082559,11
76,11.987721108,11
80,12.5200927609,11
70,11.8188868978,11
130,15.9423485573,11
108,14.8138761185,11
82,13.720439897,11
136,16.235341603,11
110,14.8554963022,11
210,20.2285700119,11
192,19.5157631767,11
140,17.338213512,11
152,18.0173445,11
138,17.032426283,11
172,18.789011351,11
150,17.7392681473,11
160,18.4007937269,11
166,18.650513753,11
130,16.9486128064,11
162,18.3555862618,11
136,16.9206772131,11
142,17.2111525577,11
92,14.415976156,11
106,15.3110325762,11
156,18.311092358,11
128,16.6493724694,11
148,17.62948817,11
180,19.26434379,11
162,18.3328397396,11
148,17.8935730344,11
182,19.3323265954,11
206,20.2067067599,11
146,17.551461374,11
142,17.344209674,11
100,14.579913085,11
130,16.2254977713,11
82,13.4595926675,11
124,16.0734792318,11
110,15.5091566017,11
112,15.7452224053,11
176,18.851260209,11
132,16.2797824463,11
98,14.341754318,11
154,17.9978752289,11
200,19.8328838541,11
162,18.3942869094,11
150,17.7790123731,11
118,16.2483408247,11
136,17.2512367071,11
106,13.523847403,11
84,11.9837752878,11
72,10.8655492549,11
94,12.820679221,11
62,10.1293336601,11
80,11.8940786492,11
120,16.0409283012,11
78,13.3553124368,11
172,18.9578337634,11
158,18.2725217977,11
122,15.8582476622,11
126,16.060550596,11
136,17.2773181419,11
120,16.233238173,11
110,15.7363678761,11
122,16.2583155519,11
152,17.6972228106,11
84,13.4472711051,11
100,15.0339305645,11
96,14.412592238,11
170,18.689330092,11
188,19.235624253,11
150,17.6919348861,11
146,17.4304911615,11
90,14.4186843781,11
116,16.0067795424,11
190,19.7120465547,11
66,10.2750992752,11
50,8.78087299,11
76,11.733803113,11
60,9.9980010358,11
90,12.7190595138,11
70,11.542018579,11
56,10.1171412449,11
88,12.9962340178,11
62,10.4619455151,11
30,5.8387546286,11
32,5.8936270443,11
130,16.4335868338,11
92,14.215956919,11
94,14.689751257,11
112,15.4926605663,11
146,17.560012045,11
156,17.9314163727,11
186,19.324263731,11
166,18.525264024,11
136,17.1581968842,11
124,16.150985431,11
106,15.1817103544,11
46,8.423244315,11
80,12.314988694,11
92,13.0500099302,11
32,6.102803165,11
54,9.6718805839,11
58,9.7684862371,11
70,12.2200101055,11
40,8.765193679,11
36,6.2970196529,11
26,5.1402065631,11
52,9.8326799201,11
82,12.7680747671,11
12,0,11
28,9.7004774764,11
58,12.5931738692,11
44,11.5633543073,11
50,12.5530574707,11
72,14.1155831965,11
34,11.406953378,11
68,13.8902290682,11
54,13.0980494422,11
32,10.317504563,11
66,13.5825405062,11
56,13.0518140358,11
20,8.0703133581,11
16,6.56631160282,11
46,10.8396605273,11
36,9.9480467091,11
38,10.7763575467,11
48,11.3587808532,11
34,10.1472698783,11
12,4.7698896023,11
26,9.4105654867,11
50,12.4679853116,11
56,13.189019383,11
30,10.8083240482,11
26,9.905485566,11
48,12.1829539794,11
42,11.7289013332,11
24,9.3336768785,11
22,8.0616459501,11
52,11.7973859547,11
34,9.73656555,11
30,10.5313844228,11
70,13.9389693799,11
52,12.6361613174,11
34,11.2191177254,11
90,15.794506071,11
68,14.482843438,11
26,9.9652450421,11
14,4.12490325181,11
42,12.7511257456,11
80,15.4046936813,11
54,13.7623119991,11
34,11.2191177254,11
90,15.7945060706,11
68,14.482843438,11
42,12.7511257456,11
80,15.4046936813,11
54,13.7623119991,11
30,9.9960396254,11
18,6.9091101321,11
26,10.2067650006,11
30,9.5042153907,11
60,12.58770356,11
38,10.3948496875,11
44,11.4400790927,11
62,12.846177386,11
36,10.337213833,11
20,5.8605393017,11
36,9.9783302859,11
54,11.8950163396,11
32,9.4871610638,11
26,8.275143802,11
34,9.6144562618,11
40,9.8999617546,11
22,7.2396520759,11
34,11.4167453632,11
76,14.434139496,11
26,10.650322386,11
64,13.336420695,11
46,11.9560492158,11
20,6.721993288,11
64,13.5931203961,11
82,14.6933600094,11
26,10.4045367402,11
26,10.40453674,11
64,13.5931203961,11
46,12.3124579795,11
38,11.960381646,11
46,12.3124579795,11
18,6.75197109994,11
32,10.834307537,11
32,10.9559655331,11
20,8.6899863753,11
50,12.0122016233,11
36,11.4315969453,11
46,11.726685319,11
34,11.7194755782,11
52,12.3434206058,11
16,7.4448364196,11
62,12.7807670858,11
42,11.0273882834,11
32,9.9035154583,11
18,8.7707685526,11
48,12.5838720629,11
58,14.0065220919,11
34,11.1971415517,11
26,9.0469957345,11
26,10.1830095522,11
70,13.7590471081,11
40,11.6343543952,11
46,11.573623858,11
40,11.1670241433,11
20,7.24432035087,11
66,13.41618972,11
24,7.34941599622,11
70,13.642095873,11
28,9.9962874004,11
22,9.2729205302,11
74,14.6101514387,11
58,13.086946668,11
42,12.549436862,11
24,8.6124939641,11
56,13.3685536913,11
36,11.016388303,11
54,12.891371562,11
78,14.7633893162,11
18,7.7544537602,11
36,11.3951847369,11
22,8.8825642419,11
70,14.36817488,11
48,12.7750539416,11
46,12.270947399,11
28,9.7304954604,11
58,13.5240334663,11
60,13.6990525478,11
64,14.0835460343,11
32,10.763876755,11
56,13.1289761757,11
44,12.2619286708,11
44,11.7204020914,11
54,13.3478918673,11
68,14.372309463,11
26,10.266827761,11
34,10.9920402766,11
48,13.0489324662,11
22,8.0398755969,11
64,13.794814975,11
58,12.3640612618,11
18,7.77671151289,11
10,5.5697154383,11
52,11.4115512266,11
22,7.8034944955,11
34,11.18083695,11
26,9.3137681046,11
66,13.8021246265,11
26,9.0120715494,11
64,14.496953054,11
38,12.651668655,11
76,15.461720863,11
34,11.136256335,11
76,14.7873167991,11
40,12.433909373,11
40,12.4339093727,11
58,13.0744970955,11
80,15.3090275836,11
52,12.3848060905,11
78,15.3971577628,11
66,14.7470628727,11
46,12.7254139067,11
72,15.1809941552,11
68,14.3017671098,11
64,13.727562853,11
56,13.1068761212,11
46,13.1502423526,11
86,15.816873297,11
60,14.195407328,11
64,14.2087215208,11
76,15.0132170138,11
36,10.817292528,11
64,13.6098042261,11
66,13.606648537,11
50,13.391480356,11
46,13.5803664566,11
98,16.7284050472,11
66,13.982076611,11
64,14.5344848718,11
84,16.091722813,11
96,16.9983382324,11
78,14.7988728577,11
56,12.696529344,11
46,11.3450038487,11
94,16.3896767726,11
32,11.4109294144,11
88,16.3840371986,11
106,17.099956866,11
214,18.4603520487,12
166,16.859535763,12
254,20.011425617,12
254,20.011425617,12
202,17.4656298298,12
198,17.3165431731,12
150,15.371521343,12
190,17.8110361746,12
190,17.7549522369,12
178,16.666516091,12
160,16.8808904915,12
72,10.8977367267,12
212,18.1476580409,12
204,18.1923250086,12
180,18.0733576891,12
152,16.039727028,12
176,17.333486394,12
262,20.3085565072,12
180,17.094909665,12
218,19.1772447974,12
212,18.695994307,12
206,18.425031895,12
144,16.1736683103,12
174,16.9694458812,12
224,18.742377557,12
222,19.024250581,12
218,17.7636588905,12
220,18.5909476933,12
164,16.085845228,12
236,19.386119573,12
138,15.2194080934,12
236,19.3861195727,12
230,19.551318072,12
230,19.5513180723,12
216,18.6151819384,12
186,16.6288251578,12
86,11.8740449492,12
114,13.580781023,12
108,13.5111258,12
152,15.6495481073,12
232,19.884074905,12
130,15.1907067339,12
132,14.7725260001,12
140,15.3707956555,12
174,16.4704067471,12
166,16.5026823827,12
172,17.372238123,12
204,18.3492536533,12
264,19.7541519251,12
164,16.296445445,12
158,16.5763561027,12
140,15.1287487897,12
190,17.2595108525,12
148,15.9551710935,12
248,19.1834745595,12
126,14.9979127846,12
282,20.6693789106,12
214,18.5816559567,12
192,17.0053872426,12
244,19.3328454557,12
146,15.6169736268,12
152,15.5375116244,12
98,12.6325833096,12
220,19.075571229,12
170,16.2546754581,12
100,13.6885711931,12
186,17.6040158562,12
144,15.6274976366,12
140,15.1719296117,12
196,17.1898341977,12
224,18.6443076751,12
204,18.669774264,12
244,19.621303042,12
154,16.82564196,12
228,19.47836898,12
208,17.7372014217,12
154,16.18463167,12
156,15.450505729,12
222,19.1850139656,12
154,15.3417975613,12
148,15.3200380527,12
190,18.100061987,12
208,18.6395283687,12
260,20.363568969,12
172,16.533059086,12
238,19.8011258328,12
200,18.9126227604,12
106,14.2173809341,12
214,18.971700612,12
232,19.539832716,12
226,19.22397388,12
230,19.396709065,12
260,20.608018489,12
128,15.325934412,12
256,19.884656308,12
306,21.339236301,12
226,19.621002296,12
330,22.163242669,12
134,14.4723380718,12
168,16.1063857552,12
148,15.083662471,12
118,14.016028727,12
156,16.3151942446,12
152,15.5143859095,12
190,18.177608248,12
262,20.4202675905,12
184,18.109742899,12
206,18.41647294,12
160,16.2500087065,12
272,20.4098437226,12
192,18.374379392,12
252,20.2416421548,12
148,16.2652117686,12
212,18.541862414,12
148,16.6341898154,12
208,18.434390291,12
70,11.374650985,12
132,15.0350438864,12
82,11.877095134,12
226,19.2093104837,12
166,17.102724347,12
184,17.727772419,12
276,20.917523002,12
196,18.8403645219,12
226,18.7770667289,12
322,22.022538923,12
150,16.2413039317,12
200,18.0912676453,12
192,18.5939591662,12
170,16.241112563,12
216,18.7123222058,12
258,20.567037885,12
290,21.354619487,12
198,18.655202216,12
202,18.3922005745,12
268,20.206768672,12
136,14.7634735936,12
184,16.6003997591,12
186,16.397757187,12
112,13.1961012472,12
214,18.5470750319,12
164,15.5799381318,12
138,14.205646341,12
146,15.193876176,12
124,14.919076831,12
144,15.0691553735,12
232,19.4430319257,12
110,14.002704231,12
112,13.3779671727,12
150,14.982097979,12
132,14.1781759372,12
206,18.455313826,12
194,18.609411344,12
146,16.4761211541,12
108,14.5383293334,12
234,19.6673785421,12
212,18.863798781,12
226,18.289529972,12
172,16.5310646343,12
118,14.2868593526,12
136,15.087672226,12
194,17.1645222087,12
250,20.567546531,12
158,16.418841927,12
154,15.543740182,12
196,17.1145918774,12
280,21.2355575406,12
176,17.694983466,12
118,13.7689783255,12
184,16.898640745,12
154,15.8924658529,12
178,15.9668517527,12
70,10.316459941,12
162,15.541112623,12
144,14.621541963,12
182,16.1792809505,12
204,18.4913685924,12
176,17.632147639,12
186,18.008956654,12
218,19.5039459298,12
182,17.951708294,12
100,12.8922557474,12
140,14.3071981051,12
124,13.6064409265,12
212,18.510459419,12
210,18.428710756,12
110,13.1743577238,12
128,13.9353414964,12
230,19.426839745,12
224,19.5340565988,12
156,16.7168851496,12
170,17.153300874,12
224,19.350876942,12
238,19.63880991,12
232,19.5613458109,12
108,13.172340597,12
118,14.7070381253,12
210,18.9598761776,12
224,19.6500035062,12
210,18.7231817435,12
78,11.000619331,12
142,16.4286088043,12
292,21.6262374142,12
196,18.4105676625,12
300,21.7242465804,12
244,20.140350828,12
316,21.675158614,12
170,15.9557940192,12
172,15.9996400279,12
168,15.784083425,12
96,12.33848806,12
80,11.0210417009,12
144,15.7307572296,12
136,16.0215919437,12
162,17.034639582,12
188,18.3342242375,12
164,15.892949392,12
112,13.456592196,12
134,14.6780794249,12
184,18.0724165655,12
190,18.269513974,12
90,11.7736230727,12
88,11.755282138,12
216,18.796577828,12
186,18.1428318014,12
84,11.766185916,12
250,20.3102214514,12
220,18.9749283761,12
202,18.1913590334,12
180,17.7007832372,12
194,18.274132775,12
120,14.119567726,12
174,16.887154484,12
72,10.8527576211,12
126,14.6950159214,12
128,14.8002073279,12
92,12.2318236181,12
164,16.898149344,12
230,19.231536164,12
314,22.039598887,12
188,18.1163355553,12
308,21.955389227,12
76,11.1953443421,12
300,22.028775227,12
288,21.5416175631,12
208,18.218619779,12
290,21.4390240956,12
304,21.8174234065,12
168,17.6049412327,12
310,22.1609310447,12
274,21.1462929691,12
244,20.4089620834,12
184,17.9675659621,12
190,18.1468514339,12
246,20.3605848324,12
226,19.6384501045,12
180,17.5280048175,12
256,20.843381055,12
272,21.228730354,12
148,16.6674997477,12
194,18.2829614463,12
248,19.915233791,12
190,18.3010568281,12
228,20.0564998219,12
186,18.1461510445,12
212,19.0974793068,12
210,18.9878437872,12
282,21.1926406429,12
278,21.461762393,12
218,19.464841578,12
254,20.5738844532,12
106,14.3094550255,12
226,20.3233403876,12
258,20.735393701,12
230,19.7583007526,12
286,21.364372955,12
226,19.7667998404,12
126,15.37029582,12
176,17.489905412,12
226,19.867962652,12
228,19.6529466667,12
194,18.573496822,12
110,14.265362815,12
320,22.210716893,12
340,22.781325931,12
244,20.466066801,12
128,13.8525188694,12
166,17.580374313,12
84,12.0330810755,12
92,11.4561264118,12
98,13.1223408946,12
108,13.0229885118,12
122,13.5433526801,12
156,16.4864916628,12
198,17.8042218114,12
116,13.2409941,12
266,20.4083353355,12
162,16.7372165216,12
204,18.258506015,12
144,16.3765894177,12
286,21.4336861177,12
114,14.7349238971,12
228,19.9850302672,12
210,19.331228455,12
248,20.3788279668,12
250,20.70116058,12
184,17.88823609,12
268,20.9492116767,12
146,16.7358074479,12
236,20.0879986626,12
264,20.68823139,12
218,19.4139544445,12
186,17.9654336866,12
146,16.849559713,12
176,18.0415282694,12
238,20.154903217,12
244,20.633379164,12
100,13.69592479,12
272,20.770361282,12
218,19.6208916159,12
196,18.500165612,12
216,19.312848829,12
248,20.5210656242,12
96,13.4811995532,12
286,21.6470433422,12
262,21.149689799,12
74,10.2085172396,12
148,14.987341345,12
142,15.068047673,12
80,10.5061880523,12
168,17.006011445,12
138,16.1682121435,12
114,13.131115837,12
112,13.4821919833,12
34,5.90828681953,12
314,22.0593845103,12
156,17.0467779966,12
138,16.2759704824,12
154,16.9573480429,12
224,19.6610916284,12
190,18.0401776001,12
92,13.625267218,12
136,16.066302869,12
304,21.8726994107,12
268,20.8785047799,12
324,22.310745469,12
176,18.1987497525,12
238,19.8876572845,12
224,19.5477189655,12
196,18.3980522685,12
120,15.5686965876,12
232,19.434252797,12
118,14.7359965737,12
124,15.0107927106,12
92,13.0673144964,12
196,18.458479214,12
226,19.5475894956,12
148,16.5073112694,12
192,18.2083712527,12
198,18.6466695149,12
222,19.4225137848,12
194,18.2516409238,12
188,18.2934445966,12
78,11.7022111136,12
128,14.854910564,12
226,19.862464256,12
98,14.214838926,12
156,16.9634504481,12
48,9.3569389821,12
174,17.4764218012,12
144,16.201527389,12
258,20.1979231331,12
218,19.1903309498,12
232,19.782710856,12
146,16.1960700881,12
178,17.679111458,12
140,16.1112131429,12
158,17.127929887,12
144,16.6547881159,12
148,16.6481341603,12
128,15.9656416922,12
130,15.60515552,12
146,16.410132945,12
202,18.7957843128,12
62,9.0511004556,12
150,15.1628737221,12
122,13.9776364191,12
42,6.4266719065,12
68,9.9002124739,12
242,20.071125437,12
82,11.802921307,12
88,13.0526459886,12
38,6.3090903924,12
74,14.4518743136,12
68,13.6205230754,12
60,12.721881945,12
60,11.8123132527,12
50,11.513297203,12
124,16.6421753008,12
100,15.7211590155,12
84,14.3677687382,12
54,12.7003049883,12
52,13.5870558251,12
42,12.373810395,12
142,17.9257766774,12
48,12.4841151311,12
54,11.703875596,12
72,13.7324053154,12
32,9.8759424404,12
94,16.4675403462,12
66,15.444107175,12
74,15.896179486,12
76,14.0033407332,12
48,12.5329044022,12
94,15.5253455432,12
48,11.4322505266,12
68,13.242476676,12
42,10.044499937,12
82,13.4692794316,12
62,14.96118389,12
56,12.6641098975,12
38,10.2590474482,12
116,17.0387074827,12
50,12.9458278269,12
50,12.9458278269,12
62,12.8845173837,12
84,14.0664149501,12
48,13.434559638,12
42,12.933510681,12
82,15.1490176948,12
52,13.3160992234,12
64,14.721206901,12
30,7.6814906181,12
32,9.6358927719,12
44,10.937174699,12
40,11.801946843,12
48,10.140911831,12
66,14.7384668319,12
42,12.9155646038,12
90,16.413527784,12
128,17.807965849,12
66,15.6197450958,12
118,16.3438491118,12
64,14.061906463,12
54,13.26154573,12
28,10.0113281919,12
56,13.1013924209,12
38,12.029085927,12
80,14.832447505,12
30,11.396419164,12
104,16.4753045847,12
42,11.320694146,12
104,16.028505573,12
42,13.0053717913,12
62,14.3453341,12
100,16.50002298,12
50,13.6963820255,12
74,14.4090281722,12
34,12.2799188065,12
88,15.6904876739,12
100,16.5812512795,12
100,16.581251279,12
40,12.7556700964,12
126,17.1939389619,12
32,11.9045728928,12
76,14.4818497498,12
28,8.7998629756,12
28,9.6087417721,12
44,13.1708296518,12
78,14.9529414252,12
58,13.952523812,12
92,15.881728679,12
64,13.115213506,12
82,14.4090985692,12
36,11.4321109614,12
114,16.6062681102,12
74,15.320388964,12
34,9.5421207783,12
46,12.1918407623,12
50,14.3292583136,12
42,12.3137276044,12
50,13.6960383966,12
38,11.942901965,12
88,15.4624178759,12
30,8.5620421365,12
74,14.8239406763,12
102,16.1003309615,12
40,12.0923850132,12
112,16.16019038,12
76,14.700852684,12
26,10.7667232939,12
104,16.3943301252,12
78,14.9832932445,12
46,12.8892362256,12
40,12.5997918278,12
40,11.864522208,12
82,15.6491585103,12
118,17.01403736,12
50,14.283067192,12
42,12.416827514,12
26,9.1825793262,12
114,16.752446198,12
32,11.5066074202,12
34,11.4081339071,12
34,11.330922981,12
38,10.838861951,12
58,14.533745052,12
28,10.565799046,12
82,14.6211780034,12
94,15.991625597,12
42,12.2045429305,12
34,11.2910912872,12
28,10.4420005531,12
130,17.5700037287,12
110,16.7819749224,12
36,11.2299744437,12
116,16.786873805,12
48,12.3803114558,12
34,11.601499579,12
130,17.456947527,12
106,16.0847689343,12
64,14.5095651981,12
26,9.7571676138,12
78,15.0538654276,12
48,12.50899213,12
84,15.725197313,12
56,11.958912843,12
44,11.4667091554,12
66,14.043016386,12
72,14.48919829,12
28,9.2838574894,12
22,8.0109527536,12
78,14.6996960603,12
118,16.4022031037,12
52,13.6946729284,12
52,11.3349600774,12
76,15.0849873379,12
36,11.806720483,12
90,15.3843521843,12
98,15.8407699496,12
102,15.8376981697,12
74,15.4873531133,12
26,10.594686645,12
20,8.623584959,12
118,16.8852880125,12
48,14.0085373018,12
116,16.7909593646,12
98,15.4420693426,12
110,17.113662104,12
82,16.0146117823,12
116,16.9990569484,12
120,17.071126679,12
86,15.1172622275,12
38,11.9290608882,12
106,15.873155427,12
82,14.8654568284,12
44,13.333850365,12
52,13.5987550541,12
54,12.355931937,12
134,17.867342597,12
56,11.8398453884,12
72,14.26741992,12
40,11.3274302515,12
64,12.7896208736,12
118,17.227621506,12
108,16.698457736,12
46,10.2536085854,12
28,8.3663981885,12
20,7.3975397834,12
30,8.5017825212,12
34,10.4475398226,12
28,10.233653669,12
94,14.509209896,12
42,11.4769008253,12
66,13.7507449485,12
28,8.3723810731,12
92,15.6191515936,12
56,13.4360135415,12
102,16.137707522,12
118,16.7119452393,12
86,15.7535100948,12
114,16.8077789812,12
24,10.2220733666,12
50,12.219335011,12
40,10.9701882214,12
92,15.427320493,12
96,15.2557897917,12
76,15.17506024,12
100,16.0451481028,12
56,13.426811851,12
44,13.0546770444,12
100,15.1645593184,12
42,12.7719390088,12
60,12.992241267,12
42,12.6802841287,12
66,13.1043600601,12
96,15.3858247993,12
118,16.9485877758,12
74,15.996507775,12
100,16.4882674747,12
342,20.518355434,13
212,17.0292047659,13
328,20.2917284338,13
350,21.2888379662,13
262,19.159293375,13
310,19.959022289,13
422,22.4336309098,13
244,18.1288199917,13
284,19.4680727311,13
270,18.9893387699,13
290,19.6553824429,13
420,22.3988822699,13
292,19.244501429,13
420,22.3988822699,13
350,21.288837966,13
288,20.170158671,13
238,18.007578359,13
322,19.9608430379,13
282,19.111441512,13
260,18.1057377932,13
308,19.3431827094,13
276,18.3140482763,13
370,21.603726054,13
352,20.6532907977,13
278,19.1976433168,13
276,19.5296972652,13
302,18.7786988383,13
138,13.9720569508,13
244,17.8910360255,13
174,16.1291434398,13
256,18.689019104,13
172,15.542804969,13
280,19.321414202,13
226,18.29472995,13
196,15.981750589,13
390,22.206513892,13
306,19.9181283738,13
250,18.480939182,13
82,11.005438775,13
318,19.9549750447,13
268,19.151567755,13
264,18.7121181502,13
292,20.0797485535,13
270,19.0574416946,13
312,20.7983970199,13
316,20.57078361,13
402,22.5940051226,13
402,22.594005123,13
368,21.6910350682,13
314,20.61195369,13
308,20.588737183,13
390,22.1031460404,13
390,22.1031460404,13
322,20.010440354,13
360,20.7017130731,13
288,19.1948569663,13
298,20.4019010026,13
282,19.8311974782,13
228,18.2703568188,13
362,21.5694154825,13
366,21.425780456,13
294,20.0744038896,13
246,18.6390926161,13
308,19.8568744368,13
360,21.350667347,13
302,19.69284574,13
326,19.7374171732,13
352,20.4526932563,13
244,18.348366201,13
286,19.1804672353,13
338,20.9617776311,13
306,19.6128239263,13
198,16.3746635927,13
252,19.441961422,13
310,19.756238271,13
326,21.3541537657,13
330,20.289863062,13
288,19.8078603252,13
322,19.9636203787,13
328,20.751007714,13
184,16.1838455318,13
304,20.578527544,13
486,23.910203712,13
326,20.34321361,13
400,22.132872438,13
308,19.6694502244,13
190,17.0379143257,13
138,14.5736755842,13
216,16.8362753592,13
134,13.724054493,13
288,19.5382461219,13
278,18.530847817,13
208,17.0867863699,13
246,17.8072398936,13
242,18.112405102,13
290,18.800627052,13
354,21.469009649,13
220,18.0005046691,13
252,18.3643125506,13
450,23.443666127,13
240,17.762773781,13
280,18.4538720003,13
218,17.394380738,13
254,18.2216590002,13
226,18.163041993,13
222,16.9358113451,13
352,21.779472672,13
352,21.779472672,13
158,15.4486506518,13
80,10.984271765,13
178,16.5007603848,13
402,21.6297891841,13
374,21.1498383602,13
356,21.289892491,13
164,15.9417517709,13
174,15.6515397203,13
128,13.6278975501,13
258,18.867545253,13
244,17.491892074,13
304,19.8978297382,13
242,17.331881289,13
354,21.279639369,13
192,16.193480554,13
294,19.987288227,13
362,21.571359599,13
178,16.140532081,13
308,20.596559101,13
412,22.671233983,13
368,21.7071275393,13
272,19.4586396406,13
302,20.4535970728,13
390,22.0676937795,13
472,24.0085902398,13
348,21.5727353216,13
298,19.34035914,13
298,19.0113008123,13
226,17.4568748213,13
192,16.4614652946,13
210,16.73263824,13
198,16.9071918498,13
276,19.733607138,13
404,22.0539837154,13
284,19.933545451,13
280,20.074601687,13
194,15.9194766215,13
392,22.496376224,13
370,21.6488657817,13
370,21.6019901781,13
260,19.8906952331,13
392,22.5811724792,13
334,20.4893794811,13
266,18.9411609404,13
468,23.903359486,13
214,18.480058956,13
402,22.675995408,13
300,20.3081997931,13
312,20.731152711,13
250,18.5683855011,13
406,21.9690061556,13
132,15.1165471717,13
478,24.041562501,13
268,19.410084302,13
166,16.2338104141,13
222,17.546232085,13
180,15.9067680211,13
334,21.033668055,13
314,20.4893763667,13
208,18.179340454,13
396,22.490023789,13
224,17.66793059,13
332,21.152008038,13
346,21.480085365,13
372,21.6879934001,13
466,23.2472957684,13
492,23.976376787,13
290,20.130642112,13
298,19.5613285637,13
288,19.8694114601,13
320,20.5131998602,13
262,19.3547163348,13
212,17.8544369589,13
242,18.6384942537,13
172,16.674483961,13
258,18.855940675,13
254,18.1349406812,13
310,20.666963013,13
442,23.0987725918,13
358,21.2724231093,13
362,21.7585649987,13
312,20.7131273993,13
370,21.4250796394,13
510,24.44234161,13
266,18.9239662498,13
198,15.9998585918,13
246,17.269560995,13
344,19.3189813242,13
394,22.4770401127,13
336,19.081062399,13
234,17.060667795,13
242,17.005601765,13
408,22.4328462187,13
236,18.2241722514,13
314,19.218692996,13
276,19.578615263,13
416,22.4716528619,13
336,20.240292242,13
332,20.2509609476,13
424,22.0481958565,13
244,18.498333163,13
290,18.1268015999,13
276,18.9082596646,13
194,16.5308925856,13
206,16.579196763,13
152,15.4775968055,13
260,18.162870585,13
290,19.71638945,13
284,19.7269351546,13
276,19.513729527,13
352,20.88219643,13
100,12.6596980231,13
114,12.516597835,13
414,22.5215641513,13
316,20.4699740733,13
406,22.449872887,13
334,20.9774194627,13
230,18.34124101,13
226,17.9946725211,13
244,18.046490249,13
172,16.5912623289,13
358,21.1580710805,13
196,17.7109952086,13
288,18.7657687475,13
260,19.5199132595,13
222,17.209771748,13
266,17.704581698,13
344,20.4654334853,13
280,18.3409809578,13
306,20.8432271002,13
370,22.0896499159,13
338,21.393892445,13
468,23.9710786372,13
402,22.7800912855,13
354,21.6393082491,13
190,17.7745165001,13
346,21.740276019,13
370,21.9216066144,13
304,20.564551806,13
372,21.6921108214,13
378,22.2135489694,13
530,24.5318427566,13
218,17.5700060505,13
258,18.6407740212,13
322,20.761248838,13
268,19.3120637525,13
290,19.91357028,13
354,21.5362157443,13
256,19.054049114,13
394,22.5412550739,13
328,20.7362210228,13
350,21.3290359563,13
264,19.510457523,13
240,18.509825253,13
148,15.5974062764,13
328,21.3733694103,13
448,23.0491164946,13
320,20.834591342,13
330,20.807938831,13
384,22.2211213143,13
416,22.8456830021,13
486,24.0312763365,13
190,17.194893557,13
396,22.91116624,13
264,19.704880185,13
306,20.299244897,13
244,18.234050059,13
96,11.0068873488,13
244,17.8778818736,13
266,17.7317437649,13
220,16.684882953,13
350,20.90070026,13
342,21.0440364793,13
216,17.227962706,13
372,22.4169694382,13
312,20.305098136,13
244,17.853016502,13
262,19.0639974764,13
160,15.7010247569,13
182,16.4469328297,13
286,19.0205370299,13
190,17.3812894273,13
216,17.883665129,13
240,16.9889609765,13
244,17.206675253,13
62,8.7654552681,13
128,13.548055204,13
214,17.0003303648,13
180,15.2885192283,13
138,13.7019256981,13
352,21.1276765482,13
440,23.0383031243,13
444,23.640967111,13
178,16.0858465865,13
106,11.919905224,13
92,11.109934377,13
406,22.974229159,13
94,12.0702634168,13
348,21.721993587,13
476,23.6487765022,13
246,18.8085262235,13
316,20.998984332,13
132,13.2683570569,13
210,16.5362048109,13
248,17.729990775,13
306,20.2733413809,13
384,22.1773313337,13
384,22.202983086,13
486,23.875732229,13
270,19.7934317509,13
126,13.1430879622,13
334,21.0336680549,13
198,17.822441739,13
394,22.7542865156,13
368,22.065014841,13
370,22.0195219795,13
184,16.3012646822,13
154,15.063682431,13
110,12.2536696889,13
256,18.9260573425,13
456,23.366034457,13
232,17.4728744324,13
180,16.012183114,13
112,13.404914647,13
250,18.507803627,13
388,21.5263215012,13
194,16.77685632,13
236,18.137589817,13
318,21.216293317,13
266,19.6780935888,13
136,15.237207863,13
204,17.411280988,13
186,15.8854712689,13
242,19.0226611713,13
288,20.098375958,13
288,20.70768092,13
378,22.239804499,13
272,19.7977571568,13
298,20.5503891647,13
302,21.049277211,13
366,21.9088610608,13
258,19.604773917,13
252,19.2580014,13
382,22.3383417111,13
274,19.7028727937,13
280,19.438839332,13
456,23.1473419373,13
196,17.0494076084,13
448,23.24248376,13
168,15.6011193025,13
170,15.3762812555,13
176,16.2126468423,13
308,21.05522553,13
102,12.3201824622,13
442,23.1666373618,13
424,22.9134799865,13
214,17.5503288417,13
444,23.484123983,13
440,23.741051801,13
266,19.3834912019,13
330,21.357877299,13
294,20.403823417,13
340,20.2745625807,13
284,20.6625696681,13
332,21.6749882947,13
276,19.2983784385,13
366,21.828586435,13
276,20.1805536464,13
386,22.8491492538,13
560,25.531991399,13
212,17.5732001661,13
340,21.0945166818,13
352,21.2855375235,13
214,17.9735938088,13
134,15.0945978171,13
232,18.6969800203,13
496,24.6880689335,13
310,20.280215244,13
186,17.3618464077,13
324,20.9753929084,13
418,23.3692576177,13
424,23.501749267,13
350,21.5726451104,13
428,23.494825737,13
394,22.9793887897,13
344,21.931887725,13
400,22.9477672263,13
196,16.9744290634,13
252,18.8132226455,13
310,20.2309140964,13
218,18.011180167,13
354,21.889187607,13
402,22.789838675,13
226,18.0563188209,13
462,23.9906848821,13
360,21.5775899142,13
254,19.422604188,13
592,25.756821401,13
420,23.613131962,13
308,21.02430302,13
488,24.388342599,13
316,21.365985458,13
420,23.1147755583,13
238,19.0160113798,13
228,17.7244055795,13
224,17.6861426791,13
430,23.1720422459,13
178,16.208549888,13
500,24.435097645,13
426,23.1755132779,13
372,22.1314890737,13
216,17.516836399,13
520,24.708291783,13
442,23.4332763443,13
318,21.1443371636,13
210,18.47468278,13
382,22.6816361315,13
466,24.060092438,13
498,24.2176531533,13
172,14.8902860535,13
236,18.5399224651,13
262,19.259417565,13
174,15.0958489021,13
224,16.874513003,13
464,23.9222999349,13
144,14.0808103795,13
522,24.900521573,13
522,24.5509485391,13
332,21.553028793,13
222,18.6226229874,13
442,23.6116864131,13
322,21.413311285,13
420,22.863930728,13
382,21.6988037415,13
376,22.6247100632,13
234,19.16029063,13
264,20.3196745506,13
422,23.203210689,13
400,22.5636056096,13
402,22.5123864168,13
240,19.136627369,13
330,21.0913820695,13
302,20.433653136,13
240,19.0634318156,13
338,21.5893875671,13
430,23.50295752,13
154,16.83539811,13
420,23.3090658424,13
262,19.6287378977,13
342,21.7840252293,13
410,22.774931259,13
384,22.5002920059,13
320,21.497023762,13
518,24.8729744075,13
244,19.022869237,13
352,21.851955913,13
424,23.111446126,13
320,21.3623409022,13
136,15.686247682,13
348,21.2607739044,13
464,23.835403576,13
424,23.0689935944,13
442,23.4338698031,13
426,23.0313149248,13
298,21.045614184,13
336,21.544526064,13
112,13.4154434994,13
448,23.8207670942,13
196,16.8378192527,13
256,19.2874711017,13
218,18.017932154,13
256,19.231202112,13
364,22.0952991276,13
188,17.141145674,13
318,21.0941544644,13
162,16.5687980095,13
354,21.367629099,13
430,23.242807841,13
210,17.789386075,13
116,13.8506635106,13
282,20.486314768,13
360,21.6749946874,13
392,22.7648755348,13
350,21.964031705,13
344,21.87742871,13
220,18.411927325,13
326,21.299820586,13
372,22.5025587322,13
320,21.1815151423,13
242,18.941453715,13
400,23.0791398799,13
230,18.8390497696,13
246,18.8950004891,13
400,22.326579035,13
364,22.1384438374,13
388,22.8324714065,13
358,22.3357151501,13
378,22.0111272694,13
430,23.572454176,13
294,20.2954933605,13
328,21.7300048696,13
330,21.6309980136,13
384,22.1037659867,13
212,18.4033153134,13
116,11.8549693471,13
194,15.7119770117,13
466,23.454316896,13
68,9.0271857339,13
120,12.5479791836,13
90,11.112361264,13
442,23.6875396908,13
482,24.179318501,13
462,23.7669591451,13
306,20.664422599,13
232,18.5061602351,13
452,23.7117101148,13
278,20.6218453071,13
256,19.1427010599,13
278,19.409487157,13
236,18.8634386208,13
184,16.8049674838,13
276,19.6923444467,13
242,19.035241983,13
146,13.9002406147,13
48,6.5108981214,13
60,8.5779923304,13
32,5.2086109485,13
110,16.5918845033,13
102,14.3821322949,13
108,16.372814497,13
130,16.7778539937,13
68,14.836650872,13
94,17.318162564,13
126,16.6101947769,13
98,16.9344969205,13
122,17.9421204389,13
178,18.632668629,13
100,15.1449259893,13
262,21.2856804308,13
140,17.2645441023,13
184,19.181825403,13
176,18.468211324,13
126,17.3320733337,13
72,12.0650863511,13
62,11.8964020867,13
94,17.5503980489,13
88,15.5812379761,13
144,16.9957127949,13
102,14.940677637,13
86,15.577629412,13
62,13.2002604093,13
80,13.8540254494,13
56,14.4392553545,13
76,15.17190856,13
148,18.075408965,13
82,16.5823453781,13
62,14.776803861,13
70,14.8164009713,13
136,17.6677503096,13
80,16.6197306881,13
72,16.4314222615,13
172,18.6338852526,13
202,19.2493097233,13
76,15.8439978593,13
192,19.1663844143,13
156,17.4262678513,13
164,18.347115962,13
156,18.0163583163,13
140,17.638871673,13
72,15.2595971743,13
108,17.004548204,13
74,15.7728698669,13
166,18.244366508,13
88,16.1554070945,13
142,17.8390740089,13
196,18.4429505405,13
86,16.0146295093,13
102,16.248306338,13
82,16.709182774,13
126,17.6906673338,13
124,17.0520426501,13
132,16.7922576074,13
72,14.5314601554,13
90,17.3640835997,13
44,9.9373253765,13
104,13.9000808792,13
56,12.7760952258,13
136,16.560620294,13
48,11.9671597399,13
102,17.2984526795,13
140,16.2607262024,13
124,18.1106072213,13
58,14.178142414,13
94,15.5313499379,13
118,15.380609959,13
148,16.30944855,13
66,14.8330030526,13
78,15.1639132549,13
84,16.381458514,13
160,17.6188766375,13
132,17.826298683,13
126,17.0172751164,13
144,17.582007831,13
50,14.1408797739,13
160,17.3914122032,13
60,14.5362244595,13
32,10.3974448,13
62,13.8992663842,13
94,14.1382034845,13
98,16.7273478303,13
72,15.9260441412,13
102,16.0877424868,13
68,14.141365968,13
64,13.998685643,13
82,15.9270835373,13
136,18.5054317534,13
66,14.632980427,13
26,11.3674817762,13
46,10.8248260811,13
184,18.7784409567,13
160,17.935576091,13
84,16.666900976,13
70,15.1317440645,13
58,13.9416442653,13
58,15.2766083478,13
192,19.810639311,13
152,18.839959859,13
144,18.2076417801,13
104,18.5711635477,13
156,17.9762456879,13
172,18.5059876585,13
178,19.2296974276,13
108,14.9511670031,13
86,14.021197765,13
84,14.2524587661,13
140,15.9160809635,13
38,11.4995572799,13
72,14.2694843391,13
112,17.0933475932,13
154,18.473106668,13
172,18.569072593,13
48,13.5439769227,13
460,21.250024357,14
474,22.2048852519,14
646,24.704708945,14
628,24.5239882054,14
504,22.7167000038,14
368,20.3672841976,14
406,20.7203932663,14
478,22.836670246,14
432,21.3492977626,14
610,23.7643604,14
330,19.315046745,14
524,23.27435003,14
392,20.7383933315,14
508,22.6034707045,14
292,18.262395092,14
342,19.525044005,14
572,24.082863467,14
474,22.4786379969,14
434,21.524027731,14
396,20.438600967,14
334,19.7041295935,14
614,24.7849739231,14
584,23.9381516642,14
360,19.58239628,14
380,20.13143874,14
552,23.8955948276,14
370,19.898991309,14
658,24.9821934513,14
366,21.0638294304,14
330,19.612271229,14
416,21.6271515309,14
344,20.287505758,14
418,20.9205770388,14
386,21.242374044,14
742,25.9520515284,14
676,24.869021474,14
354,19.9047547832,14
572,23.155889198,14
406,21.1382762433,14
440,21.3023601183,14
296,19.0857531618,14
328,19.190997232,14
484,22.3986640392,14
614,24.1588428918,14
316,19.171916224,14
590,23.6166405503,14
848,26.9652326777,14
464,22.1760993074,14
836,26.77880342,14
652,25.494042598,14
436,20.709560869,14
418,20.079230588,14
362,19.9638047753,14
308,18.8803566013,14
736,26.1118733562,14
712,25.8572670523,14
646,24.879178597,14
658,24.637281766,14
450,21.732087471,14
714,25.753409301,14
464,22.574630743,14
710,26.205863344,14
612,25.2929880367,14
536,23.694536224,14
506,22.8229702662,14
420,21.028691357,14
542,23.256525495,14
424,20.1232978229,14
658,25.1423032705,14
546,22.935551206,14
750,26.3926681131,14
604,24.7180158602,14
524,22.936243257,14
464,21.741387664,14
466,22.0314597788,14
562,23.812919176,14
568,23.9993942789,14
630,24.8660231338,14
612,24.4120715704,14
470,23.185154694,14
704,25.714105976,14
392,21.427723052,14
298,19.334421486,14
574,23.188648231,14
478,22.1235070647,14
480,22.74438971,14
548,23.753211696,14
666,24.621836003,14
816,26.8565997613,14
392,20.809025813,14
442,21.0770824132,14
610,23.714589875,14
404,21.698849098,14
432,21.53865354,14
386,20.6999747012,14
604,24.365789531,14
452,22.7154091082,14
540,23.687137747,14
538,23.4959146018,14
498,23.277337404,14
476,22.8265934263,14
584,24.245800784,14
432,21.869714665,14
496,23.55255553,14
770,26.4483278239,14
386,20.9067679593,14
364,20.6929406089,14
492,23.0135972627,14
424,21.971142248,14
550,24.146029524,14
160,14.1840467266,14
608,23.031829543,14
480,20.883442435,14
466,22.13575315,14
450,22.119389573,14
648,24.0360413424,14
506,22.730107664,14
302,18.3748629235,14
496,22.7426473203,14
406,21.309721233,14
720,25.9052402113,14
640,24.879326914,14
712,25.978817913,14
418,21.0464890878,14
700,25.4743222722,14
712,25.869108581,14
444,22.749208375,14
374,20.220920599,14
668,24.53876422,14
176,15.4687302419,14
676,25.0349690483,14
286,17.1173193729,14
200,16.7028293718,14
274,18.534457034,14
472,22.659147063,14
424,20.9357287701,14
526,23.5576705761,14
522,23.3053217011,14
444,22.6277005207,14
244,16.7044117514,14
598,24.180888287,14
404,21.27234479,14
532,23.843500676,14
520,23.493610668,14
492,22.2830638792,14
550,23.784807844,14
432,21.072418613,14
438,20.9175066593,14
608,24.2772977773,14
614,23.949176912,14
390,21.411315809,14
358,20.9992269234,14
524,23.6749223438,14
392,21.079729925,14
618,24.3628408978,14
704,25.490676855,14
604,24.473145358,14
616,24.575403164,14
500,22.9748506596,14
212,16.064998411,14
640,24.1332398644,14
826,26.4019819337,14
550,22.955390952,14
530,23.685995415,14
654,25.1472962251,14
726,25.869081592,14
458,22.9272314092,14
488,23.302627167,14
696,25.1474264599,14
560,23.794876639,14
382,19.2441754426,14
630,24.542032203,14
622,24.6493219277,14
304,18.4618533263,14
636,24.5134992984,14
450,22.383301055,14
506,21.3131384211,14
204,16.6321426135,14
582,24.2959998316,14
262,18.022948012,14
452,22.3018369896,14
200,14.7562860574,14
554,23.4174339438,14
450,22.128953281,14
508,23.1341577592,14
248,17.691699363,14
670,25.097061391,14
372,21.186200907,14
508,23.0161364138,14
366,20.6184608433,14
536,23.0993464251,14
736,26.019512354,14
714,25.7803602195,14
508,22.4094375396,14
588,23.7398416122,14
402,21.4530292273,14
532,24.129476922,14
552,23.324011591,14
650,25.23183716,14
482,23.2057658002,14
528,23.4651847101,14
856,26.8870490458,14
612,25.012000239,14
580,24.745719566,14
590,24.2331308719,14
512,22.649873346,14
274,18.8678992752,14
496,23.132193204,14
608,25.051450258,14
658,25.0094970826,14
642,25.312482251,14
708,26.11256311,14
684,25.791204085,14
596,24.3015386537,14
334,20.8329550377,14
510,22.9403838521,14
602,24.140619624,14
452,22.408479945,14
478,23.1798883204,14
744,26.3456048138,14
748,26.2885085267,14
224,15.694170117,14
224,15.8611352534,14
270,16.7966982638,14
336,18.4736806816,14
260,17.0430818143,14
230,16.3689675269,14
114,12.7817037892,14
418,21.5819847791,14
212,15.4897356514,14
528,23.9135610538,14
372,20.5084229772,14
358,20.3899004978,14
466,21.905416683,14
598,24.5892582871,14
384,21.907895355,14
306,20.345366224,14
466,22.4977639022,14
358,19.9178009004,14
568,24.2793748115,14
116,13.0482249133,14
828,26.8424633604,14
840,26.9713118834,14
446,21.4597847452,14
742,26.009209453,14
430,20.052141073,14
766,26.4872490805,14
686,25.785638215,14
750,26.8009049819,14
448,21.3258292392,14
282,17.6483227328,14
506,22.62615927,14
890,27.8852848651,14
630,24.900996198,14
600,24.481378199,14
432,22.0049918317,14
510,23.8005309388,14
932,28.2872046125,14
586,24.382273889,14
414,21.883071927,14
318,19.183994658,14
540,24.3805017468,14
600,25.1098699451,14
274,19.1826603422,14
596,24.988752625,14
526,24.097698245,14
744,26.6349747416,14
498,22.255363581,14
488,23.0056752008,14
584,24.927638706,14
648,25.163118154,14
458,22.009932902,14
460,22.191411788,14
358,21.304967514,14
454,22.9565455358,14
390,22.243650251,14
734,26.4284613262,14
598,25.132587249,14
500,23.44154343,14
446,22.817136561,14
556,23.114994193,14
198,15.0401149833,14
160,14.0090735698,14
914,28.1120698727,14
786,26.8606346717,14
384,21.0489240586,14
348,20.5408040104,14
760,26.544155368,14
518,23.2748106,14
576,24.428633728,14
570,24.0498203038,14
548,23.822453091,14
490,22.988521336,14
614,24.716096752,14
534,23.981517891,14
456,22.9426595456,14
580,24.538226074,14
360,20.307081978,14
306,19.8665657537,14
590,25.034511737,14
384,21.505515491,14
448,23.2258275582,14
288,20.089135858,14
434,22.4732830726,14
552,24.0205649191,14
266,19.769579129,14
568,24.2508668878,14
462,22.562437489,14
708,26.0290381492,14
580,24.3396408463,14
354,20.782348138,14
430,21.7526757938,14
560,24.164627106,14
376,21.4850817206,14
530,23.3989192272,14
560,23.915164171,14
474,23.2584106656,14
598,24.582823497,14
448,22.7343975329,14
366,21.3399487421,14
490,22.550501649,14
316,18.7703514734,14
406,20.9221583247,14
260,18.5318723225,14
372,21.202810677,14
436,22.6937976,14
478,22.9880859663,14
714,25.9694263182,14
478,22.86175036,14
442,22.482862154,14
470,22.952533727,14
498,23.5439928302,14
390,19.2017841673,14
190,14.9492251924,14
54,6.56860931492,14
492,23.6708325516,14
210,17.5179648341,14
422,21.9645126125,14
124,12.686376682,14
126,13.957538248,14
146,18.1459592014,14
242,19.351081733,14
220,21.5840891281,14
190,21.2597415512,14
130,18.8504671282,14
204,18.573087045,14
284,20.1329795606,14
208,19.5271349435,14
282,21.3253717095,14
256,20.4764955152,14
186,20.748524159,14
206,20.7109183498,14
252,21.3677289938,14
260,21.378929629,14
244,20.8986352547,14
178,19.996961865,14
238,19.3995600592,14
170,16.330036224,14
276,20.665015763,14
210,19.282043499,14
318,20.891896873,14
250,20.114902043,14
42,12.840921158,14
184,20.495964561,14
292,21.956579712,14
214,18.4702325808,14
342,22.6224458642,14
128,18.549212116,14
154,19.734119871,14
208,20.636534754,14
164,19.7872256499,14
116,17.7830512055,14
204,17.7146727593,14
162,17.2634662603,14
128,15.942160012,14
130,18.0139830021,14
266,19.747434332,14
108,17.484819868,14
170,19.6661329777,14
292,22.160169684,14
98,16.9099037952,14
174,19.804833315,14
124,16.298416146,14
38,13.1081059857,14
200,20.8144028553,14
154,19.8308231047,14
236,21.8438220333,14
128,18.863549357,14
138,19.373931893,14
282,20.793946025,14
108,16.9930026768,14
198,18.5664079862,14
66,15.8463903193,14
192,20.305389117,14
50,13.6726653885,14
128,18.1942715339,14
126,15.9651043133,14
176,17.8370430354,14
76,16.025256437,14
56,12.8253359846,14
58,15.6209873519,14
218,20.2734644819,14
176,18.802633858,14
246,20.3313154954,14
212,19.3330856132,14
164,17.67813813,14
214,18.2654663482,14
90,14.4227564539,14
164,19.77415527,14
156,19.0909649943,14
230,18.3130540352,14
236,20.6998321946,14
154,19.3466015732,14
162,18.781514638,14
156,19.0909649943,14
90,17.70109357,14
262,21.4416736559,14
234,19.1993199395,14
206,20.63495096,14
160,17.7643929076,14
214,20.157141011,14
140,19.138902731,14
114,19.0827556934,14
174,19.6053381404,14
174,19.2158819544,14
318,22.082076557,14
122,18.4937322493,14
142,18.953127053,14
144,19.4597839848,14
238,19.7042921892,14
98,17.4299635096,14
244,20.5999107912,14
182,19.5278408771,14
288,21.0328533118,14
276,21.070363915,14
186,20.847076854,14
218,20.3300554357,14
202,18.0949733724,14
146,20.426498673,14
94,17.9555623065,14
216,20.0448397489,14
258,20.7671115455,14
68,16.4873529829,14
146,19.3935830959,14
274,21.1804594322,14
142,19.7159879655,14
328,21.9049220669,14
190,20.00507605,14
116,17.5260325891,14
150,20.087767541,14
176,20.3316256182,14
244,19.945742169,14
234,20.9238324437,14
122,19.3494832457,14
416,23.7486267894,14
276,21.623454433,14
298,20.9075496112,14
208,19.687512056,14
178,20.2880488982,14
258,20.8436268899,14
166,19.151113749,14
268,21.0558350987,14
166,19.138423723,14
156,19.5075378426,14
182,19.068286189,14
56,14.6186354185,14
54,14.0665642562,14
130,19.365425854,14
118,18.484468861,14
186,20.876067115,14
182,20.0247071206,14
230,20.988275318,14
150,19.8769114444,14
180,20.5478950553,14
116,15.7994972457,14
72,14.9525263766,14
220,20.610946953,14
232,19.9506881387,14
58,13.3616719115,14
124,17.1567498,14
208,18.9586788878,14
50,14.8602150242,14
150,18.599412155,14
154,18.005190153,14
114,17.480146651,14
68,15.9551237719,14
304,20.072243135,14
136,19.4508956402,14
102,16.913607954,14
64,15.8336358654,14
280,20.9177193653,14
166,20.3078065899,14
82,13.6952723885,14
122,18.4234651203,14
240,19.801353156,14
230,19.5084070868,14
126,15.4401698693,14
262,21.308174182,14
110,18.0712201976,14
110,19.0342263072,14
160,18.902712412,14
152,18.854442017,14
116,16.7788446081,14
248,20.988725842,14
170,19.6967502208,14
198,18.636683273,14
308,23.0574987891,14
94,16.7608788707,14
80,16.0756512457,14
174,19.3784335974,14
326,22.648411018,14
84,15.5145202812,14
312,21.594187624,14
228,21.0131972083,14
222,20.510417332,14
290,20.9848623045,14
118,17.7263540154,14
132,19.6152579093,14
156,18.959812994,14
190,19.770117143,14
150,20.044039987,14
286,20.852774154,14
92,17.5366720777,14
126,19.1526107891,14
162,18.424746879,14
204,19.6808896407,14
272,21.644440856,14
236,21.030202448,14
100,17.713376274,14
94,17.9130357304,14
54,13.0231280816,14
82,17.49220242,14
104,17.7177219536,14
142,17.5470280427,14
296,21.567048968,14
216,19.847352267,14
314,21.832557799,14
176,18.0230528646,14
162,17.3381038287,14
116,17.2679815003,14
364,22.9721412408,14
36,12.574503141,14
234,19.869811625,14
102,16.6441610956,14
66,14.639185777,14
166,18.7710461796,14
108,17.2804121249,14
72,15.3294569053,14
162,18.1064160101,14
46,11.5597271605,14
256,20.4649297931,14
206,19.056587181,14
144,17.9310269235,14
286,21.802685108,14
144,18.9283125763,14
172,18.514522811,14
114,18.9185315913,14
208,19.064072213,14
262,21.713641992,14
236,20.3813612677,14
144,17.081250528,14
180,19.7927578578,14
102,16.6880862681,14
246,19.7683439119,14
124,15.6099372514,14
250,19.9267271693,14
90,16.468131476,14
276,20.9482110312,14
298,21.46950411,14
298,21.46950411,14
72,15.8444865546,14
222,19.239457093,14
240,20.642623914,14
132,16.8858090176,14
132,19.040111751,14
96,13.6409625535,14
74,16.621145355,14
218,19.116093091,14
86,15.708824635,14
128,18.6563934507,14
190,18.1421246829,14
24,9.9403428207,14
84,17.1973086378,14
94,17.040748049,14
266,21.7992689025,14
144,19.073908287,14
214,19.9972986641,14
214,21.461117685,14
148,19.7029323583,14
50,15.4605304875,14
48,13.618503186,14
204,20.2014375499,14
180,19.4027965781,14
398,23.861973372,14
234,20.3480868188,14
194,21.2718012156,14
150,19.083466009,14
348,23.389925547,14
324,23.0736840347,14
152,20.081163594,14
300,22.7150720453,14
142,20.273881316,14
194,18.0718927105,14
80,15.4760903061,14
148,19.7233582383,14
338,23.4034280782,14
166,19.639248489,14
74,16.268632027,14
294,21.3246011509,14
100,13.5565375689,14
94,13.6898569974,14
174,20.3367854839,14
166,16.374355349,14
262,20.550209351,14
198,18.941225968,14
210,19.1155989083,14
254,20.179054495,14
94,17.5030308988,14
170,18.5482984032,14
68,14.5876337893,14
258,20.570147873,14
178,17.6569607278,14
102,17.372065762,14
194,20.6101438415,14
124,18.0558065161,14
108,16.6550191798,14
230,20.537582937,14
136,18.617938247,14
88,17.5271443348,14
196,21.1527143655,14
132,19.9246376316,14
284,21.2928660844,14
116,18.0386206632,14
174,19.8399187993,14
120,18.1781752095,14
158,19.2402878113,14
178,21.3132424291,14
196,20.7994078394,14
170,20.766165099,14
266,22.3375801147,14
138,18.9173133379,14
196,20.029672165,14
344,22.3685136966,14
114,18.84259246,14
82,14.7287336977,14
196,19.381065792,14
210,19.89836426,14
356,23.0610784575,14
148,19.2980452862,14
308,22.8390993336,14
132,18.579290538,14
168,20.3825806279,14
182,20.1677636243,14
82,17.43113275,14
74,15.9310857522,14
96,16.5364423452,14
234,20.858802397,14
248,21.676115268,14
82,16.8524008507,14
244,20.4642261546,14
226,20.384725309,14
64,15.1816126645,14
114,19.3961237915,14
240,21.4048195773,14
252,22.468471334,14
130,18.0269805378,14
222,21.234242499,14
276,21.923698296,14
200,21.9477280765,14
142,19.8873821773,14
190,19.3025007681,14
120,16.6132036669,14
128,19.182071455,14
186,18.3887739893,14
78,14.6860502957,14
92,15.7388832426,14
174,20.5097486278,14
74,16.1044115343,14
66,15.685775335,14
158,20.466912091,14
126,18.529404733,14
202,19.1780587457,14
88,15.4441803652,14
202,20.5255463043,14
262,21.0458681601,14
48,13.7932385806,14
244,19.6024676253,14
164,19.8770830023,14
158,19.131499968,14
220,21.4825328076,14
136,19.0757723734,14
66,12.7860247141,14
128,15.2716133082,14
82,17.4130522928,14
176,20.9402195088,14
288,22.030105503,14
140,17.9750077173,14
98,18.1287401571,14
92,18.058835154,14
350,22.280122178,14
854,25.0385295069,15
1070,27.107694306,15
636,22.5945026185,15
458,20.128102943,15
794,24.521450862,15
542,20.9583267444,15
860,25.6777084737,15
694,24.563807367,15
510,21.796493496,15
540,20.351193098,15
666,23.5748786972,15
780,24.742014605,15
668,24.19440159,15
676,23.355262141,15
592,22.5228461932,15
896,25.923332327,15
946,26.1092229438,15
946,26.1092229438,15
990,26.7528284965,15
360,19.6704374142,15
944,26.4669639845,15
892,25.466876627,15
794,24.430646547,15
808,24.1695250455,15
1160,27.8944382218,15
1058,27.3696485829,15
468,20.888150735,15
1028,26.742808916,15
1002,26.5559467752,15
1010,26.9270888003,15
1132,27.647365016,15
714,25.020238911,15
568,23.5879500621,15
900,25.8945213423,15
1016,27.303427324,15
1090,27.460596331,15
476,21.660723123,15
540,21.9066418661,15
602,21.909036565,15
854,25.928297978,15
1126,27.738203786,15
610,22.5964983436,15
400,20.0796438865,15
976,27.0077439448,15
974,27.0677364658,15
322,19.0613329781,15
696,23.018144945,15
268,17.0583793138,15
986,26.128421036,15
908,26.0433342665,15
728,23.6323383148,15
340,18.474680732,15
810,25.249332801,15
652,22.9485414557,15
554,23.0483877316,15
1012,27.1453794614,15
498,21.023718137,15
600,22.668601178,15
738,24.6587981425,15
1170,28.6424098337,15
1000,25.9556705007,15
1074,27.6911288432,15
902,25.906289916,15
714,23.7124544588,15
814,24.595595156,15
932,26.278493229,15
788,24.8952393298,15
988,26.4783599551,15
790,24.5729350977,15
1226,28.7172197413,15
668,23.720053969,15
896,25.9177245777,15
674,23.132924757,15
1188,28.0723049426,15
1222,28.363170541,15
708,23.8678663045,15
980,26.4114644374,15
544,20.365552008,15
860,25.425709675,15
840,24.3642584,15
556,21.2940878767,15
718,23.3093428,15
650,23.4096901234,15
470,21.5127904895,15
978,26.911896444,15
632,23.416833903,15
804,25.557599456,15
712,23.915259115,15
798,25.3955172284,15
800,25.1173912583,15
1042,26.647981608,15
780,24.963604919,15
718,24.2466184613,15
622,22.6768417489,15
172,13.971327848,15
1174,26.958256158,15
910,24.5701407177,15
908,25.259633661,15
1302,28.6245131303,15
856,25.2049633785,15
754,24.7677464303,15
870,25.90480918,15
868,25.913657243,15
1006,26.19740208,15
1032,26.8757039399,15
332,18.3857249336,15
910,25.669916469,15
368,19.4749486543,15
368,19.4749486543,15
676,24.479836579,15
1106,27.724794377,15
696,25.456554383,15
452,21.138276448,15
740,24.507296671,15
1058,27.807876657,15
1126,28.3959142805,15
870,25.2488980462,15
944,26.478801066,15
852,25.680156821,15
404,20.7150354724,15
748,24.885869777,15
1214,28.478698642,15
742,25.6105932543,15
946,25.9959824414,15
564,22.862085686,15
884,26.050623914,15
862,25.7267332153,15
682,23.476540099,15
660,22.9167792824,15
560,23.0713652423,15
872,25.809154397,15
712,25.647976894,15
948,26.860564698,15
860,26.578066469,15
1064,27.081377714,15
734,24.7401852738,15
868,26.9996362626,15
1236,27.6552507835,15
982,27.262597998,15
548,22.668067696,15
594,23.4249840866,15
578,22.8259138961,15
1312,28.4697891011,15
326,18.1080976362,15
638,23.5521802874,15
764,24.593065256,15
390,18.7092326644,15
896,25.3925293575,15
350,18.2407633555,15
888,26.8178580769,15
604,23.7461129316,15
918,25.8253197703,15
1030,27.2416210827,15
606,23.0814248627,15
834,25.7260496401,15
1010,27.1000418794,15
1084,27.1790405669,15
464,22.009680308,15
960,25.9330311026,15
810,24.9715842985,15
608,22.8002722861,15
824,24.8114600776,15
746,24.837586278,15
1062,27.595439014,15
560,23.017307447,15
634,22.80961442,15
628,23.8726488764,15
1110,28.104744296,15
604,23.2977540536,15
444,20.2808859085,15
342,18.0187496741,15
728,25.2139272921,15
352,19.2752715798,15
664,22.004454196,15
674,24.39535482,15
766,23.6889539193,15
676,22.1374651096,15
876,25.266693352,15
848,25.3221985265,15
842,24.369725233,15
544,22.504996639,15
972,26.0602476508,15
518,20.008327762,15
1000,26.017233288,15
886,25.0053928468,15
908,25.278161584,15
756,24.055215824,15
540,21.436190907,15
820,24.658315653,15
726,24.36449781,15
1168,27.88068387,15
938,25.379003861,15
434,20.8981119808,15
802,25.4099994194,15
982,26.12458754,15
910,26.0159262603,15
780,24.8826210919,15
720,22.930340053,15
992,27.193488144,15
980,27.343309076,15
776,24.259310539,15
752,25.1875881822,15
846,26.400469688,15
770,25.741882359,15
1108,28.012105128,15
1220,28.4015337808,15
962,25.6534604294,15
1428,30.068201681,15
1028,26.207342755,15
642,24.1331786285,15
680,24.2729961133,15
836,26.0337672083,15
722,25.071601736,15
254,15.5746308932,15
498,19.9663517126,15
1042,27.8092456022,15
974,26.8860163235,15
898,25.582144818,15
616,23.7805566738,15
494,20.7563734625,15
604,23.9098846585,15
648,24.584952486,15
1030,27.6238511771,15
782,25.205864746,15
776,24.660343293,15
956,26.933548533,15
1288,29.256039676,15
560,22.5290157406,15
912,26.644631293,15
980,27.3195332553,15
878,26.1060076923,15
1072,27.303269552,15
904,26.2140355382,15
716,25.362411164,15
606,23.811173244,15
1098,28.0288173307,15
1266,28.337523796,15
1068,27.4991082639,15
506,21.2759653097,15
586,21.6116169731,15
432,20.67782654,15
580,22.6151901709,15
968,26.060830963,15
1120,27.4770854765,15
580,22.8104891283,15
886,25.326146412,15
528,22.391523702,15
418,20.793577418,15
578,22.9001524122,15
858,25.991299156,15
908,26.3693479162,15
1092,27.0981958762,15
822,25.197417226,15
610,23.4949019181,15
1066,27.0364543923,15
788,25.4035594939,15
730,24.5936378038,15
528,22.4624017894,15
372,19.242625655,15
386,18.5297168241,15
668,23.7001575822,15
188,13.741365978,15
916,25.6391619606,15
804,25.2501304716,15
876,25.837592892,15
764,25.19647387,15
826,25.767394985,15
540,22.529854067,15
934,26.0918790774,15
668,23.741027294,15
488,20.587131507,15
576,23.407208688,15
1140,28.0841238639,15
786,25.787339603,15
668,24.060414957,15
476,21.3562701134,15
578,23.050727976,15
1520,29.889212171,15
762,25.406393552,15
886,25.5110217427,15
922,26.6003071363,15
686,24.468458465,15
956,26.765342541,15
800,24.1065795954,15
1004,27.196914422,15
1142,28.4527268163,15
1250,29.050499221,15
1472,30.1544272207,15
1340,29.4719991,15
870,26.0235029741,15
1000,27.600232936,15
764,25.736649333,15
922,26.6492003442,15
1192,28.447943899,15
998,27.00698583,15
1022,27.6566096676,15
952,27.2410336883,15
1252,29.0508650319,15
1162,27.9711675797,15
830,25.5411654659,15
944,26.3183091832,15
850,25.481850871,15
1442,29.278282943,15
420,20.219622411,15
452,20.457947804,15
916,26.0401979558,15
260,17.421831763,15
540,20.9980589313,15
682,24.6648083766,15
786,25.889869046,15
1032,27.5296034569,15
944,26.889464572,15
466,21.378320555,15
708,24.6133723306,15
1048,27.837709885,15
854,26.048086251,15
842,25.692362098,15
1002,27.287858011,15
1052,27.584834875,15
1026,27.459927372,15
1176,28.4946217756,15
830,26.3005878348,15
662,24.264458976,15
698,24.5703429875,15
638,23.4002085698,15
594,22.991335411,15
504,21.8018600693,15
584,22.09195904,15
886,26.234246014,15
748,25.009610933,15
1084,27.8983730298,15
760,24.592492662,15
730,24.436409974,15
1072,27.3621658045,15
1028,27.4504358261,15
1128,28.0450057492,15
1200,28.9111374524,15
976,25.9783658426,15
812,24.6814986441,15
1102,27.1334665106,15
658,24.374609235,15
640,23.6453104419,15
1090,28.150051856,15
706,23.8819041685,15
1132,28.286208625,15
818,26.014568225,15
1220,29.185559974,15
1098,27.952729115,15
752,24.6834802228,15
640,23.95529642,15
860,26.154976235,15
568,23.4089351457,15
870,25.9102022763,15
738,24.9801125466,15
516,22.3376773263,15
472,21.4881970573,15
476,22.0346033115,15
1072,27.882221655,15
954,27.2847037885,15
1002,27.614901806,15
716,24.761448771,15
730,24.7122198604,15
838,26.2029313159,15
538,22.5064376003,15
1084,28.174550769,15
526,22.47104569,15
626,24.0121944694,15
694,24.402071137,15
984,26.1172330734,15
596,23.2352216959,15
900,26.727985817,15
624,24.0224017787,15
338,18.8762125592,15
988,26.751284383,15
584,24.039996904,15
994,26.6839307655,15
1154,27.9874860879,15
1176,27.9837540036,15
776,25.2265640392,15
1196,28.9886976852,15
1210,29.1165911449,15
554,22.4411849848,15
576,22.665784986,15
724,24.2750463581,15
664,23.5183912946,15
564,23.1435566654,15
694,23.2295936062,15
1208,29.03192086,15
602,23.367239414,15
1700,31.845320365,15
1060,27.354682062,15
928,27.038527834,15
988,27.2044970508,15
862,26.356739646,15
1438,30.4190553893,15
598,22.9076263464,15
860,26.500077207,15
724,24.51028628,15
1218,29.1472329986,15
516,22.807379884,15
816,25.7586962203,15
1154,29.1038448224,15
1088,28.398402675,15
1392,30.234860336,15
666,24.5046684237,15
904,26.3959236997,15
1038,27.085015674,15
906,26.2384146963,15
904,25.87196755,15
1134,28.4379701675,15
1006,27.746370651,15
786,24.1391545223,15
1312,29.46138805,15
1460,30.628358726,15
536,21.8280036551,15
904,26.887196268,15
552,23.0436726894,15
1242,29.048262303,15
870,26.7751793525,15
590,23.3020006651,15
1754,31.8436817347,15
690,24.358100316,15
864,26.385025223,15
634,23.630447668,15
662,24.8611526941,15
1162,28.6751930806,15
1124,28.5773225716,15
886,26.366109953,15
1260,29.2457713279,15
1102,27.8791090353,15
582,21.732332921,15
692,23.571815088,15
544,21.807912089,15
434,20.4259650689,15
894,25.7052992772,15
990,26.1316596425,15
658,25.104978347,15
1386,29.603883298,15
1110,28.7732669344,15
1046,27.3845126321,15
374,19.166742239,15
516,21.092189055,15
462,21.324892566,15
934,26.88874282,15
716,24.646349326,15
834,26.000490979,15
790,25.304742219,15
934,27.0615115549,15
1256,29.2528847417,15
1146,28.3102853365,15
600,24.0984958871,15
800,25.5746831959,15
666,24.778313967,15
1002,27.3055653795,15
442,21.6830922433,15
578,23.680912669,15
852,26.436218023,15
546,23.2720554155,15
866,26.349451482,15
1152,28.5350993513,15
1260,29.114998749,15
1150,28.688344155,15
804,26.0045025575,15
830,26.3677607017,15
546,23.700529751,15
552,24.015840427,15
1200,28.7676420608,15
1134,28.403142676,15
1064,27.795259988,15
914,26.477941443,15
818,25.5953919879,15
322,19.3376369095,15
1106,28.535627224,15
1036,27.7524134214,15
1626,31.020725182,15
570,22.9951351202,15
616,24.2000724306,15
892,26.8557453578,15
696,24.409426426,15
1198,29.13129091,15
484,21.8355739283,15
596,23.8140266321,15
800,26.1658946783,15
802,25.363295719,15
438,21.027433557,15
494,21.943525371,15
656,24.2049436172,15
654,23.812514748,15
838,25.905511113,15
418,21.4880563022,15
1136,28.225650546,15
16,0,15
314,21.3295088524,15
428,23.607647499,15
430,23.1143642071,15
390,23.4385936,15
406,22.481158087,15
310,21.6058781707,15
244,22.4803518233,15
276,21.0059019202,15
270,23.351542513,15
306,22.259300753,15
464,24.030352007,15
378,22.1779182199,15
248,18.2281109622,15
302,21.9357997124,15
136,17.7270444167,15
298,19.5068734887,15
220,20.529567144,15
154,19.7876655946,15
214,18.8834944099,15
136,18.8462278678,15
94,13.8043542919,15
266,19.550660647,15
346,22.60810515,15
366,24.8054156381,15
204,20.8892518626,15
358,22.436790127,15
278,22.2021804526,15
178,18.6601886356,15
442,23.5743589841,15
100,17.7512161244,15
224,20.865264188,15
270,21.059373737,15
376,23.0176871861,15
284,21.1100167457,15
222,20.5911946014,15
234,23.2156743965,15
542,24.315054432,15
230,19.864972828,15
220,18.058053111,15
254,21.049363372,15
272,20.054748441,15
376,23.935767359,15
168,21.2004524171,15
234,18.9480971175,15
188,20.4821454774,15
160,20.0033142268,15
152,18.3745158954,15
162,18.5445813404,15
530,24.0863448176,15
230,20.9153242519,15
116,17.479862123,15
92,16.3787142116,15
26,9.1219639604,15
288,22.2116255219,15
314,23.114602961,15
260,22.5401130946,15
280,23.447445259,15
268,22.5392571321,15
160,20.4198558779,15
376,23.1451573476,15
210,20.420492705,15
90,12.9231868983,15
124,20.105828701,15
310,21.301024663,15
330,22.889001444,15
310,21.301024663,15
378,22.7231469066,15
506,24.569664636,15
290,21.3012955715,15
394,22.6696810843,15
124,17.930721171,15
82,16.182870539,15
250,21.562517121,15
458,23.8593477267,15
236,21.985140636,15
218,22.6361327002,15
280,22.203692538,15
230,19.0550204648,15
126,19.79861659,15
192,18.444876099,15
278,19.8720392753,15
186,21.1032185251,15
316,21.531263833,15
192,20.471565168,15
590,25.033455318,15
422,23.210904165,15
388,23.5399830931,15
160,21.241335947,15
360,23.343137435,15
204,20.446055915,15
278,22.6479744568,15
464,23.9420325037,15
224,20.794498976,15
368,22.6051997365,15
534,24.1159576802,15
538,24.8281309619,15
246,22.372024818,15
116,16.2030713775,15
168,19.3118597581,15
514,24.911425459,15
312,23.749883898,15
620,26.3575135719,15
564,24.7863048507,15
596,25.386164258,15
434,22.967060973,15
314,21.71872623,15
228,22.364443808,15
346,23.4394215279,15
188,21.9126713532,15
176,20.7395437852,15
218,21.6066919006,15
322,22.6596632188,15
136,17.1575049483,15
492,23.72547604,15
150,18.704654828,15
300,20.9770673706,15
376,20.654923694,15
410,22.9822958331,15
240,22.305094714,15
256,20.9121011899,15
240,22.615939221,15
174,20.8726291142,15
230,21.789212913,15
312,21.3300694712,15
470,23.0863899957,15
336,22.6372903097,15
236,19.2598897257,15
470,23.086389996,15
460,23.751182029,15
240,19.854641259,15
460,24.385049097,15
124,18.9867897159,15
214,21.533007097,15
112,18.1186600447,15
126,20.3300588146,15
154,18.5770471752,15
308,21.5763464941,15
166,19.761698905,15
472,23.9318497641,15
198,20.6780196004,15
264,22.448649396,15
376,24.2297576376,15
310,22.886091234,15
138,20.6732984812,15
374,22.965603784,15
410,23.9396742298,15
364,23.658986286,15
222,21.0294125812,15
116,17.72423157,15
236,21.5102489489,15
132,18.8869461902,15
120,18.034788685,15
184,21.179723902,15
416,21.8419129816,15
216,18.4818958312,15
122,19.960137094,15
88,18.12703108,15
258,20.0543205818,15
246,21.6165654704,15
548,25.414552682,15
538,25.2364384109,15
210,22.251302375,15
484,24.4415140003,15
364,22.942892047,15
180,19.51394261,15
342,23.6604792618,15
370,23.9700055815,15
186,20.0600781572,15
306,23.6737785618,15
366,22.569031075,15
90,17.8746871509,15
138,19.674459839,15
148,18.530769798,15
74,15.8727224748,15
140,17.6940988433,15
170,19.9947918839,15
66,16.9074039872,15
146,20.0045622313,15
146,19.9612330594,15
208,19.6510933087,15
180,17.9718294537,15
460,22.3645206963,15
60,14.4581577525,15
308,21.876007289,15
118,16.8612501298,15
178,21.5700234345,15
160,20.1455450275,15
214,21.298909936,15
136,19.5988137827,15
568,25.3335852785,15
338,21.2416062643,15
34,12.2667800124,15
534,23.825720956,15
202,21.7309148481,15
160,20.13946553,15
408,22.7844831266,15
248,22.4717424488,15
244,20.2520839136,15
196,20.002446936,15
148,18.821266926,15
476,24.2945775206,15
344,23.6643158293,15
442,23.914518149,15
214,21.4838686131,15
340,24.241058574,15
80,17.228318271,15
342,22.30541026,15
252,21.417930782,15
130,19.227609938,15
320,20.2751690174,15
108,17.5673527019,15
288,21.9985067893,15
132,18.7462437066,15
290,21.948234872,15
176,20.189441099,15
82,17.1796496676,15
48,12.3968989659,15
426,24.831929987,15
210,22.4555305758,15
262,22.0865282846,15
332,20.9093114915,15
134,16.9061839845,15
490,24.156053042,15
246,20.320913678,15
48,12.0469213784,15
216,19.6702715951,15
436,24.974301199,15
292,19.771709694,15
190,17.3943467857,15
224,20.5860746071,15
246,21.39408606,15
202,21.393942976,15
248,21.963235512,15
426,24.0897867234,15
140,19.728025788,15
294,23.535030452,15
290,20.6217791339,15
254,18.963084634,15
330,20.5942005762,15
360,22.3529026309,15
216,20.040919197,15
440,22.5337660158,15
206,21.678218564,15
300,23.619014712,15
358,23.312701489,15
244,22.097310618,15
364,21.823106944,15
170,20.9495792385,15
350,23.1652946238,15
214,17.6158134366,15
152,19.6442199127,15
426,23.2810164374,15
264,20.552616494,15
174,20.104892428,15
340,23.3590634696,15
114,18.6827099,15
462,25.1049596645,15
208,20.84515752,15
978,25.059675057,16
1238,25.3868953113,16
924,23.246249831,16
792,23.2438175227,16
1094,24.854892924,16
1184,26.293378061,16
930,24.661930009,16
1172,26.187634368,16
1236,27.155042918,16
1584,29.0346242632,16
680,22.703300625,16
1164,26.5703648704,16
1416,27.920233217,16
872,24.340940525,16
1234,26.982068598,16
542,20.1520304184,16
1128,25.2754896797,16
1184,26.8514163592,16
1364,27.8539954882,16
1544,28.9590723694,16
1810,30.007646834,16
1076,24.7879649585,16
386,18.4626503985,16
1026,24.6909940182,16
1052,25.8330163127,16
1304,26.4114989522,16
1288,26.5060007423,16
1360,27.0107295054,16
1210,27.795607665,16
1628,29.210513893,16
1522,28.827151893,16
1760,29.836678364,16
1044,26.058012882,16
1082,25.608122131,16
1476,28.743708495,16
680,22.8120017385,16
1118,26.16588806,16
1318,26.422831858,16
1936,30.4768557189,16
1758,29.0895035179,16
1214,26.515639143,16
1218,27.2400405909,16
874,23.2935233768,16
970,24.4000772489,16
2042,31.1438352871,16
1668,28.614584034,16
1216,26.978751549,16
1058,25.206961063,16
1794,30.45804418,16
1522,28.5847166212,16
1772,29.958444109,16
1652,28.96106909,16
656,21.8259614399,16
1252,26.708054296,16
1108,26.8102092533,16
992,25.441936652,16
1242,27.086902787,16
1318,27.225265314,16
1558,28.62840076,16
964,24.7061300166,16
860,23.6096591388,16
752,23.0775152349,16
1270,27.539462688,16
1632,29.292502395,16
1780,30.243615238,16
1140,26.146357202,16
1408,27.6584757303,16
748,22.5612723828,16
1430,29.2106071665,16
1358,28.5245076792,16
1304,27.2782841698,16
832,24.40883951,16
1500,28.864205247,16
1778,30.012938151,16
1568,28.555641384,16
1038,26.706348753,16
920,25.628294928,16
1070,25.0569937661,16
1156,26.4343898153,16
1468,28.859460085,16
1038,26.094274812,16
856,24.567621104,16
1488,28.42069416,16
1378,28.032582122,16
782,23.800037794,16
1132,26.781994334,16
1312,27.773739739,16
1310,26.5450007199,16
1678,29.531614955,16
1288,26.61286681,16
1340,28.195523008,16
1194,27.6913961859,16
1046,24.0159795807,16
1050,24.8718269196,16
1036,25.0662088639,16
1280,26.580004968,16
1622,29.139168998,16
600,21.2769350025,16
780,22.977231944,16
1008,25.174606615,16
1482,28.193633864,16
1684,29.1510720787,16
1162,25.453113624,16
1304,27.512232219,16
1824,29.6825216297,16
770,23.7944353844,16
1726,30.0835555906,16
1374,28.1955422022,16
1016,25.2327890114,16
1704,29.166587724,16
1358,27.0608566232,16
1396,27.603448424,16
1232,26.40936476,16
1054,24.762537495,16
1176,26.3608208851,16
1788,29.898173849,16
1522,28.1537217489,16
1852,29.282473515,16
1566,28.043697453,16
1178,26.7476839273,16
952,25.040504942,16
1274,26.357577371,16
1108,24.323380745,16
1148,26.1351098767,16
1412,25.847643932,16
852,23.020913459,16
830,22.280975859,16
1326,27.804192832,16
1518,28.896509084,16
1668,29.775057106,16
1018,25.5483133559,16
1090,24.8484579487,16
962,25.0579741745,16
1584,29.60439668,16
1456,27.2273545825,16
1180,26.997367054,16
1110,27.2076453911,16
1518,28.482225937,16
1222,27.7090388508,16
804,24.403970983,16
1570,28.8876415798,16
820,23.7544092964,16
1702,29.353254922,16
1942,31.005241072,16
1894,30.374607216,16
1726,30.4028386704,16
1374,27.3799200351,16
952,24.5999506653,16
1222,26.107246809,16
1360,27.4814686211,16
1018,25.818661367,16
806,23.71244326,16
638,22.0152292734,16
1248,27.083659272,16
942,25.088292446,16
1536,29.578890345,16
2164,31.7356588838,16
1518,28.937620804,16
1932,31.1020572833,16
1130,27.330105815,16
1314,27.88125495,16
676,23.247035533,16
1008,26.509835311,16
1210,28.2955704548,16
1554,30.08051972,16
2068,31.2359695999,16
956,26.110616278,16
1442,28.31872245,16
660,23.102567011,16
1074,26.0872865757,16
1738,30.031176268,16
1750,29.932049481,16
1724,30.590372592,16
1466,28.9428004852,16
1548,29.1651755491,16
2416,33.287401102,16
834,24.1217504159,16
1328,26.911094686,16
1350,27.872597282,16
2046,31.346492859,16
1868,30.9843660355,16
1096,25.9308471989,16
1230,27.00664594,16
976,26.01426823,16
1404,29.093086583,16
1542,28.905430055,16
1076,25.668889547,16
1642,29.1608096237,16
1522,28.4639540427,16
958,25.532715078,16
1636,29.08238068,16
630,21.9798611163,16
1194,27.994526909,16
1918,30.418158823,16
1570,29.395020526,16
746,23.49255031,16
1408,27.654425596,16
1234,27.249260434,16
1172,25.9977374658,16
1104,26.106890093,16
1722,30.2867594269,16
1360,27.8189756183,16
1400,27.2162579,16
1180,27.718761841,16
1230,27.614619369,16
1176,27.232464587,16
748,23.9241581282,16
1632,29.6669050659,16
1324,27.8187485742,16
1288,26.4036083692,16
1364,27.8344129,16
1054,26.1058556386,16
1382,28.0174552674,16
1572,28.6521456932,16
1026,26.380001974,16
1814,30.397903565,16
1264,27.9054712208,16
1306,26.8069169229,16
802,23.3912924486,16
1362,27.6284529777,16
1166,27.357539164,16
458,18.7900419809,16
1822,29.9937561631,16
472,19.0427642183,16
1332,26.476305425,16
1368,28.318732985,16
1716,29.7209058474,16
1654,29.637575832,16
1262,28.5018511897,16
1398,28.8910914406,16
744,21.292117543,16
1700,29.647613941,16
1912,30.3559052035,16
1740,30.1648329539,16
1736,29.682359287,16
1934,30.522554621,16
774,22.8222361682,16
1750,30.159373132,16
1454,28.766150109,16
1170,26.4189358814,16
2068,30.973814426,16
1704,29.8578023396,16
1094,26.748387206,16
1362,27.5543332046,16
1256,27.48647978,16
890,24.3231762879,16
1336,28.3725861121,16
1408,29.077270056,16
1728,30.2656044036,16
1266,27.41638461,16
1554,29.5501180566,16
1264,27.7238264182,16
1156,27.158451461,16
2204,32.354421694,16
1854,30.6434785196,16
1926,30.2417332251,16
1006,25.9073368726,16
2112,31.601381567,16
946,25.969337397,16
1242,27.3251637463,16
2308,32.1718279461,16
1486,29.6953551984,16
1024,26.5768129414,16
1198,27.3407980084,16
1072,26.923971767,16
932,24.245739257,16
370,18.5585113831,16
1246,27.6053107156,16
1310,28.4169591574,16
872,24.5819473755,16
814,23.4026649732,16
1482,28.890629443,16
1792,29.51341118,16
1262,27.8804686606,16
1474,28.205551175,16
1068,26.8186160663,16
1098,25.7098432102,16
2744,33.377489824,16
2058,31.3281318813,16
1172,27.429129847,16
1512,28.5614139499,16
1368,28.508923535,16
1818,30.4408676327,16
1448,29.4432212642,16
1792,30.3138491509,16
744,24.8030946207,16
1506,29.144873183,16
1506,29.020773785,16
198,13.5939850558,16
482,18.8624143735,16
2064,31.586108892,16
582,22.1757228345,16
878,24.8877517565,16
466,19.7740658221,16
236,15.3851972014,16
1108,26.617353682,16
1168,27.862853988,16
1436,29.1599872666,16
1038,26.835138971,16
1600,29.449491476,16
1412,29.0681986233,16
1766,29.922362698,16
892,23.53996177,16
1054,25.8804351109,16
1288,28.505427401,16
1162,27.8983061276,16
1724,30.761981908,16
1324,28.3849936982,16
1200,27.320812712,16
348,18.4115359302,16
1426,29.216484193,16
1512,28.4406509236,16
982,25.954621038,16
1256,27.914907175,16
1616,29.58884773,16
1610,28.320928856,16
1082,25.945793204,16
812,23.751438562,16
2318,32.943983082,16
506,20.385814948,16
1542,29.9253129747,16
1624,30.059808443,16
1222,27.225147242,16
1626,29.02171729,16
474,19.386878694,16
538,19.9083667332,16
1858,30.5322600586,16
1662,30.608532707,16
1424,28.261727267,16
1798,30.8760312226,16
2750,34.22796403,16
1142,26.9646205383,16
1276,27.494405768,16
1276,27.796948408,16
1716,30.434217056,16
1584,29.8235312925,16
1390,28.796036471,16
1492,29.624918087,16
1946,31.682486507,16
948,25.2916598674,16
348,19.3431378423,16
1188,26.93638999,16
1918,31.262025798,16
1494,29.4996198908,16
2200,32.348799338,16
2250,32.632088504,16
1846,31.262387309,16
1276,27.644055629,16
1144,27.727527846,16
1326,27.887270172,16
904,26.06326193,16
2582,33.615163304,16
1376,29.3636978037,16
1900,31.050272747,16
874,24.716089255,16
1698,30.207854899,16
2006,31.66985851,16
2274,32.605787782,16
1604,29.7752015578,16
1756,30.35333765,16
1404,28.8291124867,16
1748,30.279604694,16
942,26.303665026,16
494,18.4671157955,16
1336,27.348044464,16
606,21.143846477,16
1108,26.3165851645,16
856,24.414797861,16
1840,31.271454034,16
1062,24.8368386524,16
1532,29.0195756489,16
1184,27.61051347,16
1288,28.0856151086,16
1964,31.550703385,16
1354,28.9409853161,16
2058,31.6439521093,16
1972,31.5301284344,16
1464,28.4704771897,16
892,24.893922201,16
782,24.9350001619,16
786,25.042350719,16
1054,26.990093597,16
1122,27.3683215118,16
1730,30.404580976,16
2034,31.587119056,16
1512,28.769064831,16
1226,27.8084797164,16
1258,27.8877157625,16
2032,31.9589877181,16
1766,30.6991852705,16
1992,31.72005831,16
1732,30.5244743136,16
2202,32.527926094,16
1122,27.1942079491,16
1822,31.254441461,16
660,22.8134192366,16
1110,25.9224146757,16
276,15.3325464302,16
398,17.656051038,16
514,20.97473028,16
460,20.7661307004,16
952,25.787049064,16
1928,31.3554714882,16
1306,27.627676028,16
1002,26.6468542247,16
770,24.2821110509,16
1138,27.0167328283,16
1746,30.1855928001,16
516,21.2323314037,16
1314,28.408951175,16
360,18.361439162,16
882,26.0451451668,16
930,25.307474013,16
1096,27.111837587,16
1250,27.6252628754,16
1414,28.741178442,16
902,25.723595664,16
1486,28.593272491,16
354,18.410361452,16
1910,31.6852626919,16
1136,27.1204115988,16
1506,29.92282974,16
528,21.514957353,16
1298,27.7971820967,16
944,26.0408024186,16
1624,29.8669371677,16
700,21.199145196,16
1976,31.183636329,16
1130,27.1815669066,16
1068,26.4479302306,16
1126,26.6421673634,16
1034,26.378029424,16
338,20.5245563459,16
298,22.0695547146,16
172,19.5020613877,16
914,27.0418983861,16
382,23.9839358809,16
392,23.188272611,16
622,25.5119964635,16
112,17.9953282752,16
526,23.509832744,16
262,20.2641485134,16
334,23.8524374871,16
462,24.395864913,16
340,23.2788991872,16
226,21.573849747,16
398,22.8179241975,16
688,26.0778409075,16
156,20.6914969551,16
528,22.601552254,16
320,23.564145622,16
342,24.7541001437,16
350,24.4019230403,16
356,22.0032232883,16
454,25.646580497,16
856,28.0594880105,16
660,27.4883826613,16
428,25.592750586,16
298,20.853779765,16
538,27.383080182,16
274,22.384874349,16
730,26.500032469,16
270,23.155174718,16
248,22.510326164,16
580,25.815311629,16
418,23.2931909992,16
292,21.6551022217,16
238,20.5548208215,16
214,22.388115185,16
142,19.4993458774,16
274,22.6324844897,16
130,17.3589510842,16
354,21.7165824531,16
460,25.0477540061,16
316,22.053663325,16
628,24.5092387589,16
332,21.706517131,16
444,22.5500894664,16
734,25.7888428788,16
512,24.0977005362,16
568,25.7248310757,16
368,24.224872726,16
262,23.9469031236,16
362,23.6710180365,16
510,25.3028517506,16
232,21.9272983663,16
304,24.1434792407,16
666,23.904025609,16
540,26.3803020326,16
436,25.408378966,16
602,24.5051084743,16
300,22.7081562003,16
360,25.397955501,16
252,19.9270613371,16
766,26.094853466,16
294,22.0341326765,16
528,26.5335935795,16
346,24.803958167,16
396,21.7086528509,16
344,23.534019932,16
400,25.542722279,16
368,23.4294768115,16
548,24.811104244,16
206,21.2477373088,16
146,18.8801745686,16
452,23.693392914,16
942,28.129916208,16
410,22.6746341975,16
860,27.769174743,16
806,26.820411686,16
406,23.0444105339,16
304,22.6256516014,16
254,22.225725043,16
318,24.933774058,16
730,27.062552296,16
386,25.934416674,16
260,22.202596364,16
396,23.41863787,16
434,25.9238026495,16
848,27.4098199604,16
672,26.20118529,16
190,21.782912565,16
332,22.839337989,16
392,23.5548448448,16
576,24.020477371,16
340,24.146387367,16
192,20.8955377824,16
194,22.2776166777,16
354,22.779297021,16
320,24.3359326844,16
384,22.010809604,16
358,22.5903463879,16
694,25.8315895371,16
166,20.335153937,16
428,22.946450471,16
188,21.5874378724,16
678,26.041675703,16
426,26.074851747,16
306,25.2192094307,16
184,21.5687376997,16
178,20.999887694,16
224,20.9462259438,16
854,27.147984077,16
334,20.6215776134,16
394,23.1771837706,16
336,24.5374950303,16
1080,28.5382404484,16
306,23.313441171,16
266,22.749576134,16
394,23.279895884,16
332,24.0678113249,16
164,21.313329642,16
278,22.6971335549,16
706,26.1961203827,16
128,19.2646811842,16
218,21.364800203,16
282,23.7050628383,16
312,23.18585871,16
778,27.1307796984,16
382,23.664588252,16
210,23.2116981954,16
634,25.069220633,16
938,28.031140532,16
442,25.964239445,16
430,23.776862848,16
318,23.980010771,16
588,25.4007236833,16
188,20.626417422,16
608,24.4412321805,16
440,23.030982809,16
494,22.9236990017,16
388,23.5808338109,16
380,25.2696302295,16
648,25.206606264,16
462,24.118799472,16
972,27.550692862,16
414,25.8024929096,16
138,16.495255807,16
166,19.5871243892,16
148,18.5468112458,16
422,20.050145658,16
376,22.4025912678,16
412,23.2066182853,16
372,22.72515375,16
430,20.9656829696,16
278,21.5381989785,16
250,23.1078310002,16
476,22.9596895356,16
442,23.083763589,16
432,23.800251609,16
538,23.9699758617,16
340,21.5516574549,16
376,21.743632968,16
484,24.0898740643,16
394,22.7535132515,16
396,22.620691631,16
928,26.9864338293,16
126,17.5825339546,16
436,25.2103465976,16
200,21.8408754426,16
786,26.3806525283,16
170,17.43082183,16
146,19.9317444749,16
236,20.589576057,16
350,23.802721559,16
494,24.0604584787,16
344,23.4775121431,16
298,24.7174468693,16
378,24.0699438495,16
650,25.6985001653,16
422,24.2136846977,16
458,22.853888952,16
268,20.422308297,16
342,23.366584539,16
570,22.8476860143,16
156,18.3781375753,16
378,20.7175665713,16
392,22.329923012,16
432,23.170999169,16
390,21.9150714123,16
408,20.930988448,16
282,21.1256781255,16
674,24.687387695,16
102,16.645192326,16
384,24.282718442,16
330,22.6456242002,16
252,21.385613148,16
188,20.236543002,16
48,14.0037112763,16
66,16.0898658339,16
362,22.7453808562,16
182,20.276957054,16
272,21.0637084497,16
330,23.243058845,16
748,26.3356109912,16
318,22.888546969,16
390,24.213913157,16
276,22.4545345038,16
378,23.2635836601,16
196,20.6345747774,16
246,22.353728842,16
326,22.9987191879,16
282,24.1860712529,16
308,24.618863464,16
1030,28.495572986,16
784,26.5338935602,16
294,22.2818114029,16
276,21.7437566578,16
572,23.8526605219,16
190,20.764943961,16
592,24.6853764577,16
948,26.939902149,16
458,26.0174858513,16
114,19.8515541941,16
540,25.2439549779,16
744,26.484918452,16
248,22.2345610675,16
278,21.9549491179,16
192,20.8333819151,16
186,18.7238900009,16
566,24.370408013,16
508,25.353477048,16
532,23.5272282491,16
552,25.155929064,16
212,22.3139793187,16
670,24.974904383,16
278,21.458184717,16
714,26.0258760583,16
422,24.352470835,16
666,26.147510923,16
612,26.0647063205,16
626,25.011916055,16
274,23.3590704044,16
232,21.146852822,16
440,25.10638126,16
384,22.9773870433,16
416,22.974585647,16
112,16.839334125,16
214,18.485893828,16
628,24.9320155662,16
204,17.614715871,16
542,24.425849754,16
362,23.1919566831,16
476,23.5295549601,16
634,25.4179360653,16
522,24.271955525,16
232,22.3898025009,16
208,21.3676491653,16
346,23.4378496091,16
616,25.3435790914,16
248,21.596382379,16
454,24.653105025,16
392,24.7247057193,16
220,22.626856205,16
608,24.951864041,16
334,20.294330943,16
316,22.921670452,16
226,22.540778628,16
276,22.6816715557,16
488,21.9897037451,16
584,24.841992385,16
674,25.715973073,16
282,22.3509091743,16
374,23.659051516,16
880,27.595808821,16
436,24.324981398,16
534,25.226178127,16
870,26.935111591,16
102,14.2927521558,16
868,26.6625346789,16
552,25.581194759,16
350,22.892015583,16
238,19.2067709748,16
340,21.5602749661,16
424,22.669831106,16
388,23.490876521,16
676,25.276722227,16
184,21.077481732,16
550,24.4974791581,16
114,16.673785086,16
568,24.701681545,16
676,26.822409459,16
724,23.9905671302,16
274,24.1248670416,16
238,22.2865270227,16
694,25.6344364846,16
580,25.8147200302,16
496,26.1154926706,16
234,21.100162128,16
258,22.854121567,16
296,23.377680394,16
162,20.8134026209,16
194,21.792425245,16
288,22.02784607,16
238,22.4888752785,16
300,23.469718687,16
642,26.2938530541,16
150,18.3467694306,16
138,20.429097174,16
236,23.075003306,16
364,25.039605569,16
216,20.3678391032,16
482,25.8834898286,16
126,19.0355399511,16
406,23.771336517,16
342,21.580889583,16
294,22.6200025877,16
124,19.7652265182,16
202,18.889024735,16
492,23.813422507,16
280,23.783103349,16
518,26.430920127,16
430,23.874733648,16
110,18.9270898742,16
122,18.0242493556,16
164,21.2513609898,16
536,24.2550084267,16
268,20.1997290011,16
992,27.929538486,16
226,23.433692992,16
52,14.5588708898,16
108,19.455050962,16
104,18.315901271,16
684,27.052484407,16
594,25.475918672,16
154,20.4357014025,16
488,25.816633176,16
518,25.160962279,16
310,22.306997631,16
366,23.857611297,16
316,22.520535969,16
590,24.975826702,16
246,22.161795491,16
178,20.0205032823,16
236,23.1024687738,16
546,27.187209692,16
458,26.9976254643,16
576,25.7500237307,16
576,25.3315522056,16
322,21.629307113,16
296,22.338815737,16
182,22.0876214126,16
118,18.0630553235,16
234,22.9691776283,16
274,23.70746498,16
250,22.192909207,16
526,23.348817312,16
384,23.0396801405,16
414,26.029500916,16
106,19.5060594985,16
640,24.6951672621,16
142,18.8551142668,16
344,21.5209961903,16
370,22.0546107626,16
308,23.312313642,16
254,22.7694939163,16
586,25.402790125,16
348,22.9172956,16
326,22.2922056596,16
798,26.364535855,16
