4,3,3
6,5,4
6,5,5
8,7,5
10,9,6
12,11,6
14,13,6
8,7,7
12,11,7
14,13,7
16,15,7
18,17,7
20,19,7
22,21,7
14,13,8
18,17,8
18,17,8
20,19,8
22,21,8
24,23,8
24,23,8
26,25,8
26,25,8
28,27,8
28,27,8
30,29,8
30,29,8
32,31,8
34,33,8
36,35,8
38,37,8
46,45,8
8,3,8
10,9,8
16,15,8
10,9,9
16,15,9
20,19,9
22,21,9
24,23,9
28,27,9
30,29,9
32,31,9
32,31,9
34,33,9
34,33,9
36,35,9
38,37,9
38,37,9
40,39,9
40,39,9
40,39,9
42,41,9
42,41,9
42,41,9
44,43,9
44,43,9
46,45,9
46,45,9
48,47,9
48,47,9
50,49,9
52,51,9
52,51,9
54,53,9
56,55,9
60,59,9
62,61,9
70,69,9
28,27,9
38,37,9
46,45,9
58,57,9
56,55,9
76,75,9
50,49,9
10,7,9
14,13,9
18,17,9
24,23,9
10,9,9
28,27,9
28,27,9
26,25,9
18,17,10
24,23,10
26,25,10
28,27,10
34,33,10
38,37,10
44,43,10
30,29,10
40,39,10
46,45,10
44,43,10
48,47,10
54,53,10
58,57,10
44,43,10
48,47,10
42,41,10
56,55,10
52,51,10
36,35,10
46,45,10
50,49,10
60,59,10
56,55,10
66,65,10
62,61,10
72,71,10
54,53,10
64,63,10
68,67,10
58,57,10
70,69,10
66,65,10
38,37,10
50,49,10
52,51,10
54,53,10
60,59,10
62,61,10
76,75,10
72,71,10
82,81,10
74,73,10
80,79,10
90,89,10
32,31,10
42,41,10
50,49,10
60,59,10
54,53,10
68,67,10
60,59,10
74,73,10
48,47,10
62,61,10
66,65,10
80,79,10
66,65,10
76,75,10
86,85,10
34,33,10
46,45,10
58,57,10
52,51,10
64,63,10
76,75,10
64,63,10
58,57,10
88,87,10
68,67,10
78,77,10
74,73,10
84,83,10
64,63,10
82,81,10
58,57,10
64,63,10
70,69,10
62,61,10
72,71,10
86,85,10
64,63,10
84,83,10
88,87,10
58,57,10
86,85,10
82,81,10
102,101,10
100,99,10
78,77,10
74,73,10
90,89,10
68,67,10
72,71,10
92,91,10
94,93,10
88,87,10
82,81,10
82,81,10
66,65,10
86,85,10
74,73,10
76,75,10
78,77,10
92,91,10
76,75,10
94,93,10
64,63,10
86,85,10
84,83,10
78,77,10
88,87,10
112,111,10
94,93,10
110,109,10
96,95,10
104,103,10
98,97,10
102,101,10
106,105,10
116,115,10
106,105,10
122,121,10
10,1,10
12,11,10
20,19,10
30,29,10
16,11,10
26,25,10
18,17,10
32,31,10
12,5,10
20,19,10
24,23,10
38,37,10
18,15,10
26,25,10
36,35,10
14,3,10
10,9,10
22,21,10
16,15,10
28,27,10
40,39,10
14,3,10
34,33,10
28,27,10
32,31,10
42,41,10
30,29,10
44,43,10
22,11,10
18,1,10
24,13,10
26,25,10
36,35,10
50,49,10
46,45,10
40,39,10
22,21,10
16,5,10
36,35,10
52,51,10
46,45,10
40,39,10
128,127,11
138,137,11
116,115,11
98,97,11
126,125,11
136,135,11
96,95,11
118,117,11
66,65,11
108,107,11
114,113,11
104,103,11
62,61,11
134,133,11
108,107,11
106,105,11
124,123,11
128,127,11
156,155,11
114,113,11
76,75,11
102,101,11
104,103,11
158,157,11
156,155,11
158,157,11
144,143,11
122,121,11
116,115,11
150,149,11
126,125,11
140,139,11
96,95,11
120,119,11
122,121,11
122,121,11
94,93,11
118,117,11
102,101,11
90,89,11
116,115,11
108,107,11
136,135,11
118,117,11
88,87,11
88,87,11
118,117,11
114,113,11
106,105,11
84,83,11
116,115,11
138,137,11
98,97,11
140,139,11
72,71,11
110,109,11
100,99,11
82,81,11
44,43,11
86,85,11
104,103,11
56,55,11
94,93,11
98,97,11
60,59,11
120,119,11
126,125,11
104,103,11
142,141,11
152,151,11
160,159,11
154,153,11
178,177,11
74,73,11
84,83,11
146,145,11
132,131,11
124,123,11
144,143,11
138,137,11
128,127,11
96,95,11
114,113,11
102,101,11
108,107,11
92,91,11
122,121,11
102,101,11
120,119,11
88,87,11
130,129,11
104,103,11
94,93,11
108,107,11
74,73,11
122,121,11
72,71,11
78,77,11
136,135,11
142,141,11
168,167,11
100,99,11
82,81,11
126,125,11
110,109,11
94,93,11
112,111,11
100,99,11
118,117,11
98,97,11
104,103,11
126,125,11
110,109,11
152,151,11
122,121,11
138,137,11
118,117,11
88,87,11
78,77,11
110,109,11
120,119,11
128,127,11
118,117,11
156,155,11
176,175,11
146,145,11
138,137,11
130,129,11
114,113,11
124,123,11
132,131,11
136,135,11
80,79,11
124,123,11
154,153,11
164,163,11
112,111,11
162,161,11
100,99,11
66,65,11
104,103,11
60,59,11
90,89,11
74,73,11
84,83,11
124,123,11
152,151,11
116,115,11
128,127,11
126,125,11
128,127,11
118,117,11
90,89,11
68,67,11
172,171,11
92,91,11
136,135,11
120,119,11
112,111,11
146,145,11
58,57,11
168,167,11
120,119,11
170,169,11
82,81,11
60,59,11
114,113,11
126,125,11
122,121,11
186,185,11
184,183,11
140,139,11
136,135,11
80,79,11
106,105,11
112,111,11
98,97,11
124,123,11
58,57,11
90,89,11
100,99,11
74,73,11
116,115,11
88,87,11
110,109,11
96,95,11
118,117,11
68,67,11
150,149,11
86,85,11
84,83,11
98,97,11
96,95,11
94,93,11
54,53,11
148,147,11
144,143,11
116,115,11
100,99,11
86,85,11
82,81,11
112,111,11
64,63,11
102,101,11
92,91,11
86,85,11
106,105,11
142,141,11
74,73,11
68,67,11
154,153,11
146,145,11
70,69,11
134,133,11
148,147,11
140,139,11
132,131,11
88,87,11
86,85,11
80,79,11
102,101,11
76,75,11
90,89,11
54,53,11
72,71,11
144,143,11
134,133,11
72,71,11
52,51,11
100,99,11
124,123,11
174,173,11
38,37,11
72,71,11
100,99,11
94,93,11
66,65,11
196,195,11
62,61,11
96,95,11
48,47,11
70,69,11
148,147,11
76,75,11
42,41,11
20,19,11
160,159,11
118,117,11
86,85,11
134,133,11
132,131,11
134,133,11
132,131,11
144,143,11
134,133,11
98,97,11
76,75,11
80,79,11
70,69,11
130,129,11
108,107,11
82,81,11
136,135,11
110,109,11
210,209,11
192,191,11
140,139,11
152,151,11
138,137,11
172,171,11
150,149,11
160,159,11
166,165,11
130,129,11
162,161,11
136,135,11
142,141,11
92,91,11
106,105,11
156,155,11
128,127,11
148,147,11
180,179,11
162,161,11
148,147,11
182,181,11
206,205,11
146,145,11
142,141,11
100,99,11
130,129,11
82,81,11
124,123,11
110,109,11
112,111,11
176,175,11
132,131,11
98,97,11
154,153,11
200,199,11
162,161,11
150,149,11
118,117,11
136,135,11
106,105,11
84,83,11
72,71,11
94,93,11
62,61,11
80,79,11
120,119,11
78,77,11
172,171,11
158,157,11
122,121,11
126,125,11
136,135,11
120,119,11
110,109,11
122,121,11
152,151,11
84,83,11
100,99,11
96,95,11
170,169,11
188,187,11
150,149,11
146,145,11
90,89,11
116,115,11
190,189,11
66,65,11
50,49,11
76,75,11
60,59,11
90,89,11
70,69,11
56,55,11
88,87,11
62,61,11
30,29,11
32,31,11
130,129,11
92,91,11
94,93,11
112,111,11
146,145,11
156,155,11
186,185,11
166,165,11
136,135,11
124,123,11
106,105,11
46,45,11
80,79,11
92,91,11
32,31,11
54,53,11
58,57,11
70,69,11
40,39,11
36,35,11
26,25,11
52,51,11
82,81,11
12,11,11
28,27,11
58,57,11
44,43,11
50,49,11
72,71,11
34,17,11
68,67,11
54,53,11
32,5,11
66,65,11
56,55,11
20,13,11
16,15,11
46,45,11
36,35,11
38,37,11
48,47,11
34,33,11
12,5,11
26,23,11
50,49,11
56,55,11
30,29,11
26,23,11
48,47,11
42,41,11
24,19,11
22,21,11
52,51,11
34,33,11
30,3,11
70,69,11
52,51,11
34,1,11
90,89,11
68,67,11
26,25,11
14,3,11
42,25,11
80,79,11
54,53,11
34,1,11
90,89,11
68,67,11
42,25,11
80,79,11
54,53,11
30,29,11
18,1,11
26,25,11
30,29,11
60,59,11
38,37,11
44,43,11
62,61,11
36,35,11
20,7,11
36,35,11
54,53,11
32,31,11
26,17,11
34,33,11
40,39,11
22,21,11
34,33,11
76,75,11
26,9,11
64,63,11
46,45,11
20,13,11
64,63,11
82,81,11
26,9,11
26,9,11
64,63,11
46,45,11
38,27,11
46,45,11
18,15,11
32,15,11
32,27,11
20,19,11
50,49,11
36,35,11
46,45,11
34,33,11
52,51,11
16,11,11
62,61,11
42,41,11
32,31,11
18,15,11
48,47,11
58,57,11
34,33,11
26,7,11
26,9,11
70,69,11
40,39,11
46,45,11
40,39,11
20,3,11
66,65,11
24,3,11
70,69,11
28,27,11
22,21,11
74,73,11
58,57,11
42,41,11
24,7,11
56,55,11
36,35,11
54,53,11
78,77,11
18,1,11
36,35,11
22,21,11
70,69,11
48,47,11
46,45,11
28,27,11
58,57,11
60,59,11
64,63,11
32,27,11
56,55,11
44,43,11
44,43,11
54,53,11
68,67,11
26,25,11
34,25,11
48,47,11
22,5,11
64,63,11
58,57,11
18,15,11
10,9,11
52,51,11
22,21,11
34,33,11
26,9,11
66,65,11
26,9,11
64,63,11
38,37,11
76,75,11
34,33,11
76,75,11
40,23,11
40,23,11
58,57,11
80,79,11
52,51,11
78,77,11
66,65,11
46,45,11
72,71,11
68,67,11
64,63,11
56,55,11
46,45,11
86,85,11
60,59,11
64,63,11
76,75,11
36,35,11
64,63,11
66,65,11
50,49,11
46,45,11
98,97,11
66,65,11
64,63,11
84,83,11
96,95,11
78,77,11
56,55,11
46,45,11
94,93,11
32,21,11
88,87,11
106,105,11
214,213,12
166,165,12
254,253,12
254,253,12
202,201,12
198,197,12
150,149,12
190,189,12
190,189,12
178,177,12
160,159,12
72,71,12
212,211,12
204,203,12
180,179,12
152,151,12
176,175,12
262,261,12
180,179,12
218,217,12
212,211,12
206,205,12
144,143,12
174,173,12
224,223,12
222,221,12
218,217,12
220,219,12
164,163,12
236,235,12
138,137,12
236,235,12
230,229,12
230,229,12
216,215,12
186,185,12
86,85,12
114,113,12
108,107,12
152,151,12
232,231,12
130,129,12
132,131,12
140,139,12
174,173,12
166,165,12
172,171,12
204,203,12
264,263,12
164,163,12
158,157,12
140,139,12
190,189,12
148,147,12
248,247,12
126,125,12
282,281,12
214,213,12
192,191,12
244,243,12
146,145,12
152,151,12
98,97,12
220,219,12
170,169,12
100,99,12
186,185,12
144,143,12
140,139,12
196,195,12
224,223,12
204,203,12
244,243,12
154,153,12
228,227,12
208,207,12
154,153,12
156,155,12
222,221,12
154,153,12
148,147,12
190,189,12
208,207,12
260,259,12
172,171,12
238,237,12
200,199,12
106,105,12
214,213,12
232,231,12
226,225,12
230,229,12
260,259,12
128,127,12
256,255,12
306,305,12
226,225,12
330,329,12
134,133,12
168,167,12
148,147,12
118,117,12
156,155,12
152,151,12
190,189,12
262,261,12
184,183,12
206,205,12
160,159,12
272,271,12
192,191,12
252,251,12
148,147,12
212,211,12
148,147,12
208,207,12
70,69,12
132,131,12
82,81,12
226,225,12
166,165,12
184,183,12
276,275,12
196,195,12
226,225,12
322,321,12
150,149,12
200,199,12
192,191,12
170,169,12
216,215,12
258,257,12
290,289,12
198,197,12
202,201,12
268,267,12
136,135,12
184,183,12
186,185,12
112,111,12
214,213,12
164,163,12
138,137,12
146,145,12
124,123,12
144,143,12
232,231,12
110,109,12
112,111,12
150,149,12
132,131,12
206,205,12
194,193,12
146,145,12
108,107,12
234,233,12
212,211,12
226,225,12
172,171,12
118,117,12
136,135,12
194,193,12
250,249,12
158,157,12
154,153,12
196,195,12
280,279,12
176,175,12
118,117,12
184,183,12
154,153,12
178,177,12
70,69,12
162,161,12
144,143,12
182,181,12
204,203,12
176,175,12
186,185,12
218,217,12
182,181,12
100,99,12
140,139,12
124,123,12
212,211,12
210,209,12
110,109,12
128,127,12
230,229,12
224,223,12
156,155,12
170,169,12
224,223,12
238,237,12
232,231,12
108,107,12
118,117,12
210,209,12
224,223,12
210,209,12
78,77,12
142,141,12
292,291,12
196,195,12
300,299,12
244,243,12
316,315,12
170,169,12
172,171,12
168,167,12
96,95,12
80,79,12
144,143,12
136,135,12
162,161,12
188,187,12
164,163,12
112,111,12
134,133,12
184,183,12
190,189,12
90,89,12
88,87,12
216,215,12
186,185,12
84,83,12
250,249,12
220,219,12
202,201,12
180,179,12
194,193,12
120,119,12
174,173,12
72,71,12
126,125,12
128,127,12
92,91,12
164,163,12
230,229,12
314,313,12
188,187,12
308,307,12
76,75,12
300,299,12
288,287,12
208,207,12
290,289,12
304,303,12
168,167,12
310,309,12
274,273,12
244,243,12
184,183,12
190,189,12
246,245,12
226,225,12
180,179,12
256,255,12
272,271,12
148,147,12
194,193,12
248,247,12
190,189,12
228,227,12
186,185,12
212,211,12
210,209,12
282,281,12
278,277,12
218,217,12
254,253,12
106,105,12
226,225,12
258,257,12
230,229,12
286,285,12
226,225,12
126,125,12
176,175,12
226,225,12
228,227,12
194,193,12
110,109,12
320,319,12
340,339,12
244,243,12
128,127,12
166,165,12
84,83,12
92,91,12
98,97,12
108,107,12
122,121,12
156,155,12
198,197,12
116,115,12
266,265,12
162,161,12
204,203,12
144,143,12
286,285,12
114,113,12
228,227,12
210,209,12
248,247,12
250,249,12
184,183,12
268,267,12
146,145,12
236,235,12
264,263,12
218,217,12
186,185,12
146,145,12
176,175,12
238,237,12
244,243,12
100,99,12
272,271,12
218,217,12
196,195,12
216,215,12
248,247,12
96,95,12
286,285,12
262,261,12
74,73,12
148,147,12
142,141,12
80,79,12
168,167,12
138,137,12
114,113,12
112,111,12
34,33,12
314,313,12
156,155,12
138,137,12
154,153,12
224,223,12
190,189,12
92,91,12
136,135,12
304,303,12
268,267,12
324,323,12
176,175,12
238,237,12
224,223,12
196,195,12
120,119,12
232,231,12
118,117,12
124,123,12
92,91,12
196,195,12
226,225,12
148,147,12
192,191,12
198,197,12
222,221,12
194,193,12
188,187,12
78,77,12
128,127,12
226,225,12
98,97,12
156,155,12
48,47,12
174,173,12
144,143,12
258,257,12
218,217,12
232,231,12
146,145,12
178,177,12
140,139,12
158,157,12
144,143,12
148,147,12
128,127,12
130,129,12
146,145,12
202,201,12
62,61,12
150,149,12
122,121,12
42,41,12
68,67,12
242,241,12
82,81,12
88,87,12
38,37,12
74,73,12
68,67,12
60,59,12
60,59,12
50,49,12
124,123,12
100,99,12
84,83,12
54,53,12
52,35,12
42,41,12
142,141,12
48,21,12
54,53,12
72,71,12
32,17,12
94,93,12
66,49,12
74,57,12
76,75,12
48,47,12
94,93,12
48,47,12
68,67,12
42,41,12
82,81,12
62,3,12
56,55,12
38,27,12
116,115,12
50,1,12
50,1,12
62,61,12
84,83,12
48,21,12
42,9,12
82,81,12
52,19,12
64,31,12
30,29,12
32,31,12
44,43,12
40,39,12
48,47,12
66,65,12
42,25,12
90,89,12
128,127,12
66,63,12
118,117,12
64,63,12
54,53,12
28,5,12
56,55,12
38,37,12
80,79,12
30,13,12
104,103,12
42,7,12
104,103,12
42,23,12
62,61,12
100,99,12
50,49,12
74,73,12
34,31,12
88,87,12
100,99,12
100,99,12
40,29,12
126,125,12
32,27,12
76,75,12
28,5,12
28,11,12
44,43,12
78,77,12
58,57,12
92,91,12
64,63,12
82,81,12
36,19,12
114,113,12
74,73,12
34,9,12
46,45,12
50,49,12
42,25,12
50,49,12
38,21,12
88,87,12
30,3,12
74,73,12
102,101,12
40,39,12
112,111,12
76,75,12
26,25,12
104,103,12
78,77,12
46,35,12
40,19,12
40,3,12
82,81,12
118,117,12
50,15,12
42,33,12
26,15,12
114,113,12
32,31,12
34,1,12
34,17,12
38,11,12
58,57,12
28,21,12
82,81,12
94,93,12
42,39,12
34,33,12
28,27,12
130,129,12
110,109,12
36,35,12
116,115,12
48,47,12
34,17,12
130,129,12
106,105,12
64,63,12
26,25,12
78,77,12
48,15,12
84,83,12
56,55,12
44,43,12
66,65,12
72,71,12
28,11,12
22,5,12
78,77,12
118,117,12
52,45,12
52,51,12
76,75,12
36,35,12
90,89,12
98,97,12
102,101,12
74,63,12
26,7,12
20,13,12
118,117,12
48,37,12
116,115,12
98,97,12
110,109,12
82,81,12
116,115,12
120,119,12
86,85,12
38,27,12
106,105,12
82,81,12
44,27,12
52,35,12
54,53,12
134,133,12
56,55,12
72,71,12
40,39,12
64,63,12
118,117,12
108,107,12
46,45,12
28,27,12
20,9,12
30,3,12
34,33,12
28,27,12
94,93,12
42,9,12
66,65,12
28,27,12
92,91,12
56,55,12
102,101,12
118,117,12
86,85,12
114,113,12
24,23,12
50,49,12
40,13,12
92,91,12
96,95,12
76,75,12
100,99,12
56,55,12
44,27,12
100,99,12
42,9,12
60,59,12
42,41,12
66,65,12
96,95,12
118,117,12
74,73,12
100,99,12
342,341,13
212,211,13
328,327,13
350,349,13
262,261,13
310,309,13
422,421,13
244,243,13
284,283,13
270,269,13
290,289,13
420,419,13
292,291,13
420,419,13
350,349,13
288,287,13
238,237,13
322,321,13
282,281,13
260,259,13
308,307,13
276,275,13
370,369,13
352,351,13
278,277,13
276,275,13
302,301,13
138,137,13
244,243,13
174,173,13
256,255,13
172,171,13
280,279,13
226,225,13
196,195,13
390,389,13
306,305,13
250,249,13
82,81,13
318,317,13
268,267,13
264,263,13
292,291,13
270,269,13
312,311,13
316,315,13
402,401,13
402,401,13
368,367,13
314,313,13
308,307,13
390,389,13
390,389,13
322,321,13
360,359,13
288,287,13
298,297,13
282,281,13
228,227,13
362,361,13
366,365,13
294,293,13
246,245,13
308,307,13
360,359,13
302,301,13
326,325,13
352,351,13
244,243,13
286,285,13
338,337,13
306,305,13
198,197,13
252,251,13
310,309,13
326,325,13
330,329,13
288,287,13
322,321,13
328,327,13
184,183,13
304,303,13
486,485,13
326,325,13
400,399,13
308,307,13
190,189,13
138,137,13
216,215,13
134,133,13
288,287,13
278,277,13
208,207,13
246,245,13
242,241,13
290,289,13
354,353,13
220,219,13
252,251,13
450,449,13
240,239,13
280,279,13
218,217,13
254,253,13
226,225,13
222,221,13
352,351,13
352,351,13
158,157,13
80,79,13
178,177,13
402,401,13
374,373,13
356,355,13
164,163,13
174,173,13
128,127,13
258,257,13
244,243,13
304,303,13
242,241,13
354,353,13
192,191,13
294,293,13
362,361,13
178,177,13
308,307,13
412,411,13
368,367,13
272,271,13
302,301,13
390,389,13
472,471,13
348,347,13
298,297,13
298,297,13
226,225,13
192,191,13
210,209,13
198,197,13
276,275,13
404,403,13
284,283,13
280,279,13
194,193,13
392,391,13
370,369,13
370,369,13
260,259,13
392,391,13
334,333,13
266,265,13
468,467,13
214,213,13
402,401,13
300,299,13
312,311,13
250,249,13
406,405,13
132,131,13
478,477,13
268,267,13
166,165,13
222,221,13
180,179,13
334,333,13
314,313,13
208,207,13
396,395,13
224,223,13
332,331,13
346,345,13
372,371,13
466,465,13
492,491,13
290,289,13
298,297,13
288,287,13
320,319,13
262,261,13
212,211,13
242,241,13
172,171,13
258,257,13
254,253,13
310,309,13
442,441,13
358,357,13
362,361,13
312,311,13
370,369,13
510,509,13
266,265,13
198,197,13
246,245,13
344,343,13
394,393,13
336,335,13
234,233,13
242,241,13
408,407,13
236,235,13
314,313,13
276,275,13
416,415,13
336,335,13
332,331,13
424,423,13
244,243,13
290,289,13
276,275,13
194,193,13
206,205,13
152,151,13
260,259,13
290,289,13
284,283,13
276,275,13
352,351,13
100,99,13
114,113,13
414,413,13
316,315,13
406,405,13
334,333,13
230,229,13
226,225,13
244,243,13
172,171,13
358,357,13
196,195,13
288,287,13
260,259,13
222,221,13
266,265,13
344,343,13
280,279,13
306,305,13
370,369,13
338,337,13
468,467,13
402,401,13
354,353,13
190,189,13
346,345,13
370,369,13
304,303,13
372,371,13
378,377,13
530,529,13
218,217,13
258,257,13
322,321,13
268,267,13
290,289,13
354,353,13
256,255,13
394,393,13
328,327,13
350,349,13
264,263,13
240,239,13
148,147,13
328,327,13
448,447,13
320,319,13
330,329,13
384,383,13
416,415,13
486,485,13
190,189,13
396,395,13
264,263,13
306,305,13
244,243,13
96,95,13
244,243,13
266,265,13
220,219,13
350,349,13
342,341,13
216,215,13
372,371,13
312,311,13
244,243,13
262,261,13
160,159,13
182,181,13
286,285,13
190,189,13
216,215,13
240,239,13
244,243,13
62,61,13
128,127,13
214,213,13
180,179,13
138,137,13
352,351,13
440,439,13
444,443,13
178,177,13
106,105,13
92,91,13
406,405,13
94,93,13
348,347,13
476,475,13
246,245,13
316,315,13
132,131,13
210,209,13
248,247,13
306,305,13
384,383,13
384,383,13
486,485,13
270,269,13
126,125,13
334,333,13
198,197,13
394,393,13
368,367,13
370,369,13
184,183,13
154,153,13
110,109,13
256,255,13
456,455,13
232,231,13
180,179,13
112,111,13
250,249,13
388,387,13
194,193,13
236,235,13
318,317,13
266,265,13
136,135,13
204,203,13
186,185,13
242,241,13
288,287,13
288,287,13
378,377,13
272,271,13
298,297,13
302,301,13
366,365,13
258,257,13
252,251,13
382,381,13
274,273,13
280,279,13
456,455,13
196,195,13
448,447,13
168,167,13
170,169,13
176,175,13
308,307,13
102,101,13
442,441,13
424,423,13
214,213,13
444,443,13
440,439,13
266,265,13
330,329,13
294,293,13
340,339,13
284,283,13
332,331,13
276,275,13
366,365,13
276,275,13
386,385,13
560,559,13
212,211,13
340,339,13
352,351,13
214,213,13
134,133,13
232,231,13
496,495,13
310,309,13
186,185,13
324,323,13
418,417,13
424,423,13
350,349,13
428,427,13
394,393,13
344,343,13
400,399,13
196,195,13
252,251,13
310,309,13
218,217,13
354,353,13
402,401,13
226,225,13
462,461,13
360,359,13
254,253,13
592,591,13
420,419,13
308,307,13
488,487,13
316,315,13
420,419,13
238,237,13
228,227,13
224,223,13
430,429,13
178,177,13
500,499,13
426,425,13
372,371,13
216,215,13
520,519,13
442,441,13
318,317,13
210,209,13
382,381,13
466,465,13
498,497,13
172,171,13
236,235,13
262,261,13
174,173,13
224,223,13
464,463,13
144,143,13
522,521,13
522,521,13
332,331,13
222,221,13
442,441,13
322,321,13
420,419,13
382,381,13
376,375,13
234,233,13
264,263,13
422,421,13
400,399,13
402,401,13
240,239,13
330,329,13
302,301,13
240,239,13
338,337,13
430,429,13
154,153,13
420,419,13
262,261,13
342,341,13
410,409,13
384,383,13
320,319,13
518,517,13
244,243,13
352,351,13
424,423,13
320,319,13
136,135,13
348,347,13
464,463,13
424,423,13
442,441,13
426,425,13
298,297,13
336,335,13
112,111,13
448,447,13
196,195,13
256,255,13
218,217,13
256,255,13
364,363,13
188,187,13
318,317,13
162,161,13
354,353,13
430,429,13
210,209,13
116,115,13
282,281,13
360,359,13
392,391,13
350,349,13
344,343,13
220,219,13
326,325,13
372,371,13
320,319,13
242,241,13
400,399,13
230,229,13
246,245,13
400,399,13
364,363,13
388,387,13
358,357,13
378,377,13
430,429,13
294,293,13
328,327,13
330,329,13
384,383,13
212,211,13
116,115,13
194,193,13
466,465,13
68,67,13
120,119,13
90,89,13
442,441,13
482,481,13
462,461,13
306,305,13
232,231,13
452,451,13
278,277,13
256,255,13
278,277,13
236,235,13
184,183,13
276,275,13
242,241,13
146,145,13
48,47,13
60,59,13
32,31,13
110,109,13
102,101,13
108,107,13
130,129,13
68,19,13
94,45,13
126,125,13
98,1,13
122,121,13
178,177,13
100,99,13
262,261,13
140,139,13
184,183,13
176,175,13
126,125,13
72,71,13
62,61,13
94,29,13
88,87,13
144,143,13
102,101,13
86,85,13
62,61,13
80,79,13
56,39,13
76,75,13
148,147,13
82,33,13
62,51,13
70,53,13
136,135,13
80,69,13
72,3,13
172,171,13
202,201,13
76,11,13
192,191,13
156,155,13
164,163,13
156,155,13
140,139,13
72,67,13
108,107,13
74,31,13
166,165,13
88,87,13
142,141,13
196,195,13
86,69,13
102,101,13
82,73,13
126,125,13
124,123,13
132,131,13
72,23,13
90,39,13
44,31,13
104,103,13
56,3,13
136,135,13
48,27,13
102,101,13
140,139,13
124,123,13
58,9,13
94,93,13
118,117,13
148,147,13
66,33,13
78,51,13
84,77,13
160,159,13
132,131,13
126,125,13
144,143,13
50,49,13
160,159,13
60,27,13
32,15,13
62,61,13
94,93,13
98,97,13
72,67,13
102,101,13
68,67,13
64,15,13
82,81,13
136,135,13
66,25,13
26,25,13
46,13,13
184,183,13
160,159,13
84,19,13
70,27,13
58,7,13
58,25,13
192,191,13
152,151,13
144,143,13
104,93,13
156,155,13
172,171,13
178,177,13
108,107,13
86,85,13
84,83,13
140,139,13
38,37,13
72,23,13
112,111,13
154,153,13
172,171,13
48,27,13
460,459,14
474,473,14
646,645,14
628,627,14
504,503,14
368,367,14
406,405,14
478,477,14
432,431,14
610,609,14
330,329,14
524,523,14
392,391,14
508,507,14
292,291,14
342,341,14
572,571,14
474,473,14
434,433,14
396,395,14
334,333,14
614,613,14
584,583,14
360,359,14
380,379,14
552,551,14
370,369,14
658,657,14
366,365,14
330,329,14
416,415,14
344,343,14
418,417,14
386,385,14
742,741,14
676,675,14
354,353,14
572,571,14
406,405,14
440,439,14
296,295,14
328,327,14
484,483,14
614,613,14
316,315,14
590,589,14
848,847,14
464,463,14
836,835,14
652,651,14
436,435,14
418,417,14
362,361,14
308,307,14
736,735,14
712,711,14
646,645,14
658,657,14
450,449,14
714,713,14
464,463,14
710,709,14
612,611,14
536,535,14
506,505,14
420,419,14
542,541,14
424,423,14
658,657,14
546,545,14
750,749,14
604,603,14
524,523,14
464,463,14
466,465,14
562,561,14
568,567,14
630,629,14
612,611,14
470,469,14
704,703,14
392,391,14
298,297,14
574,573,14
478,477,14
480,479,14
548,547,14
666,665,14
816,815,14
392,391,14
442,441,14
610,609,14
404,403,14
432,431,14
386,385,14
604,603,14
452,451,14
540,539,14
538,537,14
498,497,14
476,475,14
584,583,14
432,431,14
496,495,14
770,769,14
386,385,14
364,363,14
492,491,14
424,423,14
550,549,14
160,159,14
608,607,14
480,479,14
466,465,14
450,449,14
648,647,14
506,505,14
302,301,14
496,495,14
406,405,14
720,719,14
640,639,14
712,711,14
418,417,14
700,699,14
712,711,14
444,443,14
374,373,14
668,667,14
176,175,14
676,675,14
286,285,14
200,199,14
274,273,14
472,471,14
424,423,14
526,525,14
522,521,14
444,443,14
244,243,14
598,597,14
404,403,14
532,531,14
520,519,14
492,491,14
550,549,14
432,431,14
438,437,14
608,607,14
614,613,14
390,389,14
358,357,14
524,523,14
392,391,14
618,617,14
704,703,14
604,603,14
616,615,14
500,499,14
212,211,14
640,639,14
826,825,14
550,549,14
530,529,14
654,653,14
726,725,14
458,457,14
488,487,14
696,695,14
560,559,14
382,381,14
630,629,14
622,621,14
304,303,14
636,635,14
450,449,14
506,505,14
204,203,14
582,581,14
262,261,14
452,451,14
200,199,14
554,553,14
450,449,14
508,507,14
248,247,14
670,669,14
372,371,14
508,507,14
366,365,14
536,535,14
736,735,14
714,713,14
508,507,14
588,587,14
402,401,14
532,531,14
552,551,14
650,649,14
482,481,14
528,527,14
856,855,14
612,611,14
580,579,14
590,589,14
512,511,14
274,273,14
496,495,14
608,607,14
658,657,14
642,641,14
708,707,14
684,683,14
596,595,14
334,333,14
510,509,14
602,601,14
452,451,14
478,477,14
744,743,14
748,747,14
224,223,14
224,223,14
270,269,14
336,335,14
260,259,14
230,229,14
114,113,14
418,417,14
212,211,14
528,527,14
372,371,14
358,357,14
466,465,14
598,597,14
384,383,14
306,305,14
466,465,14
358,357,14
568,567,14
116,115,14
828,827,14
840,839,14
446,445,14
742,741,14
430,429,14
766,765,14
686,685,14
750,749,14
448,447,14
282,281,14
506,505,14
890,889,14
630,629,14
600,599,14
432,431,14
510,509,14
932,931,14
586,585,14
414,413,14
318,317,14
540,539,14
600,599,14
274,273,14
596,595,14
526,525,14
744,743,14
498,497,14
488,487,14
584,583,14
648,647,14
458,457,14
460,459,14
358,357,14
454,453,14
390,389,14
734,733,14
598,597,14
500,499,14
446,445,14
556,555,14
198,197,14
160,159,14
914,913,14
786,785,14
384,383,14
348,347,14
760,759,14
518,517,14
576,575,14
570,569,14
548,547,14
490,489,14
614,613,14
534,533,14
456,455,14
580,579,14
360,359,14
306,305,14
590,589,14
384,383,14
448,447,14
288,287,14
434,433,14
552,551,14
266,265,14
568,567,14
462,461,14
708,707,14
580,579,14
354,353,14
430,429,14
560,559,14
376,375,14
530,529,14
560,559,14
474,473,14
598,597,14
448,447,14
366,365,14
490,489,14
316,315,14
406,405,14
260,259,14
372,371,14
436,435,14
478,477,14
714,713,14
478,477,14
442,441,14
470,469,14
498,497,14
390,389,14
190,189,14
54,53,14
492,491,14
210,209,14
422,421,14
124,123,14
126,125,14
146,145,14
242,241,14
220,187,14
190,125,14
130,81,14
204,203,14
284,283,14
208,207,14
282,281,14
256,255,14
186,183,14
206,205,14
252,251,14
260,259,14
244,243,14
178,177,14
238,237,14
170,169,14
276,275,14
210,209,14
318,317,14
250,249,14
42,9,14
184,87,14
292,291,14
214,213,14
342,341,14
128,95,14
154,121,14
208,191,14
164,131,14
116,109,14
204,203,14
162,161,14
128,127,14
130,129,14
266,265,14
108,43,14
170,169,14
292,291,14
98,1,14
174,147,14
124,123,14
38,5,14
200,183,14
154,153,14
236,219,14
128,79,14
138,57,14
282,281,14
108,75,14
198,197,14
66,7,14
192,191,14
50,17,14
128,127,14
126,125,14
176,175,14
76,75,14
56,7,14
58,41,14
218,217,14
176,175,14
246,245,14
212,211,14
164,163,14
214,213,14
90,89,14
164,163,14
156,155,14
230,229,14
236,235,14
154,153,14
162,161,14
156,155,14
90,23,14
262,261,14
234,233,14
206,205,14
160,159,14
214,213,14
140,123,14
114,81,14
174,173,14
174,173,14
318,317,14
122,25,14
142,141,14
144,95,14
238,237,14
98,81,14
244,243,14
182,181,14
288,287,14
276,275,14
186,121,14
218,217,14
202,201,14
146,79,14
94,61,14
216,215,14
258,257,14
68,67,14
146,137,14
274,273,14
142,109,14
328,327,14
190,189,14
116,115,14
150,53,14
176,143,14
244,243,14
234,233,14
122,57,14
416,415,14
276,275,14
298,297,14
208,207,14
178,87,14
258,257,14
166,165,14
268,267,14
166,165,14
156,75,14
182,181,14
56,23,14
54,27,14
130,65,14
118,85,14
186,153,14
182,181,14
230,229,14
150,85,14
180,115,14
116,115,14
72,7,14
220,219,14
232,231,14
58,9,14
124,123,14
208,207,14
50,49,14
150,149,14
154,153,14
114,9,14
68,19,14
304,303,14
136,71,14
102,101,14
64,47,14
280,279,14
166,165,14
82,23,14
122,121,14
240,239,14
230,229,14
126,125,14
262,261,14
110,109,14
110,83,14
160,159,14
152,151,14
116,115,14
248,247,14
170,169,14
198,197,14
308,307,14
94,93,14
80,63,14
174,173,14
326,325,14
84,67,14
312,311,14
228,227,14
222,221,14
290,289,14
118,117,14
132,67,14
156,155,14
190,189,14
150,117,14
286,285,14
92,69,14
126,77,14
162,161,14
204,203,14
272,271,14
236,235,14
100,35,14
94,29,14
54,53,14
82,33,14
104,87,14
142,141,14
296,295,14
216,215,14
314,313,14
176,175,14
162,161,14
116,115,14
364,363,14
36,13,14
234,233,14
102,101,14
66,9,14
166,165,14
108,107,14
72,23,14
162,161,14
46,19,14
256,255,14
206,205,14
144,143,14
286,285,14
144,143,14
172,171,14
114,111,14
208,207,14
262,261,14
236,235,14
144,143,14
180,179,14
102,101,14
246,245,14
124,123,14
250,249,14
90,89,14
276,275,14
298,297,14
298,297,14
72,71,14
222,221,14
240,239,14
132,131,14
132,131,14
96,95,14
74,23,14
218,217,14
86,53,14
128,63,14
190,189,14
24,9,14
84,13,14
94,13,14
266,265,14
144,143,14
214,213,14
214,213,14
148,131,14
50,49,14
48,17,14
204,203,14
180,179,14
398,397,14
234,233,14
194,193,14
150,149,14
348,347,14
324,323,14
152,87,14
300,299,14
142,141,14
194,193,14
80,63,14
148,99,14
338,337,14
166,165,14
74,23,14
294,293,14
100,99,14
94,93,14
174,173,14
166,165,14
262,261,14
198,197,14
210,209,14
254,253,14
94,67,14
170,169,14
68,19,14
258,257,14
178,177,14
102,53,14
194,161,14
124,123,14
108,107,14
230,229,14
136,131,14
88,29,14
196,195,14
132,61,14
284,283,14
116,13,14
174,173,14
120,103,14
158,109,14
178,49,14
196,195,14
170,25,14
266,265,14
138,137,14
196,195,14
344,343,14
114,97,14
82,49,14
196,195,14
210,209,14
356,355,14
148,147,14
308,307,14
132,131,14
168,167,14
182,181,14
82,81,14
74,73,14
96,15,14
234,233,14
248,247,14
82,81,14
244,243,14
226,225,14
64,11,14
114,79,14
240,239,14
252,251,14
130,129,14
222,221,14
276,275,14
200,135,14
142,61,14
190,189,14
120,119,14
128,117,14
186,185,14
78,51,14
92,81,14
174,173,14
74,25,14
66,41,14
158,93,14
126,115,14
202,201,14
88,77,14
202,201,14
262,261,14
48,47,14
244,243,14
164,163,14
158,157,14
220,123,14
136,55,14
66,17,14
128,127,14
82,65,14
176,143,14
288,287,14
140,139,14
98,81,14
92,79,14
350,349,14
854,853,15
1070,1069,15
636,635,15
458,457,15
794,793,15
542,541,15
860,859,15
694,693,15
510,509,15
540,539,15
666,665,15
780,779,15
668,667,15
676,675,15
592,591,15
896,895,15
946,945,15
946,945,15
990,989,15
360,359,15
944,943,15
892,891,15
794,793,15
808,807,15
1160,1159,15
1058,1057,15
468,467,15
1028,1027,15
1002,1001,15
1010,1009,15
1132,1131,15
714,713,15
568,567,15
900,899,15
1016,1015,15
1090,1089,15
476,475,15
540,539,15
602,601,15
854,853,15
1126,1125,15
610,609,15
400,399,15
976,975,15
974,973,15
322,321,15
696,695,15
268,267,15
986,985,15
908,907,15
728,727,15
340,339,15
810,809,15
652,651,15
554,553,15
1012,1011,15
498,497,15
600,599,15
738,737,15
1170,1169,15
1000,999,15
1074,1073,15
902,901,15
714,713,15
814,813,15
932,931,15
788,787,15
988,987,15
790,789,15
1226,1225,15
668,667,15
896,895,15
674,673,15
1188,1187,15
1222,1221,15
708,707,15
980,979,15
544,543,15
860,859,15
840,839,15
556,555,15
718,717,15
650,649,15
470,469,15
978,977,15
632,631,15
804,803,15
712,711,15
798,797,15
800,799,15
1042,1041,15
780,779,15
718,717,15
622,621,15
172,171,15
1174,1173,15
910,909,15
908,907,15
1302,1301,15
856,855,15
754,753,15
870,869,15
868,867,15
1006,1005,15
1032,1031,15
332,331,15
910,909,15
368,367,15
368,367,15
676,675,15
1106,1105,15
696,695,15
452,451,15
740,739,15
1058,1057,15
1126,1125,15
870,869,15
944,943,15
852,851,15
404,403,15
748,747,15
1214,1213,15
742,741,15
946,945,15
564,563,15
884,883,15
862,861,15
682,681,15
660,659,15
560,559,15
872,871,15
712,711,15
948,947,15
860,859,15
1064,1063,15
734,733,15
868,867,15
1236,1235,15
982,981,15
548,547,15
594,593,15
578,577,15
1312,1311,15
326,325,15
638,637,15
764,763,15
390,389,15
896,895,15
350,349,15
888,887,15
604,603,15
918,917,15
1030,1029,15
606,605,15
834,833,15
1010,1009,15
1084,1083,15
464,463,15
960,959,15
810,809,15
608,607,15
824,823,15
746,745,15
1062,1061,15
560,559,15
634,633,15
628,627,15
1110,1109,15
604,603,15
444,443,15
342,341,15
728,727,15
352,351,15
664,663,15
674,673,15
766,765,15
676,675,15
876,875,15
848,847,15
842,841,15
544,543,15
972,971,15
518,517,15
1000,999,15
886,885,15
908,907,15
756,755,15
540,539,15
820,819,15
726,725,15
1168,1167,15
938,937,15
434,433,15
802,801,15
982,981,15
910,909,15
780,779,15
720,719,15
992,991,15
980,979,15
776,775,15
752,751,15
846,845,15
770,769,15
1108,1107,15
1220,1219,15
962,961,15
1428,1427,15
1028,1027,15
642,641,15
680,679,15
836,835,15
722,721,15
254,253,15
498,497,15
1042,1041,15
974,973,15
898,897,15
616,615,15
494,493,15
604,603,15
648,647,15
1030,1029,15
782,781,15
776,775,15
956,955,15
1288,1287,15
560,559,15
912,911,15
980,979,15
878,877,15
1072,1071,15
904,903,15
716,715,15
606,605,15
1098,1097,15
1266,1265,15
1068,1067,15
506,505,15
586,585,15
432,431,15
580,579,15
968,967,15
1120,1119,15
580,579,15
886,885,15
528,527,15
418,417,15
578,577,15
858,857,15
908,907,15
1092,1091,15
822,821,15
610,609,15
1066,1065,15
788,787,15
730,729,15
528,527,15
372,371,15
386,385,15
668,667,15
188,187,15
916,915,15
804,803,15
876,875,15
764,763,15
826,825,15
540,539,15
934,933,15
668,667,15
488,487,15
576,575,15
1140,1139,15
786,785,15
668,667,15
476,475,15
578,577,15
1520,1519,15
762,761,15
886,885,15
922,921,15
686,685,15
956,955,15
800,799,15
1004,1003,15
1142,1141,15
1250,1249,15
1472,1471,15
1340,1339,15
870,869,15
1000,999,15
764,763,15
922,921,15
1192,1191,15
998,997,15
1022,1021,15
952,951,15
1252,1251,15
1162,1161,15
830,829,15
944,943,15
850,849,15
1442,1441,15
420,419,15
452,451,15
916,915,15
260,259,15
540,539,15
682,681,15
786,785,15
1032,1031,15
944,943,15
466,465,15
708,707,15
1048,1047,15
854,853,15
842,841,15
1002,1001,15
1052,1051,15
1026,1025,15
1176,1175,15
830,829,15
662,661,15
698,697,15
638,637,15
594,593,15
504,503,15
584,583,15
886,885,15
748,747,15
1084,1083,15
760,759,15
730,729,15
1072,1071,15
1028,1027,15
1128,1127,15
1200,1199,15
976,975,15
812,811,15
1102,1101,15
658,657,15
640,639,15
1090,1089,15
706,705,15
1132,1131,15
818,817,15
1220,1219,15
1098,1097,15
752,751,15
640,639,15
860,859,15
568,567,15
870,869,15
738,737,15
516,515,15
472,471,15
476,475,15
1072,1071,15
954,953,15
1002,1001,15
716,715,15
730,729,15
838,837,15
538,537,15
1084,1083,15
526,525,15
626,625,15
694,693,15
984,983,15
596,595,15
900,899,15
624,623,15
338,337,15
988,987,15
584,583,15
994,993,15
1154,1153,15
1176,1175,15
776,775,15
1196,1195,15
1210,1209,15
554,553,15
576,575,15
724,723,15
664,663,15
564,563,15
694,693,15
1208,1207,15
602,601,15
1700,1699,15
1060,1059,15
928,927,15
988,987,15
862,861,15
1438,1437,15
598,597,15
860,859,15
724,723,15
1218,1217,15
516,515,15
816,815,15
1154,1153,15
1088,1087,15
1392,1391,15
666,665,15
904,903,15
1038,1037,15
906,905,15
904,903,15
1134,1133,15
1006,1005,15
786,785,15
1312,1311,15
1460,1459,15
536,535,15
904,903,15
552,551,15
1242,1241,15
870,869,15
590,589,15
1754,1753,15
690,689,15
864,863,15
634,633,15
662,661,15
1162,1161,15
1124,1123,15
886,885,15
1260,1259,15
1102,1101,15
582,581,15
692,691,15
544,543,15
434,433,15
894,893,15
990,989,15
658,657,15
1386,1385,15
1110,1109,15
1046,1045,15
374,373,15
516,515,15
462,461,15
934,933,15
716,715,15
834,833,15
790,789,15
934,933,15
1256,1255,15
1146,1145,15
600,599,15
800,799,15
666,665,15
1002,1001,15
442,441,15
578,577,15
852,851,15
546,545,15
866,865,15
1152,1151,15
1260,1259,15
1150,1149,15
804,803,15
830,829,15
546,545,15
552,551,15
1200,1199,15
1134,1133,15
1064,1063,15
914,913,15
818,817,15
322,321,15
1106,1105,15
1036,1035,15
1626,1625,15
570,569,15
616,615,15
892,891,15
696,695,15
1198,1197,15
484,483,15
596,595,15
800,799,15
802,801,15
438,437,15
494,493,15
656,655,15
654,653,15
838,837,15
418,417,15
1136,1135,15
16,15,15
314,313,15
428,427,15
430,429,15
390,389,15
406,405,15
310,309,15
244,221,15
276,275,15
270,45,15
306,305,15
464,463,15
378,377,15
248,247,15
302,301,15
136,39,15
298,297,15
220,219,15
154,153,15
214,213,15
136,87,15
94,83,15
266,265,15
346,345,15
366,301,15
204,91,15
358,357,15
278,213,15
178,177,15
442,441,15
100,35,15
224,223,15
270,269,15
376,375,15
284,283,15
222,221,15
234,33,15
542,541,15
230,229,15
220,219,15
254,253,15
272,271,15
376,375,15
168,35,15
234,233,15
188,187,15
160,159,15
152,55,15
162,159,15
530,529,15
230,229,15
116,115,15
92,91,15
26,7,15
288,287,15
314,313,15
260,259,15
280,247,15
268,267,15
160,159,15
376,375,15
210,167,15
90,39,15
124,5,15
310,309,15
330,329,15
310,309,15
378,377,15
506,505,15
290,289,15
394,393,15
124,123,15
82,1,15
250,153,15
458,457,15
236,139,15
218,25,15
280,279,15
230,229,15
126,109,15
192,191,15
278,277,15
186,121,15
316,315,15
192,143,15
590,589,15
422,421,15
388,387,15
160,95,15
360,359,15
204,91,15
278,229,15
464,463,15
224,223,15
368,367,15
534,533,15
538,537,15
246,197,15
116,45,15
168,167,15
514,513,15
312,311,15
620,619,15
564,563,15
596,595,15
434,433,15
314,313,15
228,215,15
346,313,15
188,75,15
176,17,15
218,25,15
322,161,15
136,135,15
492,491,15
150,101,15
300,299,15
376,375,15
410,409,15
240,143,15
256,255,15
240,133,15
174,125,15
230,203,15
312,311,15
470,469,15
336,335,15
236,235,15
470,469,15
460,459,15
240,239,15
460,459,15
124,123,15
214,213,15
112,65,15
126,35,15
154,31,15
308,307,15
166,165,15
472,471,15
198,27,15
264,263,15
376,375,15
310,309,15
138,103,15
374,373,15
410,409,15
364,363,15
222,221,15
116,83,15
236,235,15
132,51,15
120,55,15
184,87,15
416,415,15
216,215,15
122,7,15
88,41,15
258,257,15
246,245,15
548,547,15
538,537,15
210,73,15
484,483,15
364,363,15
180,179,15
342,341,15
370,369,15
186,185,15
306,305,15
366,365,15
90,9,15
138,39,15
148,147,15
74,73,15
140,17,15
170,169,15
66,1,15
146,49,15
146,145,15
208,207,15
180,179,15
460,459,15
60,27,15
308,307,15
118,27,15
178,15,15
160,159,15
214,197,15
136,7,15
568,567,15
338,337,15
34,25,15
534,533,15
202,201,15
160,97,15
408,407,15
248,247,15
244,243,15
196,195,15
148,119,15
476,475,15
344,343,15
442,441,15
214,213,15
340,339,15
80,63,15
342,341,15
252,219,15
130,31,15
320,319,15
108,59,15
288,287,15
132,67,15
290,289,15
176,175,15
82,65,15
48,11,15
426,425,15
210,63,15
262,261,15
332,331,15
134,133,15
490,489,15
246,245,15
48,47,15
216,215,15
436,435,15
292,291,15
190,189,15
224,223,15
246,245,15
202,111,15
248,243,15
426,425,15
140,91,15
294,293,15
290,289,15
254,253,15
330,329,15
360,359,15
216,215,15
440,439,15
206,205,15
300,299,15
358,357,15
244,243,15
364,363,15
170,169,15
350,349,15
214,213,15
152,119,15
426,425,15
264,263,15
174,173,15
340,339,15
114,65,15
462,461,15
208,47,15
978,977,16
1238,1237,16
924,923,16
792,791,16
1094,1093,16
1184,1183,16
930,929,16
1172,1171,16
1236,1235,16
1584,1583,16
680,679,16
1164,1163,16
1416,1415,16
872,871,16
1234,1233,16
542,541,16
1128,1127,16
1184,1183,16
1364,1363,16
1544,1543,16
1810,1809,16
1076,1075,16
386,385,16
1026,1025,16
1052,1051,16
1304,1303,16
1288,1287,16
1360,1359,16
1210,1209,16
1628,1627,16
1522,1521,16
1760,1759,16
1044,1043,16
1082,1081,16
1476,1475,16
680,679,16
1118,1117,16
1318,1317,16
1936,1935,16
1758,1757,16
1214,1213,16
1218,1217,16
874,873,16
970,969,16
2042,2041,16
1668,1667,16
1216,1215,16
1058,1057,16
1794,1793,16
1522,1521,16
1772,1771,16
1652,1651,16
656,655,16
1252,1251,16
1108,1107,16
992,991,16
1242,1241,16
1318,1317,16
1558,1557,16
964,963,16
860,859,16
752,751,16
1270,1269,16
1632,1631,16
1780,1779,16
1140,1139,16
1408,1407,16
748,747,16
1430,1429,16
1358,1357,16
1304,1303,16
832,831,16
1500,1499,16
1778,1777,16
1568,1567,16
1038,1037,16
920,919,16
1070,1069,16
1156,1155,16
1468,1467,16
1038,1037,16
856,855,16
1488,1487,16
1378,1377,16
782,781,16
1132,1131,16
1312,1311,16
1310,1309,16
1678,1677,16
1288,1287,16
1340,1339,16
1194,1193,16
1046,1045,16
1050,1049,16
1036,1035,16
1280,1279,16
1622,1621,16
600,599,16
780,779,16
1008,1007,16
1482,1481,16
1684,1683,16
1162,1161,16
1304,1303,16
1824,1823,16
770,769,16
1726,1725,16
1374,1373,16
1016,1015,16
1704,1703,16
1358,1357,16
1396,1395,16
1232,1231,16
1054,1053,16
1176,1175,16
1788,1787,16
1522,1521,16
1852,1851,16
1566,1565,16
1178,1177,16
952,951,16
1274,1273,16
1108,1107,16
1148,1147,16
1412,1411,16
852,851,16
830,829,16
1326,1325,16
1518,1517,16
1668,1667,16
1018,1017,16
1090,1089,16
962,961,16
1584,1583,16
1456,1455,16
1180,1179,16
1110,1109,16
1518,1517,16
1222,1221,16
804,803,16
1570,1569,16
820,819,16
1702,1701,16
1942,1941,16
1894,1893,16
1726,1725,16
1374,1373,16
952,951,16
1222,1221,16
1360,1359,16
1018,1017,16
806,805,16
638,637,16
1248,1247,16
942,941,16
1536,1535,16
2164,2163,16
1518,1517,16
1932,1931,16
1130,1129,16
1314,1313,16
676,675,16
1008,1007,16
1210,1209,16
1554,1553,16
2068,2067,16
956,955,16
1442,1441,16
660,659,16
1074,1073,16
1738,1737,16
1750,1749,16
1724,1723,16
1466,1465,16
1548,1547,16
2416,2415,16
834,833,16
1328,1327,16
1350,1349,16
2046,2045,16
1868,1867,16
1096,1095,16
1230,1229,16
976,975,16
1404,1403,16
1542,1541,16
1076,1075,16
1642,1641,16
1522,1521,16
958,957,16
1636,1635,16
630,629,16
1194,1193,16
1918,1917,16
1570,1569,16
746,745,16
1408,1407,16
1234,1233,16
1172,1171,16
1104,1103,16
1722,1721,16
1360,1359,16
1400,1399,16
1180,1179,16
1230,1229,16
1176,1175,16
748,747,16
1632,1631,16
1324,1323,16
1288,1287,16
1364,1363,16
1054,1053,16
1382,1381,16
1572,1571,16
1026,1025,16
1814,1813,16
1264,1263,16
1306,1305,16
802,801,16
1362,1361,16
1166,1165,16
458,457,16
1822,1821,16
472,471,16
1332,1331,16
1368,1367,16
1716,1715,16
1654,1653,16
1262,1261,16
1398,1397,16
744,743,16
1700,1699,16
1912,1911,16
1740,1739,16
1736,1735,16
1934,1933,16
774,773,16
1750,1749,16
1454,1453,16
1170,1169,16
2068,2067,16
1704,1703,16
1094,1093,16
1362,1361,16
1256,1255,16
890,889,16
1336,1335,16
1408,1407,16
1728,1727,16
1266,1265,16
1554,1553,16
1264,1263,16
1156,1155,16
2204,2203,16
1854,1853,16
1926,1925,16
1006,1005,16
2112,2111,16
946,945,16
1242,1241,16
2308,2307,16
1486,1485,16
1024,1023,16
1198,1197,16
1072,1071,16
932,931,16
370,369,16
1246,1245,16
1310,1309,16
872,871,16
814,813,16
1482,1481,16
1792,1791,16
1262,1261,16
1474,1473,16
1068,1067,16
1098,1097,16
2744,2743,16
2058,2057,16
1172,1171,16
1512,1511,16
1368,1367,16
1818,1817,16
1448,1447,16
1792,1791,16
744,743,16
1506,1505,16
1506,1505,16
198,197,16
482,481,16
2064,2063,16
582,581,16
878,877,16
466,465,16
236,235,16
1108,1107,16
1168,1167,16
1436,1435,16
1038,1037,16
1600,1599,16
1412,1411,16
1766,1765,16
892,891,16
1054,1053,16
1288,1287,16
1162,1161,16
1724,1723,16
1324,1323,16
1200,1199,16
348,347,16
1426,1425,16
1512,1511,16
982,981,16
1256,1255,16
1616,1615,16
1610,1609,16
1082,1081,16
812,811,16
2318,2317,16
506,505,16
1542,1541,16
1624,1623,16
1222,1221,16
1626,1625,16
474,473,16
538,537,16
1858,1857,16
1662,1661,16
1424,1423,16
1798,1797,16
2750,2749,16
1142,1141,16
1276,1275,16
1276,1275,16
1716,1715,16
1584,1583,16
1390,1389,16
1492,1491,16
1946,1945,16
948,947,16
348,347,16
1188,1187,16
1918,1917,16
1494,1493,16
2200,2199,16
2250,2249,16
1846,1845,16
1276,1275,16
1144,1143,16
1326,1325,16
904,903,16
2582,2581,16
1376,1375,16
1900,1899,16
874,873,16
1698,1697,16
2006,2005,16
2274,2273,16
1604,1603,16
1756,1755,16
1404,1403,16
1748,1747,16
942,941,16
494,493,16
1336,1335,16
606,605,16
1108,1107,16
856,855,16
1840,1839,16
1062,1061,16
1532,1531,16
1184,1183,16
1288,1287,16
1964,1963,16
1354,1353,16
2058,2057,16
1972,1971,16
1464,1463,16
892,891,16
782,781,16
786,785,16
1054,1053,16
1122,1121,16
1730,1729,16
2034,2033,16
1512,1511,16
1226,1225,16
1258,1257,16
2032,2031,16
1766,1765,16
1992,1991,16
1732,1731,16
2202,2201,16
1122,1121,16
1822,1821,16
660,659,16
1110,1109,16
276,275,16
398,397,16
514,513,16
460,459,16
952,951,16
1928,1927,16
1306,1305,16
1002,1001,16
770,769,16
1138,1137,16
1746,1745,16
516,515,16
1314,1313,16
360,359,16
882,881,16
930,929,16
1096,1095,16
1250,1249,16
1414,1413,16
902,901,16
1486,1485,16
354,353,16
1910,1909,16
1136,1135,16
1506,1505,16
528,527,16
1298,1297,16
944,943,16
1624,1623,16
700,699,16
1976,1975,16
1130,1129,16
1068,1067,16
1126,1125,16
1034,1033,16
338,337,16
298,153,16
172,117,16
914,913,16
382,381,16
392,391,16
622,621,16
112,31,16
526,525,16
262,261,16
334,109,16
462,413,16
340,19,16
226,225,16
398,397,16
688,687,16
156,107,16
528,527,16
320,287,16
342,149,16
350,3,16
356,179,16
454,261,16
856,855,16
660,531,16
428,107,16
298,297,16
538,281,16
274,177,16
730,729,16
270,221,16
248,199,16
580,579,16
418,417,16
292,291,16
238,237,16
214,117,16
142,109,16
274,209,16
130,121,16
354,353,16
460,379,16
316,315,16
628,627,16
332,331,16
444,443,16
734,733,16
512,511,16
568,567,16
368,303,16
262,27,16
362,23,16
510,477,16
232,231,16
304,65,16
666,665,16
540,443,16
436,93,16
602,601,16
300,95,16
360,285,16
252,251,16
766,765,16
294,293,16
528,511,16
346,121,16
396,395,16
344,343,16
400,351,16
368,367,16
548,547,16
206,131,16
146,129,16
452,451,16
942,941,16
410,409,16
860,859,16
806,805,16
406,405,16
304,303,16
254,253,16
318,61,16
730,729,16
386,81,16
260,253,16
396,11,16
434,409,16
848,847,16
672,671,16
190,93,16
332,331,16
392,391,16
576,575,16
340,307,16
192,15,16
194,81,16
354,353,16
320,283,16
384,383,16
358,357,16
694,693,16
166,11,16
428,427,16
188,85,16
678,677,16
426,393,16
306,127,16
184,71,16
178,161,16
224,223,16
854,853,16
334,333,16
394,393,16
336,133,16
1080,1079,16
306,273,16
266,265,16
394,281,16
332,43,16
164,151,16
278,245,16
706,705,16
128,47,16
218,217,16
282,279,16
312,311,16
778,777,16
382,381,16
210,105,16
634,633,16
938,937,16
442,175,16
430,429,16
318,29,16
588,587,16
188,101,16
608,607,16
440,439,16
494,493,16
388,381,16
380,181,16
648,647,16
462,461,16
972,971,16
414,115,16
138,17,16
166,165,16
148,3,16
422,421,16
376,375,16
412,411,16
372,371,16
430,429,16
278,261,16
250,185,16
476,475,16
442,441,16
432,431,16
538,537,16
340,339,16
376,375,16
484,483,16
394,393,16
396,395,16
928,927,16
126,29,16
436,435,16
200,103,16
786,785,16
170,23,16
146,105,16
236,133,16
350,349,16
494,493,16
344,87,16
298,135,16
378,369,16
650,649,16
422,11,16
458,457,16
268,267,16
342,341,16
570,569,16
156,155,16
378,377,16
392,391,16
432,431,16
390,389,16
408,407,16
282,273,16
674,673,16
102,59,16
384,319,16
330,329,16
252,251,16
188,187,16
48,1,16
66,33,16
362,361,16
182,181,16
272,271,16
330,329,16
748,747,16
318,115,16
390,379,16
276,131,16
378,377,16
196,93,16
246,245,16
326,325,16
282,247,16
308,243,16
1030,1029,16
784,783,16
294,139,16
276,205,16
572,571,16
190,189,16
592,591,16
948,947,16
458,457,16
114,47,16
540,539,16
744,743,16
248,247,16
278,203,16
192,191,16
186,73,16
566,565,16
508,427,16
532,531,16
552,551,16
212,35,16
670,669,16
278,277,16
714,713,16
422,421,16
666,665,16
612,611,16
626,625,16
274,273,16
232,135,16
440,439,16
384,309,16
416,415,16
112,111,16
214,213,16
628,627,16
204,203,16
542,541,16
362,361,16
476,475,16
634,633,16
522,521,16
232,71,16
208,63,16
346,135,16
616,615,16
248,115,16
454,453,16
392,391,16
220,171,16
608,607,16
334,333,16
316,315,16
226,177,16
276,205,16
488,487,16
584,583,16
674,673,16
282,281,16
374,373,16
880,879,16
436,435,16
534,533,16
870,869,16
102,5,16
868,867,16
552,551,16
350,349,16
238,237,16
340,339,16
424,423,16
388,387,16
676,675,16
184,93,16
550,549,16
114,81,16
568,567,16
676,675,16
724,723,16
274,159,16
238,237,16
694,693,16
580,579,16
496,495,16
234,7,16
258,217,16
296,41,16
162,31,16
194,65,16
288,287,16
238,237,16
300,299,16
642,641,16
150,149,16
138,121,16
236,139,16
364,363,16
216,215,16
482,481,16
126,109,16
406,405,16
342,341,16
294,293,16
124,5,16
202,57,16
492,491,16
280,279,16
518,517,16
430,429,16
110,77,16
122,89,16
164,99,16
536,535,16
268,267,16
992,991,16
226,127,16
52,13,16
108,27,16
104,87,16
684,683,16
594,593,16
154,137,16
488,487,16
518,517,16
310,309,16
366,365,16
316,315,16
590,589,16
246,75,16
178,113,16
236,107,16
546,529,16
458,449,16
576,575,16
576,575,16
322,321,16
296,279,16
182,69,16
118,53,16
234,233,16
274,273,16
250,249,16
526,525,16
384,383,16
414,45,16
106,41,16
640,639,16
142,141,16
344,343,16
370,369,16
308,35,16
254,205,16
586,585,16
348,347,16
326,325,16
798,797,16
