7,0,3
11,2.02988321282,4
11,0,5
15,2.82812208833,5
19,3.1639632289,6
23,4.4008325161,6
27,5.69302109128,6
15,2e-7,7
23,3.33174423164,7
27,4.592125697,7
31,5.1379412019,7
35,6.4435373809,7
39,7.0849259535,7
43,7.6433751724,7
27,3.4272052463,8
35,4.9352426783,8
35,5.2386841008,8
39,5.50048641635,8
43,6.9971891478,8
47,7.4752374295,8
47,7.0221965891,8
51,7.8013412244,8
51,7.58818022364,8
55,8.651148558,8
55,8.2863168178,8
59,8.9358569275,8
59,8.5312322015,8
63,9.217800316,8
67,9.9306482938,8
71,10.5790219169,8
75,10.9859076063,8
91,12.3509062092,8
19,0,8
19,4.1249032518,8
31,6.7837135198,8
19,0,9
31,3.4866601463,9
39,4.99485640413,9
43,5.5565188163,9
47,5.69844175094,9
55,7.2036007616,9
59,8.0148614578,9
63,8.1923479624,9
63,8.0168155657,9
67,8.7734572821,9
67,8.2885890429,9
71,8.8366423439,9
75,9.1350940379,9
75,8.954989262,9
79,9.8854986603,9
79,9.88300696,9
79,9.4745804535,9
83,10.057729636,9
83,10.032547448,9
83,9.6443040738,9
87,10.183265536,9
87,10.6207270212,9
91,10.611348294,9
91,10.8337291089,9
95,11.390305148,9
95,10.595840515,9
99,10.9999809583,9
103,11.5631770163,9
103,12.2058561651,9
107,11.954526968,9
111,11.686312208,9
119,13.0998998459,9
123,13.280455636,9
139,14.3445813878,9
55,7.9405792478,9
75,9.8845786531,9
91,10.9894495926,9
115,12.932858702,9
111,12.810310003,9
151,15.0183428579,9
99,12.098936026,9
19,4.0568602242,9
35,5.90408585851,9
35,7.40676757237,9
47,8.6020311664,9
19,4.75170196552,9
63,10.0499578613,9
55,9.5318798358,9
51,9.4270736278,9
35,3.5261959907,10
47,5.1148414603,10
51,5.7321047868,10
55,5.8171296928,10
67,7.37393513427,10
75,8.3909376067,10
87,9.1159063956,10
59,6.0832348371,10
79,8.2940996752,10
91,9.1805736441,10
87,9.3704424414,10
95,9.8174951907,10
107,10.57848019,10
115,10.937689414,10
87,8.973449326,10
95,9.546642305,10
83,8.5367555992,10
111,10.639844271,10
103,9.8447713027,10
71,8.3173787184,10
91,9.6751411442,10
99,9.9818665179,10
119,11.3932246349,10
111,10.9774547368,10
131,11.8757796037,10
123,11.352017558,10
143,12.3841319661,10
107,10.264674947,10
127,11.602905247,10
135,11.8287575695,10
115,11.044264031,10
139,12.0909368719,10
131,11.5356739323,10
75,8.4222666679,10
99,10.394496786,10
103,10.4761855403,10
107,10.9658105324,10
119,11.3493135472,10
123,11.5895187274,10
151,12.8887403303,10
143,12.376615499,10
163,13.2398483668,10
147,12.6025961143,10
159,12.968994205,10
179,13.7160759848,10
63,7.7169998093,10
83,9.3851941567,10
99,10.378901449,10
119,11.4531933662,10
107,11.1988897921,10
135,12.6313795199,10
119,11.537548182,10
147,12.8868474202,10
95,10.5913111336,10
123,12.185540627,10
131,12.3988021558,10
159,13.5885585022,10
131,12.7213306985,10
151,13.3899441414,10
171,13.9800415357,10
67,8.4585802676,10
91,10.141469036,10
115,11.5116912918,10
103,10.8680927131,10
127,12.0764614345,10
151,13.029268871,10
127,12.4216305054,10
115,11.6370352293,10
175,14.1265051707,10
135,12.5108877304,10
155,13.385228746,10
147,12.929594687,10
167,13.706880842,10
127,12.0060369984,10
163,13.4307487843,10
115,11.512860414,10
127,12.074711681,10
139,12.502099197,10
123,12.5402952185,10
143,13.3940444715,10
171,14.4926670316,10
127,12.4314795313,10
167,14.258051849,10
175,14.7098987816,10
115,11.7977736599,10
171,14.34125614,10
163,14.2736445981,10
203,15.6466491718,10
199,15.566058923,10
155,13.8661498633,10
147,13.4870224203,10
179,14.8553501716,10
135,13.0164671649,10
143,13.311566525,10
183,15.0478528846,10
187,15.1778514277,10
175,14.8527467084,10
163,14.4129190236,10
163,14.334344519,10
131,12.8108825665,10
171,14.6875068376,10
147,13.7273432971,10
151,13.8747895699,10
155,14.107126688,10
183,15.181695505,10
151,13.933018994,10
187,15.352852697,10
127,12.9046239529,10
171,14.900208603,10
167,14.7774626651,10
155,14.265023013,10
175,14.755884076,10
223,16.4734736615,10
187,15.3049043434,10
219,16.6380380564,10
191,15.4238665073,10
207,16.125443524,10
195,15.5452149057,10
203,15.9386941263,10
211,16.2713682822,10
231,16.9748770322,10
211,16.410823159,10
243,17.085709483,10
27,0,10
25,4.6119613745,10
39,6.9042561238,10
59,8.8968167596,10
43,5.86053930174,10
51,8.9015166373,10
35,6.77819889005,10
63,9.4650216573,10
23,4.05686022424,10
39,7.7983002322,10
55,8.3929225083,10
75,10.6871749683,10
35,7.74627454623,10
51,9.2505562627,10
79,10.4672462427,10
35,4.85117075733,10
19,5.2125668223,10
43,7.9364742292,10
39,6.7708167807,10
55,9.07089927,10
79,10.7965949841,10
27,5.04489916292,10
67,10.5610167549,10
55,9.417590916,10
63,10.2602434363,10
83,11.4427267789,10
59,10.0813628566,10
87,11.8430447517,10
51,8.5360653472,10
43,7.3743438893,10
51,9.2498874439,10
51,9.250541613,10
71,11.1633906422,10
99,12.665333285,10
91,12.2712363584,10
79,11.7406410379,10
51,9.2039166061,10
35,5.6387729489,10
71,10.6933605467,10
103,13.2900030686,10
91,12.5066879309,10
79,11.60308465,10
255,15.6438748417,11
275,16.5881285059,11
231,15.5500298075,11
195,14.1846224387,11
251,15.5012280953,11
271,15.843962448,11
191,13.5337608551,11
235,14.9161851677,11
131,11.3849850792,11
215,14.6473479227,11
227,14.723913275,11
207,14.261766027,11
123,10.735423359,11
267,16.4065722209,11
215,15.128809655,11
211,14.45791993,11
247,16.101276406,11
255,16.0299593212,11
311,17.7862653976,11
227,15.3455371203,11
151,12.6394143264,11
203,14.6532728222,11
207,14.3487806314,11
315,17.9005581498,11
311,17.786265398,11
315,17.9005581498,11
287,17.019211259,11
243,15.879937783,11
231,15.718146009,11
299,17.347783795,11
251,15.4015885303,11
279,16.0546665053,11
191,13.8945620052,11
239,14.9741512703,11
243,15.3716803409,11
243,15.1597193981,11
187,13.338428221,11
235,15.6825658421,11
203,14.0334129389,11
179,12.8866759899,11
231,14.685443776,11
215,14.5336008778,11
271,16.3093198865,11
235,15.5977141458,11
175,13.212342585,11
175,13.06336076,11
235,15.597714146,11
227,15.118084339,11
211,15.1714491959,11
167,13.4737186538,11
231,15.1158729988,11
275,16.824255724,11
195,14.4160262614,11
279,16.7028912584,11
143,11.6846141704,11
219,14.5405858717,11
199,14.735401221,11
163,12.8069118213,11
87,8.5671613763,11
171,13.0589813933,11
207,14.3182759478,11
111,10.6386212519,11
187,14.0116429411,11
195,14.0131392696,11
119,10.686500306,11
239,15.8010591707,11
251,16.0997938711,11
207,14.700257745,11
283,16.740275151,11
303,17.4335108698,11
319,17.3873093755,11
307,17.1729889733,11
355,18.4184085903,11
147,12.3051584396,11
167,12.6919564974,11
291,16.9805132046,11
263,15.2573285948,11
247,15.3316327184,11
287,16.8714020743,11
275,16.51612416,11
255,16.0509673268,11
191,13.88825994,11
227,14.770315231,11
203,13.8695704445,11
215,14.0551141455,11
183,13.557360491,11
243,15.1380715584,11
203,14.1444103555,11
239,14.728081872,11
175,12.5187522513,11
259,15.132711528,11
207,14.2422418427,11
187,13.1111949813,11
215,14.4580456522,11
147,11.7606850785,11
243,14.8743968728,11
143,12.1699852873,11
155,12.021711939,11
271,16.608597211,11
283,16.175511492,11
335,18.5209505598,11
199,14.686109322,11
163,13.221837613,11
251,15.7183393409,11
219,14.7170008078,11
187,13.4001218463,11
223,14.3063609531,11
199,14.23678351,11
235,15.1191270696,11
195,13.471654337,11
207,13.6745003315,11
251,16.342975588,11
219,15.6778311564,11
303,17.558362781,11
243,16.428298344,11
275,17.0879707604,11
235,14.5969667607,11
175,13.34965123,11
155,12.0579780971,11
219,14.3126452347,11
239,14.7555257262,11
255,16.459423222,11
235,15.9713280151,11
311,17.5239680022,11
351,18.645495339,11
291,17.209201201,11
275,16.6559488544,11
259,15.694316644,11
227,15.5089284684,11
247,15.9906358068,11
263,16.9145940381,11
271,16.778822444,11
159,12.9477946092,11
247,15.484062343,11
307,17.6563585372,11
327,18.0711194078,11
223,15.5094892668,11
323,18.0471431402,11
199,13.730539084,11
131,10.6274961814,11
207,14.9455563073,11
119,11.4137894629,11
179,13.608420466,11
147,11.8228580914,11
167,12.3910776154,11
247,16.2882197282,11
303,17.2352756294,11
231,15.772817129,11
255,16.266319991,11
251,16.2111300625,11
255,16.1582319131,11
235,15.641350474,11
179,13.4112858226,11
135,11.5462346652,11
343,18.5384357448,11
183,14.085633035,11
271,16.8127595544,11
239,16.2349532997,11
223,14.4088730503,11
291,17.098517193,11
115,11.0125693285,11
335,18.2450339,11
239,15.919292822,11
339,18.3584972752,11
163,12.5728525346,11
119,10.3670781482,11
227,15.503183879,11
251,16.368944112,11
243,16.1442993652,11
371,19.2051071754,11
367,18.671206879,11
279,17.2020353109,11
271,16.745582495,11
159,12.1343424373,11
211,13.9605343139,11
223,14.1347788315,11
195,13.045037167,11
247,14.6423649964,11
115,10.0674254534,11
179,12.7427818874,11
199,13.8790350662,11
147,11.269287252,11
231,14.430442634,11
175,12.4498525222,11
219,13.8722288467,11
191,13.6435153691,11
235,14.9449804407,11
135,10.658860423,11
299,17.3741603158,11
171,12.2348913486,11
167,12.3995473696,11
195,13.2007598665,11
191,13.353162453,11
187,13.796811542,11
107,9.3133692251,11
295,17.285519786,11
287,17.4105931061,11
231,15.065955176,11
199,13.9644336864,11
171,13.7590705486,11
163,12.6076110174,11
223,14.871122022,11
127,10.261331859,11
203,13.6080158898,11
183,12.879837056,11
171,12.7355549891,11
211,13.9792284963,11
283,17.3022803022,11
147,11.5224314442,11
135,10.8804743675,11
307,17.7092062649,11
291,17.5099487862,11
139,11.7947414285,11
267,16.7321609249,11
295,17.2795328928,11
279,17.246192208,11
263,16.7439518533,11
175,13.4577847478,11
171,12.6214634364,11
159,12.2428196225,11
203,13.8903308345,11
151,12.698136058,11
179,13.0758567016,11
107,9.3622369607,11
143,11.5144267794,11
287,17.349486765,11
267,16.8089509808,11
143,11.4893426599,11
103,9.2744158627,11
199,14.7354012211,11
247,16.4522958018,11
347,18.729559373,11
75,7.4400121192,11
143,11.8445058344,11
199,13.7186953697,11
187,13.6546527689,11
131,10.8467108673,11
391,19.573726277,11
123,10.6980651536,11
191,13.7014182472,11
95,9.0332841114,11
139,11.4767284876,11
295,17.3477020285,11
151,12.4730777456,11
83,8.5005839133,11
39,3.55381991851,11
319,17.7144912486,11
235,15.7969538089,11
171,13.8029972867,11
267,16.9234902697,11
263,16.8559288089,11
267,16.9234902697,11
263,16.855928809,11
287,17.307403388,11
267,16.7428819011,11
195,13.730082559,11
151,11.987721108,11
159,12.5200927609,11
139,11.8188868978,11
259,15.9423485573,11
215,14.8138761185,11
171,13.720439897,11
271,16.235341603,11
219,14.8554963022,11
419,20.2285700119,11
383,19.5157631767,11
279,17.338213512,11
303,18.0173445,11
275,17.032426283,11
343,18.789011351,11
299,17.7392681473,11
319,18.4007937269,11
331,18.650513753,11
259,16.9486128064,11
323,18.3555862618,11
271,16.9206772131,11
283,17.2111525577,11
183,14.415976156,11
211,15.3110325762,11
311,18.311092358,11
255,16.6493724694,11
295,17.62948817,11
359,19.26434379,11
323,18.3328397396,11
295,17.8935730344,11
363,19.3323265954,11
411,20.2067067599,11
291,17.551461374,11
283,17.344209674,11
199,14.579913085,11
259,16.2254977713,11
163,13.4595926675,11
247,16.0734792318,11
219,15.5091566017,11
223,15.7452224053,11
351,18.851260209,11
263,16.2797824463,11
195,14.341754318,11
307,17.9978752289,11
399,19.8328838541,11
323,18.3942869094,11
299,17.7790123731,11
235,16.2483408247,11
271,17.2512367071,11
211,13.523847403,11
167,11.9837752878,11
143,10.8655492549,11
187,12.820679221,11
123,10.1293336601,11
159,11.8940786492,11
239,16.0409283012,11
155,13.3553124368,11
343,18.9578337634,11
315,18.2725217977,11
243,15.8582476622,11
251,16.060550596,11
271,17.2773181419,11
239,16.233238173,11
219,15.7363678761,11
243,16.2583155519,11
303,17.6972228106,11
167,13.4472711051,11
199,15.0339305645,11
191,14.412592238,11
339,18.689330092,11
375,19.235624253,11
299,17.6919348861,11
291,17.4304911615,11
179,14.4186843781,11
231,16.0067795424,11
379,19.7120465547,11
131,10.2750992752,11
99,8.78087299,11
151,11.733803113,11
119,9.9980010358,11
179,12.7190595138,11
139,11.542018579,11
111,10.1171412449,11
175,12.9962340178,11
123,10.4619455151,11
59,5.8387546286,11
63,5.8936270443,11
259,16.4335868338,11
183,14.215956919,11
187,14.689751257,11
223,15.4926605663,11
291,17.560012045,11
311,17.9314163727,11
371,19.324263731,11
331,18.525264024,11
271,17.1581968842,11
247,16.150985431,11
211,15.1817103544,11
91,8.423244315,11
159,12.314988694,11
183,13.0500099302,11
63,6.102803165,11
107,9.6718805839,11
115,9.7684862371,11
139,12.2200101055,11
79,8.765193679,11
71,6.2970196529,11
51,5.1402065631,11
103,9.8326799201,11
163,12.7680747671,11
23,0,11
55,9.7004774764,11
123,12.5931738692,11
87,11.5633543073,11
99,12.5530574707,11
143,14.1155831965,11
75,11.406953378,11
135,13.8902290682,11
107,13.0980494422,11
83,10.317504563,11
131,13.5825405062,11
111,13.0518140358,11
39,8.0703133581,11
47,6.56631160282,11
91,10.8396605273,11
71,9.9480467091,11
91,10.7763575467,11
95,11.3587808532,11
67,10.1472698783,11
31,4.7698896023,11
51,9.4105654867,11
99,12.4679853116,11
111,13.189019383,11
83,10.8083240482,11
51,9.905485566,11
95,12.1829539794,11
83,11.7289013332,11
67,9.3336768785,11
43,8.0616459501,11
103,11.7973859547,11
75,9.73656555,11
67,10.5313844228,11
139,13.9389693799,11
103,12.6361613174,11
83,11.2191177254,11
179,15.794506071,11
151,14.482843438,11
51,9.9652450421,11
27,4.12490325181,11
99,12.7511257456,11
159,15.4046936813,11
131,13.7623119991,11
83,11.2191177254,11
179,15.7945060706,11
151,14.482843438,11
99,12.7511257456,11
159,15.4046936813,11
131,13.7623119991,11
59,9.9960396254,11
35,6.9091101321,11
51,10.2067650006,11
59,9.5042153907,11
119,12.58770356,11
75,10.3948496875,11
87,11.4400790927,11
123,12.846177386,11
71,10.337213833,11
59,5.8605393017,11
71,9.9783302859,11
107,11.8950163396,11
79,9.4871610638,11
75,8.275143802,11
67,9.6144562618,11
79,9.8999617546,11
59,7.2396520759,11
67,11.4167453632,11
151,14.434139496,11
51,10.650322386,11
127,13.336420695,11
99,11.9560492158,11
39,6.721993288,11
127,13.5931203961,11
163,14.6933600094,11
67,10.4045367402,11
67,10.40453674,11
127,13.5931203961,11
107,12.3124579795,11
83,11.960381646,11
107,12.3124579795,11
35,6.75197109994,11
71,10.834307537,11
83,10.9559655331,11
41,8.6899863753,11
99,12.0122016233,11
71,11.4315969453,11
91,11.726685319,11
67,11.7194755782,11
103,12.3434206058,11
51,7.4448364196,11
123,12.7807670858,11
91,11.0273882834,11
63,9.9035154583,11
43,8.7707685526,11
103,12.5838720629,11
115,14.0065220919,11
75,11.1971415517,11
59,9.0469957345,11
51,10.1830095522,11
139,13.7590471081,11
79,11.6343543952,11
91,11.573623858,11
79,11.1670241433,11
39,7.24432035087,11
131,13.41618972,11
67,7.34941599622,11
139,13.642095873,11
55,9.9962874004,11
67,9.2729205302,11
147,14.6101514387,11
115,13.086946668,11
83,12.549436862,11
55,8.6124939641,11
111,13.3685536913,11
71,11.016388303,11
107,12.891371562,11
155,14.7633893162,11
35,7.7544537602,11
71,11.3951847369,11
51,8.8825642419,11
139,14.36817488,11
119,12.7750539416,11
91,12.270947399,11
55,9.7304954604,11
115,13.5240334663,11
119,13.6990525478,11
127,14.0835460343,11
83,10.763876755,11
111,13.1289761757,11
87,12.2619286708,11
87,11.7204020914,11
107,13.3478918673,11
135,14.372309463,11
51,10.266827761,11
99,10.9920402766,11
95,13.0489324662,11
51,8.0398755969,11
127,13.794814975,11
115,12.3640612618,11
35,7.77671151289,11
19,5.5697154383,11
103,11.4115512266,11
43,7.8034944955,11
67,11.18083695,11
59,9.3137681046,11
131,13.8021246265,11
59,9.0120715494,11
127,14.496953054,11
107,12.651668655,11
175,15.461720863,11
91,11.136256335,11
159,14.7873167991,11
95,12.433909373,11
95,12.4339093727,11
131,13.0744970955,11
159,15.3090275836,11
119,12.3848060905,11
155,15.3971577628,11
131,14.7470628727,11
115,12.7254139067,11
143,15.1809941552,11
135,14.3017671098,11
135,13.727562853,11
111,13.1068761212,11
91,13.1502423526,11
171,15.816873297,11
143,14.195407328,11
127,14.2087215208,11
151,15.0132170138,11
79,10.817292528,11
127,13.6098042261,11
131,13.606648537,11
99,13.391480356,11
123,13.5803664566,11
195,16.7284050472,11
139,13.982076611,11
127,14.5344848718,11
191,16.091722813,11
191,16.9983382324,11
155,14.7988728577,11
111,12.696529344,11
91,11.3450038487,11
203,16.3896767726,11
67,11.4109294144,11
175,16.3840371986,11
211,17.099956866,11
427,18.4603520487,12
331,16.859535763,12
507,20.011425617,12
507,20.011425617,12
403,17.4656298298,12
395,17.3165431731,12
299,15.371521343,12
379,17.8110361746,12
379,17.7549522369,12
355,16.666516091,12
327,16.8808904915,12
143,10.8977367267,12
423,18.1476580409,12
407,18.1923250086,12
359,18.0733576891,12
303,16.039727028,12
351,17.333486394,12
523,20.3085565072,12
359,17.094909665,12
435,19.1772447974,12
423,18.695994307,12
411,18.425031895,12
287,16.1736683103,12
347,16.9694458812,12
447,18.742377557,12
443,19.024250581,12
435,17.7636588905,12
439,18.5909476933,12
327,16.085845228,12
471,19.386119573,12
275,15.2194080934,12
471,19.3861195727,12
459,19.551318072,12
459,19.5513180723,12
431,18.6151819384,12
371,16.6288251578,12
171,11.8740449492,12
227,13.580781023,12
215,13.5111258,12
303,15.6495481073,12
463,19.884074905,12
259,15.1907067339,12
263,14.7725260001,12
279,15.3707956555,12
347,16.4704067471,12
331,16.5026823827,12
343,17.372238123,12
407,18.3492536533,12
527,19.7541519251,12
327,16.296445445,12
315,16.5763561027,12
279,15.1287487897,12
379,17.2595108525,12
295,15.9551710935,12
495,19.1834745595,12
251,14.9979127846,12
563,20.6693789106,12
427,18.5816559567,12
383,17.0053872426,12
487,19.3328454557,12
291,15.6169736268,12
303,15.5375116244,12
195,12.6325833096,12
439,19.075571229,12
339,16.2546754581,12
199,13.6885711931,12
371,17.6040158562,12
287,15.6274976366,12
279,15.1719296117,12
391,17.1898341977,12
447,18.6443076751,12
407,18.669774264,12
487,19.621303042,12
307,16.82564196,12
455,19.47836898,12
415,17.7372014217,12
307,16.18463167,12
311,15.450505729,12
443,19.1850139656,12
307,15.3417975613,12
295,15.3200380527,12
379,18.100061987,12
415,18.6395283687,12
519,20.363568969,12
343,16.533059086,12
475,19.8011258328,12
399,18.9126227604,12
211,14.2173809341,12
427,18.971700612,12
463,19.539832716,12
451,19.22397388,12
459,19.396709065,12
519,20.608018489,12
255,15.325934412,12
511,19.884656308,12
611,21.339236301,12
451,19.621002296,12
659,22.163242669,12
267,14.4723380718,12
335,16.1063857552,12
295,15.083662471,12
235,14.016028727,12
311,16.3151942446,12
303,15.5143859095,12
379,18.177608248,12
523,20.4202675905,12
367,18.109742899,12
411,18.41647294,12
319,16.2500087065,12
543,20.4098437226,12
383,18.374379392,12
503,20.2416421548,12
295,16.2652117686,12
423,18.541862414,12
295,16.6341898154,12
415,18.434390291,12
139,11.374650985,12
263,15.0350438864,12
163,11.877095134,12
451,19.2093104837,12
331,17.102724347,12
367,17.727772419,12
551,20.917523002,12
391,18.8403645219,12
451,18.7770667289,12
643,22.022538923,12
299,16.2413039317,12
399,18.0912676453,12
383,18.5939591662,12
339,16.241112563,12
431,18.7123222058,12
515,20.567037885,12
579,21.354619487,12
395,18.655202216,12
403,18.3922005745,12
535,20.206768672,12
271,14.7634735936,12
367,16.6003997591,12
371,16.397757187,12
223,13.1961012472,12
427,18.5470750319,12
327,15.5799381318,12
275,14.205646341,12
291,15.193876176,12
247,14.919076831,12
287,15.0691553735,12
463,19.4430319257,12
219,14.002704231,12
223,13.3779671727,12
299,14.982097979,12
263,14.1781759372,12
411,18.455313826,12
387,18.609411344,12
291,16.4761211541,12
215,14.5383293334,12
467,19.6673785421,12
423,18.863798781,12
451,18.289529972,12
343,16.5310646343,12
235,14.2868593526,12
271,15.087672226,12
387,17.1645222087,12
499,20.567546531,12
315,16.418841927,12
307,15.543740182,12
391,17.1145918774,12
559,21.2355575406,12
351,17.694983466,12
235,13.7689783255,12
367,16.898640745,12
307,15.8924658529,12
355,15.9668517527,12
139,10.316459941,12
323,15.541112623,12
287,14.621541963,12
363,16.1792809505,12
407,18.4913685924,12
351,17.632147639,12
371,18.008956654,12
435,19.5039459298,12
363,17.951708294,12
199,12.8922557474,12
279,14.3071981051,12
247,13.6064409265,12
423,18.510459419,12
419,18.428710756,12
219,13.1743577238,12
255,13.9353414964,12
459,19.426839745,12
447,19.5340565988,12
311,16.7168851496,12
339,17.153300874,12
447,19.350876942,12
475,19.63880991,12
463,19.5613458109,12
215,13.172340597,12
235,14.7070381253,12
419,18.9598761776,12
447,19.6500035062,12
419,18.7231817435,12
155,11.000619331,12
283,16.4286088043,12
583,21.6262374142,12
391,18.4105676625,12
599,21.7242465804,12
487,20.140350828,12
631,21.675158614,12
339,15.9557940192,12
343,15.9996400279,12
335,15.784083425,12
191,12.33848806,12
159,11.0210417009,12
287,15.7307572296,12
271,16.0215919437,12
323,17.034639582,12
375,18.3342242375,12
327,15.892949392,12
223,13.456592196,12
267,14.6780794249,12
367,18.0724165655,12
379,18.269513974,12
179,11.7736230727,12
175,11.755282138,12
431,18.796577828,12
371,18.1428318014,12
167,11.766185916,12
507,20.3102214514,12
439,18.9749283761,12
403,18.1913590334,12
359,17.7007832372,12
387,18.274132775,12
239,14.119567726,12
347,16.887154484,12
143,10.8527576211,12
251,14.6950159214,12
255,14.8002073279,12
183,12.2318236181,12
327,16.898149344,12
459,19.231536164,12
627,22.039598887,12
375,18.1163355553,12
615,21.955389227,12
151,11.1953443421,12
599,22.028775227,12
575,21.5416175631,12
415,18.218619779,12
579,21.4390240956,12
607,21.8174234065,12
335,17.6049412327,12
619,22.1609310447,12
547,21.1462929691,12
487,20.4089620834,12
367,17.9675659621,12
379,18.1468514339,12
491,20.3605848324,12
451,19.6384501045,12
359,17.5280048175,12
511,20.843381055,12
543,21.228730354,12
295,16.6674997477,12
387,18.2829614463,12
495,19.915233791,12
379,18.3010568281,12
455,20.0564998219,12
371,18.1461510445,12
423,19.0974793068,12
419,18.9878437872,12
563,21.1926406429,12
555,21.461762393,12
435,19.464841578,12
507,20.5738844532,12
211,14.3094550255,12
451,20.3233403876,12
515,20.735393701,12
459,19.7583007526,12
571,21.364372955,12
451,19.7667998404,12
251,15.37029582,12
351,17.489905412,12
451,19.867962652,12
455,19.6529466667,12
387,18.573496822,12
219,14.265362815,12
639,22.210716893,12
679,22.781325931,12
487,20.466066801,12
255,13.8525188694,12
331,17.580374313,12
167,12.0330810755,12
183,11.4561264118,12
195,13.1223408946,12
215,13.0229885118,12
243,13.5433526801,12
311,16.4864916628,12
395,17.8042218114,12
231,13.2409941,12
531,20.4083353355,12
323,16.7372165216,12
407,18.258506015,12
287,16.3765894177,12
571,21.4336861177,12
227,14.7349238971,12
455,19.9850302672,12
419,19.331228455,12
495,20.3788279668,12
499,20.70116058,12
367,17.88823609,12
535,20.9492116767,12
291,16.7358074479,12
471,20.0879986626,12
527,20.68823139,12
435,19.4139544445,12
371,17.9654336866,12
291,16.849559713,12
351,18.0415282694,12
475,20.154903217,12
487,20.633379164,12
199,13.69592479,12
543,20.770361282,12
435,19.6208916159,12
391,18.500165612,12
431,19.312848829,12
495,20.5210656242,12
191,13.4811995532,12
571,21.6470433422,12
523,21.149689799,12
147,10.2085172396,12
295,14.987341345,12
283,15.068047673,12
159,10.5061880523,12
335,17.006011445,12
275,16.1682121435,12
227,13.131115837,12
223,13.4821919833,12
67,5.90828681953,12
627,22.0593845103,12
311,17.0467779966,12
275,16.2759704824,12
307,16.9573480429,12
447,19.6610916284,12
379,18.0401776001,12
183,13.625267218,12
271,16.066302869,12
607,21.8726994107,12
535,20.8785047799,12
647,22.310745469,12
351,18.1987497525,12
475,19.8876572845,12
447,19.5477189655,12
391,18.3980522685,12
239,15.5686965876,12
463,19.434252797,12
235,14.7359965737,12
247,15.0107927106,12
183,13.0673144964,12
391,18.458479214,12
451,19.5475894956,12
295,16.5073112694,12
383,18.2083712527,12
395,18.6466695149,12
443,19.4225137848,12
387,18.2516409238,12
375,18.2934445966,12
155,11.7022111136,12
255,14.854910564,12
451,19.862464256,12
195,14.214838926,12
311,16.9634504481,12
95,9.3569389821,12
347,17.4764218012,12
287,16.201527389,12
515,20.1979231331,12
435,19.1903309498,12
463,19.782710856,12
291,16.1960700881,12
355,17.679111458,12
279,16.1112131429,12
315,17.127929887,12
287,16.6547881159,12
295,16.6481341603,12
255,15.9656416922,12
259,15.60515552,12
291,16.410132945,12
403,18.7957843128,12
123,9.0511004556,12
299,15.1628737221,12
243,13.9776364191,12
83,6.4266719065,12
135,9.9002124739,12
483,20.071125437,12
163,11.802921307,12
175,13.0526459886,12
75,6.3090903924,12
147,14.4518743136,12
135,13.6205230754,12
119,12.721881945,12
135,11.8123132527,12
99,11.513297203,12
247,16.6421753008,12
215,15.7211590155,12
167,14.3677687382,12
107,12.7003049883,12
111,13.5870558251,12
83,12.373810395,12
283,17.9257766774,12
107,12.4841151311,12
107,11.703875596,12
143,13.7324053154,12
63,9.8759424404,12
219,16.4675403462,12
139,15.444107175,12
147,15.896179486,12
151,14.0033407332,12
95,12.5329044022,12
187,15.5253455432,12
127,11.4322505266,12
135,13.242476676,12
99,10.044499937,12
163,13.4692794316,12
155,14.96118389,12
111,12.6641098975,12
75,10.2590474482,12
247,17.0387074827,12
123,12.9458278269,12
123,12.9458278269,12
123,12.8845173837,12
167,14.0664149501,12
115,13.434559638,12
99,12.933510681,12
163,15.1490176948,12
111,13.3160992234,12
143,14.721206901,12
59,7.6814906181,12
65,9.6358927719,12
87,10.937174699,12
103,11.801946843,12
95,10.140911831,12
131,14.7384668319,12
91,12.9155646038,12
179,16.413527784,12
255,17.807965849,12
131,15.6197450958,12
235,16.3438491118,12
127,14.061906463,12
107,13.26154573,12
63,10.0113281919,12
111,13.1013924209,12
75,12.029085927,12
159,14.832447505,12
67,11.396419164,12
207,16.4753045847,12
91,11.320694146,12
207,16.028505573,12
83,13.0053717913,12
123,14.3453341,12
199,16.50002298,12
99,13.6963820255,12
155,14.4090281722,12
67,12.2799188065,12
175,15.6904876739,12
199,16.5812512795,12
199,16.581251279,12
83,12.7556700964,12
251,17.1939389619,12
91,11.9045728928,12
151,14.4818497498,12
63,8.7998629756,12
63,9.6087417721,12
87,13.1708296518,12
155,14.9529414252,12
115,13.952523812,12
183,15.881728679,12
127,13.115213506,12
163,14.4090985692,12
71,11.4321109614,12
227,16.6062681102,12
147,15.320388964,12
99,9.5421207783,12
91,12.1918407623,12
99,14.3292583136,12
83,12.3137276044,12
99,13.6960383966,12
75,11.942901965,12
175,15.4624178759,12
59,8.5620421365,12
187,14.8239406763,12
203,16.1003309615,12
79,12.0923850132,12
223,16.16019038,12
151,14.700852684,12
51,10.7667232939,12
207,16.3943301252,12
155,14.9832932445,12
99,12.8892362256,12
107,12.5997918278,12
107,11.864522208,12
163,15.6491585103,12
235,17.01403736,12
99,14.283067192,12
115,12.416827514,12
67,9.1825793262,12
227,16.752446198,12
87,11.5066074202,12
67,11.4081339071,12
67,11.330922981,12
83,10.838861951,12
115,14.533745052,12
55,10.565799046,12
163,14.6211780034,12
187,15.991625597,12
83,12.2045429305,12
67,11.2910912872,12
55,10.4420005531,12
259,17.5700037287,12
243,16.7819749224,12
71,11.2299744437,12
239,16.786873805,12
95,12.3803114558,12
75,11.601499579,12
283,17.456947527,12
243,16.0847689343,12
127,14.5095651981,12
51,9.7571676138,12
155,15.0538654276,12
111,12.50899213,12
199,15.725197313,12
111,11.958912843,12
103,11.4667091554,12
131,14.043016386,12
143,14.48919829,12
63,9.2838574894,12
51,8.0109527536,12
155,14.6996960603,12
235,16.4022031037,12
103,13.6946729284,12
103,11.3349600774,12
151,15.0849873379,12
71,11.806720483,12
179,15.3843521843,12
195,15.8407699496,12
203,15.8376981697,12
155,15.4873531133,12
51,10.594686645,12
39,8.623584959,12
235,16.8852880125,12
99,14.0085373018,12
231,16.7909593646,12
195,15.4420693426,12
219,17.113662104,12
163,16.0146117823,12
231,16.9990569484,12
239,17.071126679,12
171,15.1172622275,12
75,11.9290608882,12
211,15.873155427,12
163,14.8654568284,12
87,13.333850365,12
103,13.5987550541,12
107,12.355931937,12
267,17.867342597,12
111,11.8398453884,12
143,14.26741992,12
79,11.3274302515,12
127,12.7896208736,12
235,17.227621506,12
215,16.698457736,12
91,10.2536085854,12
57,8.3663981885,12
51,7.3975397834,12
83,8.5017825212,12
91,10.4475398226,12
55,10.233653669,12
187,14.509209896,12
91,11.4769008253,12
131,13.7507449485,12
63,8.3723810731,12
183,15.6191515936,12
127,13.4360135415,12
203,16.137707522,12
235,16.7119452393,12
171,15.7535100948,12
227,16.8077789812,12
71,10.2220733666,12
107,12.219335011,12
91,10.9701882214,12
183,15.427320493,12
191,15.2557897917,12
151,15.17506024,12
199,16.0451481028,12
127,13.426811851,12
87,13.0546770444,12
199,15.1645593184,12
107,12.7719390088,12
119,12.992241267,12
107,12.6802841287,12
131,13.1043600601,12
191,15.3858247993,12
259,16.9485877758,12
147,15.996507775,12
239,16.4882674747,12
683,20.518355434,13
423,17.0292047659,13
655,20.2917284338,13
699,21.2888379662,13
523,19.159293375,13
619,19.959022289,13
843,22.4336309098,13
487,18.1288199917,13
567,19.4680727311,13
539,18.9893387699,13
579,19.6553824429,13
839,22.3988822699,13
583,19.244501429,13
839,22.3988822699,13
699,21.288837966,13
583,20.170158671,13
475,18.007578359,13
643,19.9608430379,13
563,19.111441512,13
519,18.1057377932,13
615,19.3431827094,13
551,18.3140482763,13
747,21.603726054,13
703,20.6532907977,13
555,19.1976433168,13
551,19.5296972652,13
603,18.7786988383,13
275,13.9720569508,13
487,17.8910360255,13
347,16.1291434398,13
511,18.689019104,13
343,15.542804969,13
559,19.321414202,13
451,18.29472995,13
391,15.981750589,13
779,22.206513892,13
619,19.9181283738,13
499,18.480939182,13
163,11.005438775,13
635,19.9549750447,13
535,19.151567755,13
527,18.7121181502,13
583,20.0797485535,13
539,19.0574416946,13
623,20.7983970199,13
631,20.57078361,13
803,22.5940051226,13
803,22.594005123,13
735,21.6910350682,13
627,20.61195369,13
615,20.588737183,13
779,22.1031460404,13
779,22.1031460404,13
643,20.010440354,13
719,20.7017130731,13
575,19.1948569663,13
595,20.4019010026,13
563,19.8311974782,13
455,18.2703568188,13
723,21.5694154825,13
731,21.425780456,13
587,20.0744038896,13
491,18.6390926161,13
615,19.8568744368,13
719,21.350667347,13
603,19.69284574,13
651,19.7374171732,13
703,20.4526932563,13
487,18.348366201,13
571,19.1804672353,13
675,20.9617776311,13
611,19.6128239263,13
395,16.3746635927,13
503,19.441961422,13
619,19.756238271,13
651,21.3541537657,13
659,20.289863062,13
575,19.8078603252,13
643,19.9636203787,13
655,20.751007714,13
367,16.1838455318,13
607,20.578527544,13
971,23.910203712,13
651,20.34321361,13
799,22.132872438,13
615,19.6694502244,13
379,17.0379143257,13
275,14.5736755842,13
431,16.8362753592,13
267,13.724054493,13
575,19.5382461219,13
555,18.530847817,13
415,17.0867863699,13
491,17.8072398936,13
483,18.112405102,13
579,18.800627052,13
707,21.469009649,13
439,18.0005046691,13
503,18.3643125506,13
899,23.443666127,13
479,17.762773781,13
559,18.4538720003,13
435,17.394380738,13
507,18.2216590002,13
451,18.163041993,13
443,16.9358113451,13
703,21.779472672,13
703,21.779472672,13
315,15.4486506518,13
159,10.984271765,13
355,16.5007603848,13
803,21.6297891841,13
747,21.1498383602,13
711,21.289892491,13
327,15.9417517709,13
347,15.6515397203,13
255,13.6278975501,13
515,18.867545253,13
487,17.491892074,13
607,19.8978297382,13
483,17.331881289,13
707,21.279639369,13
383,16.193480554,13
587,19.987288227,13
723,21.571359599,13
355,16.140532081,13
615,20.596559101,13
823,22.671233983,13
735,21.7071275393,13
543,19.4586396406,13
603,20.4535970728,13
779,22.0676937795,13
943,24.0085902398,13
695,21.5727353216,13
595,19.34035914,13
595,19.0113008123,13
451,17.4568748213,13
383,16.4614652946,13
419,16.73263824,13
395,16.9071918498,13
551,19.733607138,13
807,22.0539837154,13
567,19.933545451,13
559,20.074601687,13
387,15.9194766215,13
783,22.496376224,13
739,21.6488657817,13
739,21.6019901781,13
519,19.8906952331,13
783,22.5811724792,13
667,20.4893794811,13
531,18.9411609404,13
935,23.903359486,13
427,18.480058956,13
803,22.675995408,13
599,20.3081997931,13
623,20.731152711,13
499,18.5683855011,13
811,21.9690061556,13
263,15.1165471717,13
955,24.041562501,13
535,19.410084302,13
331,16.2338104141,13
443,17.546232085,13
359,15.9067680211,13
667,21.033668055,13
627,20.4893763667,13
415,18.179340454,13
791,22.490023789,13
447,17.66793059,13
663,21.152008038,13
691,21.480085365,13
743,21.6879934001,13
931,23.2472957684,13
983,23.976376787,13
579,20.130642112,13
595,19.5613285637,13
575,19.8694114601,13
639,20.5131998602,13
523,19.3547163348,13
423,17.8544369589,13
483,18.6384942537,13
343,16.674483961,13
515,18.855940675,13
507,18.1349406812,13
619,20.666963013,13
883,23.0987725918,13
715,21.2724231093,13
723,21.7585649987,13
623,20.7131273993,13
739,21.4250796394,13
1019,24.44234161,13
531,18.9239662498,13
395,15.9998585918,13
491,17.269560995,13
687,19.3189813242,13
787,22.4770401127,13
671,19.081062399,13
467,17.060667795,13
483,17.005601765,13
815,22.4328462187,13
471,18.2241722514,13
627,19.218692996,13
551,19.578615263,13
831,22.4716528619,13
671,20.240292242,13
663,20.2509609476,13
847,22.0481958565,13
487,18.498333163,13
579,18.1268015999,13
551,18.9082596646,13
387,16.5308925856,13
411,16.579196763,13
303,15.4775968055,13
519,18.162870585,13
579,19.71638945,13
567,19.7269351546,13
551,19.513729527,13
703,20.88219643,13
199,12.6596980231,13
227,12.516597835,13
827,22.5215641513,13
631,20.4699740733,13
811,22.449872887,13
667,20.9774194627,13
459,18.34124101,13
451,17.9946725211,13
487,18.046490249,13
343,16.5912623289,13
715,21.1580710805,13
391,17.7109952086,13
575,18.7657687475,13
519,19.5199132595,13
443,17.209771748,13
531,17.704581698,13
687,20.4654334853,13
559,18.3409809578,13
611,20.8432271002,13
739,22.0896499159,13
675,21.393892445,13
935,23.9710786372,13
803,22.7800912855,13
707,21.6393082491,13
379,17.7745165001,13
691,21.740276019,13
739,21.9216066144,13
607,20.564551806,13
743,21.6921108214,13
755,22.2135489694,13
1059,24.5318427566,13
435,17.5700060505,13
515,18.6407740212,13
643,20.761248838,13
535,19.3120637525,13
579,19.91357028,13
707,21.5362157443,13
511,19.054049114,13
787,22.5412550739,13
655,20.7362210228,13
699,21.3290359563,13
527,19.510457523,13
479,18.509825253,13
295,15.5974062764,13
655,21.3733694103,13
895,23.0491164946,13
639,20.834591342,13
659,20.807938831,13
767,22.2211213143,13
831,22.8456830021,13
971,24.0312763365,13
379,17.194893557,13
791,22.91116624,13
527,19.704880185,13
611,20.299244897,13
487,18.234050059,13
191,11.0068873488,13
487,17.8778818736,13
531,17.7317437649,13
439,16.684882953,13
699,20.90070026,13
683,21.0440364793,13
431,17.227962706,13
743,22.4169694382,13
623,20.305098136,13
487,17.853016502,13
523,19.0639974764,13
319,15.7010247569,13
363,16.4469328297,13
571,19.0205370299,13
379,17.3812894273,13
431,17.883665129,13
479,16.9889609765,13
487,17.206675253,13
123,8.7654552681,13
255,13.548055204,13
427,17.0003303648,13
359,15.2885192283,13
275,13.7019256981,13
703,21.1276765482,13
879,23.0383031243,13
887,23.640967111,13
355,16.0858465865,13
211,11.919905224,13
183,11.109934377,13
811,22.974229159,13
187,12.0702634168,13
695,21.721993587,13
951,23.6487765022,13
491,18.8085262235,13
631,20.998984332,13
263,13.2683570569,13
419,16.5362048109,13
495,17.729990775,13
611,20.2733413809,13
767,22.1773313337,13
767,22.202983086,13
971,23.875732229,13
539,19.7934317509,13
251,13.1430879622,13
667,21.0336680549,13
395,17.822441739,13
787,22.7542865156,13
735,22.065014841,13
739,22.0195219795,13
367,16.3012646822,13
307,15.063682431,13
219,12.2536696889,13
511,18.9260573425,13
911,23.366034457,13
463,17.4728744324,13
359,16.012183114,13
223,13.404914647,13
499,18.507803627,13
775,21.5263215012,13
387,16.77685632,13
471,18.137589817,13
635,21.216293317,13
531,19.6780935888,13
271,15.237207863,13
407,17.411280988,13
371,15.8854712689,13
483,19.0226611713,13
575,20.098375958,13
575,20.70768092,13
755,22.239804499,13
543,19.7977571568,13
595,20.5503891647,13
603,21.049277211,13
731,21.9088610608,13
515,19.604773917,13
503,19.2580014,13
763,22.3383417111,13
547,19.7028727937,13
559,19.438839332,13
911,23.1473419373,13
391,17.0494076084,13
895,23.24248376,13
335,15.6011193025,13
339,15.3762812555,13
351,16.2126468423,13
615,21.05522553,13
203,12.3201824622,13
883,23.1666373618,13
847,22.9134799865,13
427,17.5503288417,13
887,23.484123983,13
879,23.741051801,13
531,19.3834912019,13
659,21.357877299,13
587,20.403823417,13
679,20.2745625807,13
567,20.6625696681,13
663,21.6749882947,13
551,19.2983784385,13
731,21.828586435,13
551,20.1805536464,13
771,22.8491492538,13
1119,25.531991399,13
423,17.5732001661,13
679,21.0945166818,13
703,21.2855375235,13
427,17.9735938088,13
267,15.0945978171,13
463,18.6969800203,13
991,24.6880689335,13
619,20.280215244,13
371,17.3618464077,13
647,20.9753929084,13
835,23.3692576177,13
847,23.501749267,13
699,21.5726451104,13
855,23.494825737,13
787,22.9793887897,13
687,21.931887725,13
799,22.9477672263,13
391,16.9744290634,13
503,18.8132226455,13
619,20.2309140964,13
435,18.011180167,13
707,21.889187607,13
803,22.789838675,13
451,18.0563188209,13
923,23.9906848821,13
719,21.5775899142,13
507,19.422604188,13
1183,25.756821401,13
839,23.613131962,13
615,21.02430302,13
975,24.388342599,13
631,21.365985458,13
839,23.1147755583,13
475,19.0160113798,13
455,17.7244055795,13
447,17.6861426791,13
859,23.1720422459,13
355,16.208549888,13
999,24.435097645,13
851,23.1755132779,13
743,22.1314890737,13
431,17.516836399,13
1047,24.708291783,13
883,23.4332763443,13
635,21.1443371636,13
419,18.47468278,13
763,22.6816361315,13
931,24.060092438,13
995,24.2176531533,13
343,14.8902860535,13
471,18.5399224651,13
523,19.259417565,13
347,15.0958489021,13
447,16.874513003,13
927,23.9222999349,13
287,14.0808103795,13
1043,24.900521573,13
1043,24.5509485391,13
663,21.553028793,13
443,18.6226229874,13
883,23.6116864131,13
643,21.413311285,13
839,22.863930728,13
763,21.6988037415,13
751,22.6247100632,13
467,19.16029063,13
527,20.3196745506,13
843,23.203210689,13
799,22.5636056096,13
803,22.5123864168,13
479,19.136627369,13
659,21.0913820695,13
603,20.433653136,13
479,19.0634318156,13
675,21.5893875671,13
859,23.50295752,13
307,16.83539811,13
839,23.3090658424,13
523,19.6287378977,13
683,21.7840252293,13
819,22.774931259,13
767,22.5002920059,13
639,21.497023762,13
1035,24.8729744075,13
487,19.022869237,13
703,21.851955913,13
847,23.111446126,13
639,21.3623409022,13
271,15.686247682,13
695,21.2607739044,13
927,23.835403576,13
847,23.0689935944,13
883,23.4338698031,13
851,23.0313149248,13
595,21.045614184,13
671,21.544526064,13
223,13.4154434994,13
895,23.8207670942,13
391,16.8378192527,13
511,19.2874711017,13
435,18.017932154,13
511,19.231202112,13
727,22.0952991276,13
375,17.141145674,13
635,21.0941544644,13
323,16.5687980095,13
707,21.367629099,13
859,23.242807841,13
419,17.789386075,13
231,13.8506635106,13
563,20.486314768,13
719,21.6749946874,13
783,22.7648755348,13
699,21.964031705,13
687,21.87742871,13
439,18.411927325,13
651,21.299820586,13
743,22.5025587322,13
639,21.1815151423,13
483,18.941453715,13
799,23.0791398799,13
459,18.8390497696,13
491,18.8950004891,13
799,22.326579035,13
727,22.1384438374,13
775,22.8324714065,13
715,22.3357151501,13
755,22.0111272694,13
859,23.572454176,13
587,20.2954933605,13
655,21.7300048696,13
659,21.6309980136,13
767,22.1037659867,13
423,18.4033153134,13
231,11.8549693471,13
387,15.7119770117,13
931,23.454316896,13
135,9.0271857339,13
239,12.5479791836,13
179,11.112361264,13
883,23.6875396908,13
963,24.179318501,13
923,23.7669591451,13
611,20.664422599,13
463,18.5061602351,13
903,23.7117101148,13
555,20.6218453071,13
511,19.1427010599,13
555,19.409487157,13
471,18.8634386208,13
367,16.8049674838,13
551,19.6923444467,13
483,19.035241983,13
291,13.9002406147,13
95,6.5108981214,13
119,8.5779923304,13
63,5.2086109485,13
259,16.5918845033,13
211,14.3821322949,13
215,16.372814497,13
259,16.7778539937,13
143,14.836650872,13
187,17.318162564,13
251,16.6101947769,13
211,16.9344969205,13
243,17.9421204389,13
363,18.632668629,13
199,15.1449259893,13
547,21.2856804308,13
279,17.2645441023,13
367,19.181825403,13
351,18.468211324,13
283,17.3320733337,13
143,12.0650863511,13
147,11.8964020867,13
235,17.5503980489,13
191,15.5812379761,13
287,16.9957127949,13
203,14.940677637,13
219,15.577629412,13
123,13.2002604093,13
183,13.8540254494,13
127,14.4392553545,13
151,15.17190856,13
295,18.075408965,13
187,16.5823453781,13
123,14.776803861,13
147,14.8164009713,13
271,17.6677503096,13
163,16.6197306881,13
179,16.4314222615,13
343,18.6338852526,13
403,19.2493097233,13
167,15.8439978593,13
383,19.1663844143,13
311,17.4262678513,13
327,18.347115962,13
327,18.0163583163,13
279,17.638871673,13
187,15.2595971743,13
215,17.004548204,13
171,15.7728698669,13
331,18.244366508,13
231,16.1554070945,13
283,17.8390740089,13
391,18.4429505405,13
187,16.0146295093,13
251,16.248306338,13
219,16.709182774,13
291,17.6906673338,13
271,17.0520426501,13
263,16.7922576074,13
159,14.5314601554,13
179,17.3640835997,13
131,9.9373253765,13
207,13.9000808792,13
163,12.7760952258,13
271,16.560620294,13
147,11.9671597399,13
203,17.2984526795,13
279,16.2607262024,13
247,18.1106072213,13
147,14.178142414,13
227,15.5313499379,13
235,15.380609959,13
295,16.30944855,13
163,14.8330030526,13
179,15.1639132549,13
167,16.381458514,13
319,17.6188766375,13
263,17.826298683,13
251,17.0172751164,13
287,17.582007831,13
99,14.1408797739,13
319,17.3914122032,13
119,14.5362244595,13
63,10.3974448,13
123,13.8992663842,13
195,14.1382034845,13
195,16.7273478303,13
211,15.9260441412,13
203,16.0877424868,13
135,14.141365968,13
143,13.998685643,13
163,15.9270835373,13
271,18.5054317534,13
187,14.632980427,13
51,11.3674817762,13
107,10.8248260811,13
367,18.7784409567,13
319,17.935576091,13
167,16.666900976,13
163,15.1317440645,13
123,13.9416442653,13
123,15.2766083478,13
383,19.810639311,13
303,18.839959859,13
287,18.2076417801,13
211,18.5711635477,13
311,17.9762456879,13
343,18.5059876585,13
363,19.2296974276,13
215,14.9511670031,13
171,14.021197765,13
167,14.2524587661,13
279,15.9160809635,13
81,11.4995572799,13
167,14.2694843391,13
223,17.0933475932,13
323,18.473106668,13
343,18.569072593,13
147,13.5439769227,13
919,21.250024357,14
947,22.2048852519,14
1291,24.704708945,14
1255,24.5239882054,14
1007,22.7167000038,14
735,20.3672841976,14
811,20.7203932663,14
955,22.836670246,14
863,21.3492977626,14
1219,23.7643604,14
659,19.315046745,14
1047,23.27435003,14
799,20.7383933315,14
1015,22.6034707045,14
583,18.262395092,14
683,19.525044005,14
1143,24.082863467,14
947,22.4786379969,14
867,21.524027731,14
791,20.438600967,14
667,19.7041295935,14
1227,24.7849739231,14
1167,23.9381516642,14
719,19.58239628,14
759,20.13143874,14
1103,23.8955948276,14
739,19.898991309,14
1315,24.9821934513,14
731,21.0638294304,14
659,19.612271229,14
831,21.6271515309,14
687,20.287505758,14
835,20.9205770388,14
771,21.242374044,14
1483,25.9520515284,14
1351,24.869021474,14
707,19.9047547832,14
1143,23.155889198,14
811,21.1382762433,14
879,21.3023601183,14
591,19.0857531618,14
655,19.190997232,14
967,22.3986640392,14
1227,24.1588428918,14
631,19.171916224,14
1179,23.6166405503,14
1695,26.9652326777,14
927,22.1760993074,14
1671,26.77880342,14
1303,25.494042598,14
871,20.709560869,14
835,20.079230588,14
723,19.9638047753,14
615,18.8803566013,14
1471,26.1118733562,14
1423,25.8572670523,14
1291,24.879178597,14
1315,24.637281766,14
899,21.732087471,14
1427,25.753409301,14
927,22.574630743,14
1419,26.205863344,14
1223,25.2929880367,14
1071,23.694536224,14
1011,22.8229702662,14
839,21.028691357,14
1083,23.256525495,14
847,20.1232978229,14
1315,25.1423032705,14
1091,22.935551206,14
1499,26.3926681131,14
1207,24.7180158602,14
1047,22.936243257,14
927,21.741387664,14
931,22.0314597788,14
1123,23.812919176,14
1135,23.9993942789,14
1259,24.8660231338,14
1223,24.4120715704,14
939,23.185154694,14
1407,25.714105976,14
783,21.427723052,14
595,19.334421486,14
1147,23.188648231,14
955,22.1235070647,14
959,22.74438971,14
1095,23.753211696,14
1331,24.621836003,14
1631,26.8565997613,14
783,20.809025813,14
883,21.0770824132,14
1219,23.714589875,14
807,21.698849098,14
863,21.53865354,14
771,20.6999747012,14
1207,24.365789531,14
903,22.7154091082,14
1079,23.687137747,14
1075,23.4959146018,14
995,23.277337404,14
951,22.8265934263,14
1167,24.245800784,14
863,21.869714665,14
991,23.55255553,14
1539,26.4483278239,14
771,20.9067679593,14
727,20.6929406089,14
983,23.0135972627,14
847,21.971142248,14
1099,24.146029524,14
319,14.1840467266,14
1215,23.031829543,14
959,20.883442435,14
931,22.13575315,14
899,22.119389573,14
1295,24.0360413424,14
1011,22.730107664,14
603,18.3748629235,14
991,22.7426473203,14
811,21.309721233,14
1439,25.9052402113,14
1279,24.879326914,14
1423,25.978817913,14
835,21.0464890878,14
1399,25.4743222722,14
1423,25.869108581,14
887,22.749208375,14
747,20.220920599,14
1335,24.53876422,14
351,15.4687302419,14
1351,25.0349690483,14
571,17.1173193729,14
399,16.7028293718,14
547,18.534457034,14
943,22.659147063,14
847,20.9357287701,14
1051,23.5576705761,14
1043,23.3053217011,14
887,22.6277005207,14
487,16.7044117514,14
1195,24.180888287,14
807,21.27234479,14
1063,23.843500676,14
1039,23.493610668,14
983,22.2830638792,14
1099,23.784807844,14
863,21.072418613,14
875,20.9175066593,14
1215,24.2772977773,14
1227,23.949176912,14
779,21.411315809,14
715,20.9992269234,14
1047,23.6749223438,14
783,21.079729925,14
1235,24.3628408978,14
1407,25.490676855,14
1207,24.473145358,14
1231,24.575403164,14
999,22.9748506596,14
423,16.064998411,14
1279,24.1332398644,14
1651,26.4019819337,14
1099,22.955390952,14
1059,23.685995415,14
1307,25.1472962251,14
1451,25.869081592,14
915,22.9272314092,14
975,23.302627167,14
1391,25.1474264599,14
1119,23.794876639,14
763,19.2441754426,14
1259,24.542032203,14
1243,24.6493219277,14
607,18.4618533263,14
1271,24.5134992984,14
899,22.383301055,14
1011,21.3131384211,14
407,16.6321426135,14
1163,24.2959998316,14
523,18.022948012,14
903,22.3018369896,14
399,14.7562860574,14
1107,23.4174339438,14
899,22.128953281,14
1015,23.1341577592,14
495,17.691699363,14
1339,25.097061391,14
743,21.186200907,14
1015,23.0161364138,14
731,20.6184608433,14
1071,23.0993464251,14
1471,26.019512354,14
1427,25.7803602195,14
1015,22.4094375396,14
1175,23.7398416122,14
803,21.4530292273,14
1063,24.129476922,14
1103,23.324011591,14
1299,25.23183716,14
963,23.2057658002,14
1055,23.4651847101,14
1711,26.8870490458,14
1223,25.012000239,14
1159,24.745719566,14
1179,24.2331308719,14
1023,22.649873346,14
571,18.8678992752,14
991,23.132193204,14
1215,25.051450258,14
1323,25.0094970826,14
1291,25.312482251,14
1415,26.11256311,14
1367,25.791204085,14
1191,24.3015386537,14
667,20.8329550377,14
1019,22.9403838521,14
1203,24.140619624,14
903,22.408479945,14
955,23.1798883204,14
1487,26.3456048138,14
1495,26.2885085267,14
447,15.694170117,14
447,15.8611352534,14
539,16.7966982638,14
671,18.4736806816,14
519,17.0430818143,14
459,16.3689675269,14
227,12.7817037892,14
835,21.5819847791,14
423,15.4897356514,14
1055,23.9135610538,14
743,20.5084229772,14
715,20.3899004978,14
931,21.905416683,14
1203,24.5892582871,14
767,21.907895355,14
611,20.345366224,14
931,22.4977639022,14
731,19.9178009004,14
1135,24.2793748115,14
231,13.0482249133,14
1655,26.8424633604,14
1679,26.9713118834,14
891,21.4597847452,14
1483,26.009209453,14
859,20.052141073,14
1531,26.4872490805,14
1371,25.785638215,14
1499,26.8009049819,14
895,21.3258292392,14
563,17.6483227328,14
1011,22.62615927,14
1779,27.8852848651,14
1259,24.900996198,14
1199,24.481378199,14
863,22.0049918317,14
1027,23.8005309388,14
1863,28.2872046125,14
1171,24.382273889,14
827,21.883071927,14
635,19.183994658,14
1079,24.3805017468,14
1199,25.1098699451,14
547,19.1826603422,14
1191,24.988752625,14
1051,24.097698245,14
1487,26.6349747416,14
995,22.255363581,14
975,23.0056752008,14
1167,24.927638706,14
1295,25.163118154,14
915,22.009932902,14
919,22.191411788,14
739,21.304967514,14
907,22.9565455358,14
779,22.243650251,14
1467,26.4284613262,14
1195,25.132587249,14
999,23.44154343,14
891,22.817136561,14
1111,23.114994193,14
395,15.0401149833,14
319,14.0090735698,14
1827,28.1120698727,14
1571,26.8606346717,14
767,21.0489240586,14
695,20.5408040104,14
1519,26.544155368,14
1035,23.2748106,14
1151,24.428633728,14
1139,24.0498203038,14
1095,23.822453091,14
979,22.988521336,14
1227,24.716096752,14
1067,23.981517891,14
911,22.9426595456,14
1159,24.538226074,14
719,20.307081978,14
611,19.8665657537,14
1179,25.034511737,14
767,21.505515491,14
895,23.2258275582,14
575,20.089135858,14
867,22.4732830726,14
1103,24.0205649191,14
539,19.769579129,14
1135,24.2508668878,14
923,22.562437489,14
1415,26.0290381492,14
1159,24.3396408463,14
707,20.782348138,14
859,21.7526757938,14
1119,24.164627106,14
751,21.4850817206,14
1059,23.3989192272,14
1119,23.915164171,14
947,23.2584106656,14
1195,24.582823497,14
895,22.7343975329,14
731,21.3399487421,14
979,22.550501649,14
631,18.7703514734,14
811,20.9221583247,14
519,18.5318723225,14
743,21.202810677,14
871,22.6937976,14
955,22.9880859663,14
1427,25.9694263182,14
955,22.86175036,14
883,22.482862154,14
939,22.952533727,14
995,23.5439928302,14
779,19.2017841673,14
379,14.9492251924,14
107,6.56860931492,14
983,23.6708325516,14
419,17.5179648341,14
843,21.9645126125,14
247,12.686376682,14
251,13.957538248,14
315,18.1459592014,14
523,19.351081733,14
559,21.5840891281,14
515,21.2597415512,14
275,18.8504671282,14
407,18.573087045,14
567,20.1329795606,14
415,19.5271349435,14
611,21.3253717095,14
559,20.4764955152,14
371,20.748524159,14
411,20.7109183498,14
503,21.3677289938,14
519,21.378929629,14
487,20.8986352547,14
355,19.996961865,14
475,19.3995600592,14
355,16.330036224,14
551,20.665015763,14
419,19.282043499,14
635,20.891896873,14
507,20.114902043,14
99,12.840921158,14
495,20.495964561,14
583,21.956579712,14
427,18.4702325808,14
683,22.6224458642,14
295,18.549212116,14
347,19.734119871,14
447,20.636534754,14
359,19.7872256499,14
231,17.7830512055,14
407,17.7146727593,14
395,17.2634662603,14
255,15.942160012,14
259,18.0139830021,14
531,19.747434332,14
215,17.484819868,14
339,19.6661329777,14
607,22.160169684,14
227,16.9099037952,14
379,19.804833315,14
247,16.298416146,14
131,13.1081059857,14
415,20.8144028553,14
307,19.8308231047,14
479,21.8438220333,14
271,18.863549357,14
323,19.373931893,14
563,20.793946025,14
233,16.9930026768,14
395,18.5664079862,14
187,15.8463903193,14
487,20.305389117,14
115,13.6726653885,14
367,18.1942715339,14
251,15.9651043133,14
351,17.8370430354,14
151,16.025256437,14
111,12.8253359846,14
115,15.6209873519,14
435,20.2734644819,14
351,18.802633858,14
491,20.3313154954,14
423,19.3330856132,14
375,17.67813813,14
427,18.2654663482,14
243,14.4227564539,14
343,19.77415527,14
311,19.0909649943,14
459,18.3130540352,14
471,20.6998321946,14
307,19.3466015732,14
323,18.781514638,14
311,19.0909649943,14
195,17.70109357,14
523,21.4416736559,14
467,19.1993199395,14
411,20.63495096,14
351,17.7643929076,14
427,20.157141011,14
311,19.138902731,14
251,19.0827556934,14
347,19.6053381404,14
347,19.2158819544,14
635,22.082076557,14
291,18.4937322493,14
283,18.953127053,14
351,19.4597839848,14
475,19.7042921892,14
203,17.4299635096,14
487,20.5999107912,14
363,19.5278408771,14
575,21.0328533118,14
567,21.070363915,14
403,20.847076854,14
435,20.3300554357,14
403,18.0949733724,14
307,20.426498673,14
211,17.9555623065,14
431,20.0448397489,14
515,20.7671115455,14
193,16.4873529829,14
411,19.3935830959,14
547,21.1804594322,14
283,19.7159879655,14
687,21.9049220669,14
379,20.00507605,14
231,17.5260325891,14
339,20.087767541,14
399,20.3316256182,14
487,19.945742169,14
491,20.9238324437,14
281,19.3494832457,14
847,23.7486267894,14
551,21.623454433,14
595,20.9075496112,14
447,19.687512056,14
411,20.2880488982,14
515,20.8436268899,14
331,19.151113749,14
535,21.0558350987,14
331,19.138423723,14
343,19.5075378426,14
427,19.068286189,14
135,14.6186354185,14
131,14.0665642562,14
275,19.365425854,14
235,18.484468861,14
435,20.876067115,14
395,20.0247071206,14
563,20.988275318,14
339,19.8769114444,14
391,20.5478950553,14
231,15.7994972457,14
143,14.9525263766,14
439,20.610946953,14
527,19.9506881387,14
131,13.3616719115,14
263,17.1567498,14
447,18.9586788878,14
99,14.8602150242,14
299,18.599412155,14
315,18.005190153,14
307,17.480146651,14
143,15.9551237719,14
607,20.072243135,14
335,19.4508956402,14
203,16.913607954,14
135,15.8336358654,14
559,20.9177193653,14
363,20.3078065899,14
227,13.6952723885,14
243,18.4234651203,14
479,19.801353156,14
459,19.5084070868,14
251,15.4401698693,14
595,21.308174182,14
259,18.0712201976,14
227,19.0342263072,14
319,18.902712412,14
303,18.854442017,14
255,16.7788446081,14
495,20.988725842,14
339,19.6967502208,14
395,18.636683273,14
615,23.0574987891,14
219,16.7608788707,14
159,16.0756512457,14
347,19.3784335974,14
651,22.648411018,14
183,15.5145202812,14
623,21.594187624,14
455,21.0131972083,14
443,20.510417332,14
611,20.9848623045,14
235,17.7263540154,14
279,19.6152579093,14
311,18.959812994,14
379,19.770117143,14
315,20.044039987,14
571,20.852774154,14
183,17.5366720777,14
379,19.1526107891,14
323,18.424746879,14
407,19.6808896407,14
543,21.644440856,14
479,21.030202448,14
199,17.713376274,14
235,17.9130357304,14
107,13.0231280816,14
259,17.49220242,14
287,17.7177219536,14
283,17.5470280427,14
623,21.567048968,14
431,19.847352267,14
627,21.832557799,14
351,18.0230528646,14
323,17.3381038287,14
231,17.2679815003,14
767,22.9721412408,14
79,12.574503141,14
491,19.869811625,14
203,16.6441610956,14
195,14.639185777,14
331,18.7710461796,14
247,17.2804121249,14
151,15.3294569053,14
323,18.1064160101,14
131,11.5597271605,14
511,20.4649297931,14
411,19.056587181,14
287,17.9310269235,14
571,21.802685108,14
287,18.9283125763,14
343,18.514522811,14
227,18.9185315913,14
415,19.064072213,14
523,21.713641992,14
471,20.3813612677,14
287,17.081250528,14
359,19.7927578578,14
203,16.6880862681,14
491,19.7683439119,14
247,15.6099372514,14
499,19.9267271693,14
179,16.468131476,14
551,20.9482110312,14
595,21.46950411,14
595,21.46950411,14
143,15.8444865546,14
443,19.239457093,14
511,20.642623914,14
263,16.8858090176,14
263,19.040111751,14
191,13.6409625535,14
155,16.621145355,14
459,19.116093091,14
171,15.708824635,14
287,18.6563934507,14
379,18.1421246829,14
47,9.9403428207,14
167,17.1973086378,14
187,17.040748049,14
531,21.7992689025,14
287,19.073908287,14
427,19.9972986641,14
427,21.461117685,14
295,19.7029323583,14
99,15.4605304875,14
127,13.618503186,14
407,20.2014375499,14
391,19.4027965781,14
795,23.861973372,14
467,20.3480868188,14
387,21.2718012156,14
299,19.083466009,14
695,23.389925547,14
647,23.0736840347,14
367,20.081163594,14
599,22.7150720453,14
299,20.273881316,14
387,18.0718927105,14
159,15.4760903061,14
303,19.7233582383,14
675,23.4034280782,14
331,19.639248489,14
155,16.268632027,14
587,21.3246011509,14
199,13.5565375689,14
187,13.6898569974,14
347,20.3367854839,14
331,16.374355349,14
523,20.550209351,14
395,18.941225968,14
419,19.1155989083,14
507,20.179054495,14
219,17.5030308988,14
339,18.5482984032,14
151,14.5876337893,14
515,20.570147873,14
355,17.6569607278,14
243,17.372065762,14
435,20.6101438415,14
247,18.0558065161,14
215,16.6550191798,14
459,20.537582937,14
323,18.617938247,14
203,17.5271443348,14
391,21.1527143655,14
279,19.9246376316,14
567,21.2928660844,14
247,18.0386206632,14
347,19.8399187993,14
255,18.1781752095,14
363,19.2402878113,14
419,21.3132424291,14
391,20.7994078394,14
419,20.766165099,14
659,22.3375801147,14
275,18.9173133379,14
391,20.029672165,14
711,22.3685136966,14
267,18.84259246,14
163,14.7287336977,14
391,19.381065792,14
475,19.89836426,14
711,23.0610784575,14
295,19.2980452862,14
703,22.8390993336,14
263,18.579290538,14
407,20.3825806279,14
363,20.1677636243,14
163,17.43113275,14
179,15.9310857522,14
207,16.5364423452,14
491,20.858802397,14
495,21.676115268,14
163,16.8524008507,14
487,20.4642261546,14
451,20.384725309,14
179,15.1816126645,14
267,19.3961237915,14
479,21.4048195773,14
599,22.468471334,14
339,18.0269805378,14
443,21.234242499,14
575,21.923698296,14
415,21.9477280765,14
283,19.8873821773,14
379,19.3025007681,14
263,16.6132036669,14
259,19.182071455,14
371,18.3887739893,14
179,14.6860502957,14
195,15.7388832426,14
371,20.5097486278,14
195,16.1044115343,14
203,15.685775335,14
355,20.466912091,14
259,18.529404733,14
403,19.1780587457,14
187,15.4441803652,14
475,20.5255463043,14
523,21.0458681601,14
127,13.7932385806,14
487,19.6024676253,14
351,19.8770830023,14
347,19.131499968,14
487,21.4825328076,14
319,19.0757723734,14
155,12.7860247141,14
255,15.2716133082,14
211,17.4130522928,14
391,20.9402195088,14
575,22.030105503,14
303,17.9750077173,14
219,18.1287401571,14
267,18.058835154,14
699,22.280122178,14
1707,25.0385295069,15
2139,27.107694306,15
1271,22.5945026185,15
915,20.128102943,15
1587,24.521450862,15
1083,20.9583267444,15
1719,25.6777084737,15
1387,24.563807367,15
1019,21.796493496,15
1079,20.351193098,15
1331,23.5748786972,15
1559,24.742014605,15
1351,24.19440159,15
1351,23.355262141,15
1183,22.5228461932,15
1791,25.923332327,15
1891,26.1092229438,15
1891,26.1092229438,15
1979,26.7528284965,15
719,19.6704374142,15
1887,26.4669639845,15
1783,25.466876627,15
1587,24.430646547,15
1615,24.1695250455,15
2319,27.8944382218,15
2115,27.3696485829,15
935,20.888150735,15
2055,26.742808916,15
2003,26.5559467752,15
2019,26.9270888003,15
2263,27.647365016,15
1427,25.020238911,15
1135,23.5879500621,15
1799,25.8945213423,15
2031,27.303427324,15
2179,27.460596331,15
951,21.660723123,15
1079,21.9066418661,15
1203,21.909036565,15
1707,25.928297978,15
2251,27.738203786,15
1219,22.5964983436,15
799,20.0796438865,15
1951,27.0077439448,15
1947,27.0677364658,15
643,19.0613329781,15
1391,23.018144945,15
535,17.0583793138,15
1971,26.128421036,15
1815,26.0433342665,15
1455,23.6323383148,15
679,18.474680732,15
1619,25.249332801,15
1303,22.9485414557,15
1107,23.0483877316,15
2023,27.1453794614,15
995,21.023718137,15
1199,22.668601178,15
1475,24.6587981425,15
2339,28.6424098337,15
1999,25.9556705007,15
2147,27.6911288432,15
1803,25.906289916,15
1427,23.7124544588,15
1627,24.595595156,15
1863,26.278493229,15
1575,24.8952393298,15
1975,26.4783599551,15
1579,24.5729350977,15
2451,28.7172197413,15
1335,23.720053969,15
1791,25.9177245777,15
1347,23.132924757,15
2375,28.0723049426,15
2443,28.363170541,15
1415,23.8678663045,15
1959,26.4114644374,15
1087,20.365552008,15
1719,25.425709675,15
1679,24.3642584,15
1111,21.2940878767,15
1435,23.3093428,15
1299,23.4096901234,15
939,21.5127904895,15
1955,26.911896444,15
1263,23.416833903,15
1607,25.557599456,15
1423,23.915259115,15
1595,25.3955172284,15
1599,25.1173912583,15
2083,26.647981608,15
1559,24.963604919,15
1435,24.2466184613,15
1243,22.6768417489,15
343,13.971327848,15
2347,26.958256158,15
1819,24.5701407177,15
1815,25.259633661,15
2603,28.6245131303,15
1711,25.2049633785,15
1507,24.7677464303,15
1739,25.90480918,15
1735,25.913657243,15
2011,26.19740208,15
2063,26.8757039399,15
663,18.3857249336,15
1819,25.669916469,15
751,19.4749486543,15
751,19.4749486543,15
1351,24.479836579,15
2211,27.724794377,15
1391,25.456554383,15
903,21.138276448,15
1479,24.507296671,15
2115,27.807876657,15
2251,28.3959142805,15
1739,25.2488980462,15
1887,26.478801066,15
1703,25.680156821,15
807,20.7150354724,15
1495,24.885869777,15
2427,28.478698642,15
1483,25.6105932543,15
1891,25.9959824414,15
1127,22.862085686,15
1767,26.050623914,15
1723,25.7267332153,15
1363,23.476540099,15
1319,22.9167792824,15
1119,23.0713652423,15
1743,25.809154397,15
1423,25.647976894,15
1895,26.860564698,15
1719,26.578066469,15
2127,27.081377714,15
1467,24.7401852738,15
1735,26.9996362626,15
2471,27.6552507835,15
1971,27.262597998,15
1095,22.668067696,15
1187,23.4249840866,15
1155,22.8259138961,15
2623,28.4697891011,15
651,18.1080976362,15
1275,23.5521802874,15
1527,24.593065256,15
779,18.7092326644,15
1791,25.3925293575,15
699,18.2407633555,15
1775,26.8178580769,15
1207,23.7461129316,15
1835,25.8253197703,15
2059,27.2416210827,15
1211,23.0814248627,15
1667,25.7260496401,15
2019,27.1000418794,15
2167,27.1790405669,15
927,22.009680308,15
1919,25.9330311026,15
1619,24.9715842985,15
1215,22.8002722861,15
1647,24.8114600776,15
1491,24.837586278,15
2123,27.595439014,15
1119,23.017307447,15
1267,22.80961442,15
1255,23.8726488764,15
2219,28.104744296,15
1207,23.2977540536,15
887,20.2808859085,15
683,18.0187496741,15
1455,25.2139272921,15
703,19.2752715798,15
1327,22.004454196,15
1347,24.39535482,15
1531,23.6889539193,15
1351,22.1374651096,15
1751,25.266693352,15
1695,25.3221985265,15
1683,24.369725233,15
1087,22.504996639,15
1943,26.0602476508,15
1035,20.008327762,15
1999,26.017233288,15
1771,25.0053928468,15
1815,25.278161584,15
1511,24.055215824,15
1079,21.436190907,15
1639,24.658315653,15
1451,24.36449781,15
2335,27.88068387,15
1875,25.379003861,15
867,20.8981119808,15
1603,25.4099994194,15
1963,26.12458754,15
1819,26.0159262603,15
1559,24.8826210919,15
1439,22.930340053,15
1983,27.193488144,15
1959,27.343309076,15
1551,24.259310539,15
1503,25.1875881822,15
1691,26.400469688,15
1539,25.741882359,15
2215,28.012105128,15
2439,28.4015337808,15
1923,25.6534604294,15
2855,30.068201681,15
2055,26.207342755,15
1283,24.1331786285,15
1359,24.2729961133,15
1671,26.0337672083,15
1443,25.071601736,15
507,15.5746308932,15
995,19.9663517126,15
2083,27.8092456022,15
1947,26.8860163235,15
1795,25.582144818,15
1231,23.7805566738,15
987,20.7563734625,15
1207,23.9098846585,15
1295,24.584952486,15
2059,27.6238511771,15
1563,25.205864746,15
1551,24.660343293,15
1911,26.933548533,15
2575,29.256039676,15
1119,22.5290157406,15
1823,26.644631293,15
1959,27.3195332553,15
1755,26.1060076923,15
2143,27.303269552,15
1807,26.2140355382,15
1431,25.362411164,15
1211,23.811173244,15
2195,28.0288173307,15
2531,28.337523796,15
2135,27.4991082639,15
1011,21.2759653097,15
1171,21.6116169731,15
863,20.67782654,15
1159,22.6151901709,15
1935,26.060830963,15
2239,27.4770854765,15
1159,22.8104891283,15
1771,25.326146412,15
1055,22.391523702,15
835,20.793577418,15
1155,22.9001524122,15
1715,25.991299156,15
1815,26.3693479162,15
2183,27.0981958762,15
1643,25.197417226,15
1219,23.4949019181,15
2131,27.0364543923,15
1575,25.4035594939,15
1459,24.5936378038,15
1055,22.4624017894,15
743,19.242625655,15
771,18.5297168241,15
1335,23.7001575822,15
375,13.741365978,15
1831,25.6391619606,15
1607,25.2501304716,15
1751,25.837592892,15
1527,25.19647387,15
1651,25.767394985,15
1079,22.529854067,15
1867,26.0918790774,15
1335,23.741027294,15
975,20.587131507,15
1151,23.407208688,15
2279,28.0841238639,15
1571,25.787339603,15
1335,24.060414957,15
951,21.3562701134,15
1155,23.050727976,15
3039,29.889212171,15
1523,25.406393552,15
1771,25.5110217427,15
1843,26.6003071363,15
1371,24.468458465,15
1911,26.765342541,15
1599,24.1065795954,15
2007,27.196914422,15
2283,28.4527268163,15
2499,29.050499221,15
2943,30.1544272207,15
2679,29.4719991,15
1739,26.0235029741,15
1999,27.600232936,15
1527,25.736649333,15
1843,26.6492003442,15
2383,28.447943899,15
1995,27.00698583,15
2043,27.6566096676,15
1903,27.2410336883,15
2503,29.0508650319,15
2323,27.9711675797,15
1659,25.5411654659,15
1887,26.3183091832,15
1699,25.481850871,15
2883,29.278282943,15
839,20.219622411,15
903,20.457947804,15
1831,26.0401979558,15
519,17.421831763,15
1079,20.9980589313,15
1363,24.6648083766,15
1571,25.889869046,15
2063,27.5296034569,15
1887,26.889464572,15
931,21.378320555,15
1415,24.6133723306,15
2095,27.837709885,15
1707,26.048086251,15
1683,25.692362098,15
2003,27.287858011,15
2103,27.584834875,15
2051,27.459927372,15
2351,28.4946217756,15
1659,26.3005878348,15
1323,24.264458976,15
1395,24.5703429875,15
1275,23.4002085698,15
1187,22.991335411,15
1007,21.8018600693,15
1167,22.09195904,15
1771,26.234246014,15
1495,25.009610933,15
2167,27.8983730298,15
1519,24.592492662,15
1459,24.436409974,15
2143,27.3621658045,15
2055,27.4504358261,15
2255,28.0450057492,15
2399,28.9111374524,15
1951,25.9783658426,15
1623,24.6814986441,15
2203,27.1334665106,15
1315,24.374609235,15
1279,23.6453104419,15
2179,28.150051856,15
1411,23.8819041685,15
2263,28.286208625,15
1635,26.014568225,15
2439,29.185559974,15
2195,27.952729115,15
1503,24.6834802228,15
1279,23.95529642,15
1719,26.154976235,15
1135,23.4089351457,15
1739,25.9102022763,15
1475,24.9801125466,15
1031,22.3376773263,15
943,21.4881970573,15
951,22.0346033115,15
2143,27.882221655,15
1907,27.2847037885,15
2003,27.614901806,15
1431,24.761448771,15
1459,24.7122198604,15
1675,26.2029313159,15
1075,22.5064376003,15
2191,28.174550769,15
1051,22.47104569,15
1251,24.0121944694,15
1387,24.402071137,15
1967,26.1172330734,15
1191,23.2352216959,15
1799,26.727985817,15
1247,24.0224017787,15
675,18.8762125592,15
1975,26.751284383,15
1207,24.039996904,15
1987,26.6839307655,15
2307,27.9874860879,15
2351,27.9837540036,15
1551,25.2265640392,15
2391,28.9886976852,15
2419,29.1165911449,15
1107,22.4411849848,15
1151,22.665784986,15
1447,24.2750463581,15
1327,23.5183912946,15
1127,23.1435566654,15
1387,23.2295936062,15
2415,29.03192086,15
1203,23.367239414,15
3399,31.845320365,15
2119,27.354682062,15
1855,27.038527834,15
1975,27.2044970508,15
1723,26.356739646,15
2875,30.4190553893,15
1195,22.9076263464,15
1719,26.500077207,15
1447,24.51028628,15
2435,29.1472329986,15
1031,22.807379884,15
1631,25.7586962203,15
2307,29.1038448224,15
2175,28.398402675,15
2783,30.234860336,15
1331,24.5046684237,15
1807,26.3959236997,15
2075,27.085015674,15
1811,26.2384146963,15
1807,25.87196755,15
2267,28.4379701675,15
2011,27.746370651,15
1571,24.1391545223,15
2623,29.46138805,15
2919,30.628358726,15
1071,21.8280036551,15
1807,26.887196268,15
1103,23.0436726894,15
2483,29.048262303,15
1739,26.7751793525,15
1179,23.3020006651,15
3507,31.8436817347,15
1379,24.358100316,15
1727,26.385025223,15
1267,23.630447668,15
1323,24.8611526941,15
2323,28.6751930806,15
2247,28.5773225716,15
1771,26.366109953,15
2519,29.2457713279,15
2203,27.8791090353,15
1163,21.732332921,15
1383,23.571815088,15
1087,21.807912089,15
867,20.4259650689,15
1787,25.7052992772,15
1979,26.1316596425,15
1323,25.104978347,15
2771,29.603883298,15
2219,28.7732669344,15
2091,27.3845126321,15
747,19.166742239,15
1031,21.092189055,15
923,21.324892566,15
1867,26.88874282,15
1439,24.646349326,15
1683,26.000490979,15
1579,25.304742219,15
1867,27.0615115549,15
2511,29.2528847417,15
2291,28.3102853365,15
1199,24.0984958871,15
1599,25.5746831959,15
1331,24.778313967,15
2003,27.3055653795,15
883,21.6830922433,15
1155,23.680912669,15
1703,26.436218023,15
1091,23.2720554155,15
1731,26.349451482,15
2303,28.5350993513,15
2519,29.114998749,15
2299,28.688344155,15
1607,26.0045025575,15
1659,26.3677607017,15
1091,23.700529751,15
1103,24.015840427,15
2399,28.7676420608,15
2267,28.403142676,15
2127,27.795259988,15
1827,26.477941443,15
1635,25.5953919879,15
643,19.3376369095,15
2211,28.535627224,15
2071,27.7524134214,15
3251,31.020725182,15
1139,22.9951351202,15
1231,24.2000724306,15
1783,26.8557453578,15
1407,24.409426426,15
2395,29.13129091,15
967,21.8355739283,15
1191,23.8140266321,15
1599,26.1658946783,15
1603,25.363295719,15
875,21.027433557,15
987,21.943525371,15
1311,24.2049436172,15
1307,23.812514748,15
1675,25.905511113,15
835,21.4880563022,15
2271,28.225650546,15
31,0,15
627,21.3295088524,15
855,23.607647499,15
859,23.1143642071,15
779,23.4385936,15
891,22.481158087,15
619,21.6058781707,15
503,22.4803518233,15
551,21.0059019202,15
667,23.351542513,15
627,22.259300753,15
927,24.030352007,15
779,22.1779182199,15
495,18.2281109622,15
603,21.9357997124,15
271,17.7270444167,15
595,19.5068734887,15
455,20.529567144,15
307,19.7876655946,15
427,18.8834944099,15
279,18.8462278678,15
187,13.8043542919,15
531,19.550660647,15
691,22.60810515,15
843,24.8054156381,15
463,20.8892518626,15
715,22.436790127,15
555,22.2021804526,15
355,18.6601886356,15
883,23.5743589841,15
255,17.7512161244,15
447,20.865264188,15
619,21.059373737,15
751,23.0176871861,15
567,21.1100167457,15
443,20.5911946014,15
531,23.2156743965,15
1083,24.315054432,15
459,19.864972828,15
439,18.058053111,15
507,21.049363372,15
543,20.054748441,15
751,23.935767359,15
483,21.2004524171,15
491,18.9480971175,15
375,20.4821454774,15
345,20.0033142268,15
351,18.3745158954,15
323,18.5445813404,15
1059,24.0863448176,15
459,20.9153242519,15
231,17.479862123,15
183,16.3787142116,15
51,9.1219639604,15
575,22.2116255219,15
627,23.114602961,15
519,22.5401130946,15
591,23.447445259,15
535,22.5392571321,15
319,20.4198558779,15
751,23.1451573476,15
459,20.420492705,15
179,12.9231868983,15
287,20.105828701,15
667,21.301024663,15
659,22.889001444,15
667,21.301024663,15
755,22.7231469066,15
1011,24.569664636,15
579,21.3012955715,15
787,22.6696810843,15
247,17.930721171,15
203,16.182870539,15
547,21.562517121,15
955,23.8593477267,15
511,21.985140636,15
555,22.6361327002,15
559,22.203692538,15
459,19.0550204648,15
387,19.79861659,15
399,18.444876099,15
555,19.8720392753,15
427,21.1032185251,15
687,21.531263833,15
455,20.471565168,15
1179,25.033455318,15
843,23.210904165,15
847,23.5399830931,15
383,21.241335947,15
719,23.343137435,15
487,20.446055915,15
651,22.6479744568,15
927,23.9420325037,15
551,20.794498976,15
863,22.6051997365,15
1067,24.1159576802,15
1075,24.8281309619,15
523,22.372024818,15
231,16.2030713775,15
351,19.3118597581,15
1027,24.911425459,15
791,23.749883898,15
1239,26.3575135719,15
1127,24.7863048507,15
1191,25.386164258,15
963,22.967060973,15
691,21.71872623,15
627,22.364443808,15
755,23.4394215279,15
391,21.9126713532,15
367,20.7395437852,15
483,21.6066919006,15
723,22.6596632188,15
271,17.1575049483,15
983,23.72547604,15
467,18.704654828,15
599,20.9770673706,15
751,20.654923694,15
819,22.9822958331,15
527,22.305094714,15
511,20.9121011899,15
555,22.615939221,15
419,20.8726291142,15
483,21.789212913,15
623,21.3300694712,15
939,23.0863899957,15
671,22.6372903097,15
471,19.2598897257,15
939,23.086389996,15
959,23.751182029,15
479,19.854641259,15
919,24.385049097,15
247,18.9867897159,15
427,21.533007097,15
247,18.1186600447,15
259,20.3300588146,15
403,18.5770471752,15
615,21.5763464941,15
331,19.761698905,15
943,23.9318497641,15
475,20.6780196004,15
543,22.448649396,15
751,24.2297576376,15
659,22.886091234,15
315,20.6732984812,15
843,22.965603784,15
915,23.9396742298,15
727,23.658986286,15
443,21.0294125812,15
311,17.72423157,15
471,21.5102489489,15
279,18.8869461902,15
239,18.034788685,15
415,21.179723902,15
831,21.8419129816,15
431,18.4818958312,15
251,19.960137094,15
223,18.12703108,15
539,20.0543205818,15
491,21.6165654704,15
1207,25.414552682,15
1075,25.2364384109,15
595,22.251302375,15
967,24.4415140003,15
799,22.942892047,15
359,19.51394261,15
707,23.6604792618,15
835,23.9700055815,15
371,20.0600781572,15
611,23.6737785618,15
819,22.569031075,15
211,17.8746871509,15
275,19.674459839,15
367,18.530769798,15
163,15.8727224748,15
395,17.6940988433,15
339,19.9947918839,15
187,16.9074039872,15
291,20.0045622313,15
291,19.9612330594,15
415,19.6510933087,15
359,17.9718294537,15
919,22.3645206963,15
127,14.4581577525,15
615,21.876007289,15
235,16.8612501298,15
451,21.5700234345,15
351,20.1455450275,15
427,21.298909936,15
327,19.5988137827,15
1135,25.3335852785,15
675,21.2416062643,15
123,12.2667800124,15
1067,23.825720956,15
403,21.7309148481,15
335,20.13946553,15
815,22.7844831266,15
495,22.4717424488,15
487,20.2520839136,15
391,20.002446936,15
459,18.821266926,15
951,24.2945775206,15
687,23.6643158293,15
883,23.914518149,15
467,21.4838686131,15
703,24.241058574,15
167,17.228318271,15
683,22.30541026,15
543,21.417930782,15
305,19.227609938,15
639,20.2751690174,15
239,17.5673527019,15
575,21.9985067893,15
263,18.7462437066,15
579,21.948234872,15
359,20.189441099,15
195,17.1796496676,15
123,12.3968989659,15
851,24.831929987,15
491,22.4555305758,15
523,22.0865282846,15
663,20.9093114915,15
267,16.9061839845,15
979,24.156053042,15
491,20.320913678,15
167,12.0469213784,15
431,19.6702715951,15
871,24.974301199,15
583,19.771709694,15
379,17.3943467857,15
447,20.5860746071,15
491,21.39408606,15
459,21.393942976,15
627,21.963235512,15
851,24.0897867234,15
351,19.728025788,15
611,23.535030452,15
579,20.6217791339,15
507,18.963084634,15
659,20.5942005762,15
719,22.3529026309,15
431,20.040919197,15
879,22.5337660158,15
419,21.678218564,15
599,23.619014712,15
715,23.312701489,15
703,22.097310618,15
727,21.823106944,15
339,20.9495792385,15
699,23.1652946238,15
427,17.6158134366,15
367,19.6442199127,15
851,23.2810164374,15
527,20.552616494,15
395,20.104892428,15
703,23.3590634696,15
227,18.6827099,15
923,25.1049596645,15
567,20.84515752,15
