3,1,3
5,1,4
5,1,5
7,1,5
9,2,6
11,1,6
13,1,6
7,1,7
11,1,7
13,1,7
15,2,7
17,1,7
19,1,7
21,2,7
13,1,8
17,1,8
17,1,8
19,1,8
21,2,8
23,1,8
23,1,8
25,2,8
25,2,8
27,3,8
27,3,8
29,1,8
29,1,8
31,1,8
33,2,8
35,2,8
37,1,8
45,3,8
5,1,8
9,2,8
15,2,8
9,2,9
15,2,9
19,1,9
21,2,9
23,1,9
27,3,9
29,1,9
31,1,9
31,1,9
33,2,9
33,2,9
35,2,9
37,1,9
37,1,9
39,2,9
39,2,9
39,2,9
41,1,9
41,1,9
41,1,9
43,1,9
43,1,9
45,3,9
45,3,9
47,1,9
47,1,9
49,2,9
51,2,9
51,2,9
53,1,9
55,2,9
59,1,9
61,1,9
69,2,9
27,3,9
37,1,9
45,3,9
57,2,9
55,2,9
75,3,9
49,2,9
7,1,9
13,1,9
17,1,9
23,1,9
9,2,9
27,3,9
27,3,9
25,2,9
17,1,10
23,1,10
25,2,10
27,3,10
33,2,10
37,1,10
43,1,10
29,1,10
39,2,10
45,3,10
43,1,10
47,1,10
53,1,10
57,2,10
43,1,10
47,1,10
41,1,10
55,2,10
51,2,10
35,2,10
45,3,10
49,2,10
59,1,10
55,2,10
65,2,10
61,1,10
71,1,10
53,1,10
63,3,10
67,1,10
57,2,10
69,2,10
65,2,10
37,1,10
49,2,10
51,2,10
53,1,10
59,1,10
61,1,10
75,3,10
71,1,10
81,4,10
73,1,10
79,1,10
89,1,10
31,1,10
41,1,10
49,2,10
59,1,10
53,1,10
67,1,10
59,1,10
73,1,10
47,1,10
61,1,10
65,2,10
79,1,10
65,2,10
75,3,10
85,2,10
33,2,10
45,3,10
57,2,10
51,2,10
63,3,10
75,3,10
63,3,10
57,2,10
87,2,10
67,1,10
77,2,10
73,1,10
83,1,10
63,3,10
81,4,10
57,2,10
63,3,10
69,2,10
61,1,10
71,1,10
85,2,10
63,3,10
83,1,10
87,2,10
57,2,10
85,2,10
81,4,10
101,1,10
99,3,10
77,2,10
73,1,10
89,1,10
67,1,10
71,1,10
91,2,10
93,2,10
87,2,10
81,4,10
81,4,10
65,2,10
85,2,10
73,1,10
75,3,10
77,2,10
91,2,10
75,3,10
93,2,10
63,3,10
85,2,10
83,1,10
77,2,10
87,2,10
111,2,10
93,2,10
109,1,10
95,2,10
103,1,10
97,1,10
101,1,10
105,3,10
115,2,10
105,3,10
121,2,10
7,0,10
11,1,10
19,1,10
29,1,10
13,1,10
25,2,10
17,1,10
31,1,10
5,1,10
19,1,10
23,1,10
37,1,10
15,2,10
25,2,10
35,2,10
11,1,10
9,2,10
21,2,10
15,2,10
27,3,10
39,2,10
7,1,10
33,2,10
27,3,10
31,1,10
41,1,10
29,1,10
43,1,10
19,1,10
9,0,10
17,1,10
25,2,10
35,2,10
49,2,10
45,3,10
39,2,10
21,2,10
9,1,10
35,2,10
51,2,10
45,3,10
39,2,10
127,1,11
137,1,11
115,2,11
97,1,11
125,3,11
135,4,11
95,2,11
117,3,11
65,2,11
107,1,11
113,1,11
103,1,11
61,1,11
133,2,11
107,1,11
105,3,11
123,2,11
127,1,11
155,2,11
113,1,11
75,3,11
101,1,11
103,1,11
157,1,11
155,2,11
157,1,11
143,2,11
121,2,11
115,2,11
149,1,11
125,3,11
139,1,11
95,2,11
119,2,11
121,2,11
121,2,11
93,2,11
117,3,11
101,1,11
89,1,11
115,2,11
107,1,11
135,4,11
117,3,11
87,2,11
87,2,11
117,3,11
113,1,11
105,3,11
83,1,11
115,2,11
137,1,11
97,1,11
139,1,11
71,1,11
109,1,11
99,3,11
81,4,11
43,1,11
85,2,11
103,1,11
55,2,11
93,2,11
97,1,11
59,1,11
119,2,11
125,3,11
103,1,11
141,2,11
151,1,11
159,2,11
153,3,11
177,2,11
73,1,11
83,1,11
145,2,11
131,1,11
123,2,11
143,2,11
137,1,11
127,1,11
95,2,11
113,1,11
101,1,11
107,1,11
91,2,11
121,2,11
101,1,11
119,2,11
87,2,11
129,2,11
103,1,11
93,2,11
107,1,11
73,1,11
121,2,11
71,1,11
77,2,11
135,4,11
141,2,11
167,1,11
99,3,11
81,4,11
125,3,11
109,1,11
93,2,11
111,2,11
99,3,11
117,3,11
97,1,11
103,1,11
125,3,11
109,1,11
151,1,11
121,2,11
137,1,11
117,3,11
87,2,11
77,2,11
109,1,11
119,2,11
127,1,11
117,3,11
155,2,11
175,3,11
145,2,11
137,1,11
129,2,11
113,1,11
123,2,11
131,1,11
135,4,11
79,1,11
123,2,11
153,3,11
163,1,11
111,2,11
161,2,11
99,3,11
65,2,11
103,1,11
59,1,11
89,1,11
73,1,11
83,1,11
123,2,11
151,1,11
115,2,11
127,1,11
125,3,11
127,1,11
117,3,11
89,1,11
67,1,11
171,3,11
91,2,11
135,4,11
119,2,11
111,2,11
145,2,11
57,2,11
167,1,11
119,2,11
169,2,11
81,4,11
59,1,11
113,1,11
125,3,11
121,2,11
185,2,11
183,2,11
139,1,11
135,4,11
79,1,11
105,3,11
111,2,11
97,1,11
123,2,11
57,2,11
89,1,11
99,3,11
73,1,11
115,2,11
87,2,11
109,1,11
95,2,11
117,3,11
67,1,11
149,1,11
85,2,11
83,1,11
97,1,11
95,2,11
93,2,11
53,1,11
147,3,11
143,2,11
115,2,11
99,3,11
85,2,11
81,4,11
111,2,11
63,3,11
101,1,11
91,2,11
85,2,11
105,3,11
141,2,11
73,1,11
67,1,11
153,3,11
145,2,11
69,2,11
133,2,11
147,3,11
139,1,11
131,1,11
87,2,11
85,2,11
79,1,11
101,1,11
75,3,11
89,1,11
53,1,11
71,1,11
143,2,11
133,2,11
71,1,11
51,2,11
99,3,11
123,2,11
173,1,11
37,1,11
71,1,11
99,3,11
93,2,11
65,2,11
195,3,11
61,1,11
95,2,11
47,1,11
69,2,11
147,3,11
75,3,11
41,1,11
19,1,11
159,2,11
117,3,11
85,2,11
133,2,11
131,1,11
133,2,11
131,1,11
143,2,11
133,2,11
97,1,11
75,3,11
79,1,11
69,2,11
129,2,11
107,1,11
81,4,11
135,4,11
109,1,11
209,2,11
191,1,11
139,1,11
151,1,11
137,1,11
171,3,11
149,1,11
159,2,11
165,3,11
129,2,11
161,2,11
135,4,11
141,2,11
91,2,11
105,3,11
155,2,11
127,1,11
147,3,11
179,1,11
161,2,11
147,3,11
181,1,11
205,2,11
145,2,11
141,2,11
99,3,11
129,2,11
81,4,11
123,2,11
109,1,11
111,2,11
175,3,11
131,1,11
97,1,11
153,3,11
199,1,11
161,2,11
149,1,11
117,3,11
135,4,11
105,3,11
83,1,11
71,1,11
93,2,11
61,1,11
79,1,11
119,2,11
77,2,11
171,3,11
157,1,11
121,2,11
125,3,11
135,4,11
119,2,11
109,1,11
121,2,11
151,1,11
83,1,11
99,3,11
95,2,11
169,2,11
187,2,11
149,1,11
145,2,11
89,1,11
115,2,11
189,4,11
65,2,11
49,2,11
75,3,11
59,1,11
89,1,11
69,2,11
55,2,11
87,2,11
61,1,11
29,1,11
31,1,11
129,2,11
91,2,11
93,2,11
111,2,11
145,2,11
155,2,11
185,2,11
165,3,11
135,4,11
123,2,11
105,3,11
45,3,11
79,1,11
91,2,11
31,1,11
53,1,11
57,2,11
69,2,11
39,2,11
35,2,11
25,2,11
51,2,11
81,4,11
11,1,11
27,3,11
57,2,11
43,1,11
49,2,11
71,1,11
17,1,11
67,1,11
53,1,11
25,1,11
65,2,11
55,2,11
13,1,11
15,2,11
45,3,11
35,2,11
37,1,11
47,1,11
33,2,11
7,1,11
23,1,11
49,2,11
55,2,11
29,1,11
23,1,11
47,1,11
41,1,11
19,1,11
21,2,11
51,2,11
33,2,11
15,1,11
69,2,11
51,2,11
1,0,11
89,1,11
67,1,11
25,2,11
5,1,11
25,2,11
79,1,11
53,1,11
1,0,11
89,1,11
67,1,11
25,2,11
79,1,11
53,1,11
29,1,11
5,0,11
25,2,11
29,1,11
59,1,11
37,1,11
43,1,11
61,1,11
35,2,11
17,1,11
35,2,11
53,1,11
31,1,11
19,1,11
33,2,11
39,2,11
21,2,11
33,2,11
75,3,11
9,2,11
63,3,11
45,3,11
13,1,11
63,3,11
81,4,11
9,2,11
9,2,11
63,3,11
45,3,11
35,3,11
45,3,11
15,2,11
23,2,11
27,3,11
19,1,11
49,2,11
35,2,11
45,3,11
33,2,11
51,2,11
13,1,11
61,1,11
41,1,11
31,1,11
15,2,11
47,1,11
57,2,11
33,2,11
9,1,11
9,2,11
69,2,11
39,2,11
45,3,11
39,2,11
5,1,11
65,2,11
21,1,11
69,2,11
27,3,11
21,2,11
73,1,11
57,2,11
41,1,11
15,1,11
55,2,11
35,2,11
53,1,11
77,2,11
5,0,11
35,2,11
21,2,11
69,2,11
47,1,11
45,3,11
27,3,11
57,2,11
59,1,11
63,3,11
27,3,11
55,2,11
43,1,11
43,1,11
53,1,11
67,1,11
25,2,11
27,2,11
47,1,11
7,1,11
63,3,11
57,2,11
15,2,11
9,2,11
51,2,11
21,2,11
33,2,11
9,2,11
65,2,11
17,2,11
63,3,11
37,1,11
75,3,11
33,2,11
75,3,11
23,1,11
23,1,11
57,2,11
79,1,11
51,2,11
77,2,11
65,2,11
45,3,11
71,1,11
67,1,11
63,3,11
55,2,11
45,3,11
85,2,11
59,1,11
63,3,11
75,3,11
35,2,11
63,3,11
65,2,11
49,2,11
45,3,11
97,1,11
65,2,11
63,3,11
83,1,11
95,2,11
77,2,11
55,2,11
45,3,11
93,2,11
25,2,11
87,2,11
105,3,11
213,2,12
165,3,12
253,2,12
253,2,12
201,2,12
197,1,12
149,1,12
189,4,12
189,4,12
177,2,12
159,2,12
71,1,12
211,1,12
203,2,12
179,1,12
151,1,12
175,3,12
261,3,12
179,1,12
217,2,12
211,1,12
205,2,12
143,2,12
173,1,12
223,1,12
221,2,12
217,2,12
219,2,12
163,1,12
235,2,12
137,1,12
235,2,12
229,1,12
229,1,12
215,2,12
185,2,12
85,2,12
113,1,12
107,1,12
151,1,12
231,3,12
129,2,12
131,1,12
139,1,12
173,1,12
165,3,12
171,3,12
203,2,12
263,1,12
163,1,12
157,1,12
139,1,12
189,4,12
147,3,12
247,2,12
125,3,12
281,1,12
213,2,12
191,1,12
243,5,12
145,2,12
151,1,12
97,1,12
219,2,12
169,2,12
99,3,12
185,2,12
143,2,12
139,1,12
195,3,12
223,1,12
203,2,12
243,5,12
153,3,12
227,1,12
207,3,12
153,3,12
155,2,12
221,2,12
153,3,12
147,3,12
189,4,12
207,3,12
259,2,12
171,3,12
237,2,12
199,1,12
105,3,12
213,2,12
231,3,12
225,4,12
229,1,12
259,2,12
127,1,12
255,3,12
305,2,12
225,4,12
329,2,12
133,2,12
167,1,12
147,3,12
117,3,12
155,2,12
151,1,12
189,4,12
261,3,12
183,2,12
205,2,12
159,2,12
271,1,12
191,1,12
251,1,12
147,3,12
211,1,12
147,3,12
207,3,12
69,2,12
131,1,12
81,4,12
225,4,12
165,3,12
183,2,12
275,3,12
195,3,12
225,4,12
321,2,12
149,1,12
199,1,12
191,1,12
169,2,12
215,2,12
257,1,12
289,2,12
197,1,12
201,2,12
267,2,12
135,4,12
183,2,12
185,2,12
111,2,12
213,2,12
163,1,12
137,1,12
145,2,12
123,2,12
143,2,12
231,3,12
109,1,12
111,2,12
149,1,12
131,1,12
205,2,12
193,1,12
145,2,12
107,1,12
233,1,12
211,1,12
225,4,12
171,3,12
117,3,12
135,4,12
193,1,12
249,2,12
157,1,12
153,3,12
195,3,12
279,3,12
175,3,12
117,3,12
183,2,12
153,3,12
177,2,12
69,2,12
161,2,12
143,2,12
181,1,12
203,2,12
175,3,12
185,2,12
217,2,12
181,1,12
99,3,12
139,1,12
123,2,12
211,1,12
209,2,12
109,1,12
127,1,12
229,1,12
223,1,12
155,2,12
169,2,12
223,1,12
237,2,12
231,3,12
107,1,12
117,3,12
209,2,12
223,1,12
209,2,12
77,2,12
141,2,12
291,2,12
195,3,12
299,2,12
243,5,12
315,4,12
169,2,12
171,3,12
167,1,12
95,2,12
79,1,12
143,2,12
135,4,12
161,2,12
187,2,12
163,1,12
111,2,12
133,2,12
183,2,12
189,4,12
89,1,12
87,2,12
215,2,12
185,2,12
83,1,12
249,2,12
219,2,12
201,2,12
179,1,12
193,1,12
119,2,12
173,1,12
71,1,12
125,3,12
127,1,12
91,2,12
163,1,12
229,1,12
313,1,12
187,2,12
307,1,12
75,3,12
299,2,12
287,2,12
207,3,12
289,2,12
303,2,12
167,1,12
309,2,12
273,3,12
243,5,12
183,2,12
189,4,12
245,3,12
225,4,12
179,1,12
255,3,12
271,1,12
147,3,12
193,1,12
247,2,12
189,4,12
227,1,12
185,2,12
211,1,12
209,2,12
281,1,12
277,1,12
217,2,12
253,2,12
105,3,12
225,4,12
257,1,12
229,1,12
285,3,12
225,4,12
125,3,12
175,3,12
225,4,12
227,1,12
193,1,12
109,1,12
319,2,12
339,2,12
243,5,12
127,1,12
165,3,12
83,1,12
91,2,12
97,1,12
107,1,12
121,2,12
155,2,12
197,1,12
115,2,12
265,2,12
161,2,12
203,2,12
143,2,12
285,3,12
113,1,12
227,1,12
209,2,12
247,2,12
249,2,12
183,2,12
267,2,12
145,2,12
235,2,12
263,1,12
217,2,12
185,2,12
145,2,12
175,3,12
237,2,12
243,5,12
99,3,12
271,1,12
217,2,12
195,3,12
215,2,12
247,2,12
95,2,12
285,3,12
261,3,12
73,1,12
147,3,12
141,2,12
79,1,12
167,1,12
137,1,12
113,1,12
111,2,12
33,2,12
313,1,12
155,2,12
137,1,12
153,3,12
223,1,12
189,4,12
91,2,12
135,4,12
303,2,12
267,2,12
323,2,12
175,3,12
237,2,12
223,1,12
195,3,12
119,2,12
231,3,12
117,3,12
123,2,12
91,2,12
195,3,12
225,4,12
147,3,12
191,1,12
197,1,12
221,2,12
193,1,12
187,2,12
77,2,12
127,1,12
225,4,12
97,1,12
155,2,12
47,1,12
173,1,12
143,2,12
257,1,12
217,2,12
231,3,12
145,2,12
177,2,12
139,1,12
157,1,12
143,2,12
147,3,12
127,1,12
129,2,12
145,2,12
201,2,12
61,1,12
149,1,12
121,2,12
41,1,12
67,1,12
241,1,12
81,4,12
87,2,12
37,1,12
73,1,12
67,1,12
59,1,12
59,1,12
49,2,12
123,2,12
99,3,12
83,1,12
53,1,12
35,2,12
41,1,12
141,2,12
33,2,12
53,1,12
71,1,12
17,1,12
93,2,12
49,2,12
57,2,12
75,3,12
47,1,12
93,2,12
47,1,12
67,1,12
41,1,12
81,4,12
39,1,12
55,2,12
27,3,12
115,2,12
9,0,12
9,0,12
61,1,12
83,1,12
37,2,12
9,2,12
81,4,12
19,1,12
31,1,12
29,1,12
31,1,12
43,1,12
39,2,12
47,1,12
65,2,12
25,2,12
89,1,12
127,1,12
63,3,12
117,3,12
63,3,12
53,1,12
11,1,12
55,2,12
37,1,12
79,1,12
15,1,12
103,1,12
13,1,12
103,1,12
23,1,12
61,1,12
99,3,12
49,2,12
73,1,12
31,1,12
87,2,12
99,3,12
99,3,12
33,1,12
125,3,12
27,3,12
75,3,12
7,1,12
11,1,12
43,1,12
77,2,12
57,2,12
91,2,12
63,3,12
81,4,12
19,1,12
113,1,12
73,1,12
27,2,12
45,3,12
49,2,12
25,2,12
49,2,12
21,2,12
87,2,12
11,1,12
73,1,12
101,1,12
39,2,12
111,2,12
75,3,12
25,2,12
103,1,12
77,2,12
39,2,12
21,1,12
29,1,12
81,4,12
117,3,12
15,2,12
33,2,12
19,2,12
113,1,12
31,1,12
1,0,12
17,1,12
23,1,12
57,2,12
21,2,12
81,4,12
93,2,12
39,2,12
33,2,12
27,3,12
129,2,12
109,1,12
35,2,12
115,2,12
47,1,12
21,1,12
129,2,12
105,3,12
63,3,12
25,2,12
77,2,12
15,2,12
83,1,12
55,2,12
43,1,12
65,2,12
71,1,12
19,1,12
13,1,12
77,2,12
117,3,12
45,3,12
51,2,12
75,3,12
35,2,12
89,1,12
97,1,12
101,1,12
67,3,12
7,1,12
13,1,12
117,3,12
41,1,12
115,2,12
97,1,12
109,1,12
81,4,12
115,2,12
119,2,12
85,2,12
27,3,12
105,3,12
81,4,12
27,3,12
35,2,12
53,1,12
133,2,12
55,2,12
71,1,12
39,2,12
63,3,12
117,3,12
107,1,12
45,3,12
27,3,12
17,2,12
27,1,12
33,2,12
27,3,12
93,2,12
21,2,12
65,2,12
27,3,12
91,2,12
55,2,12
101,1,12
117,3,12
85,2,12
113,1,12
23,1,12
49,2,12
25,1,12
91,2,12
95,2,12
75,3,12
99,3,12
55,2,12
27,3,12
99,3,12
21,2,12
59,1,12
41,1,12
65,2,12
95,2,12
117,3,12
73,1,12
99,3,12
341,2,13
211,1,13
327,2,13
349,1,13
261,3,13
309,2,13
421,1,13
243,5,13
283,1,13
269,1,13
289,2,13
419,1,13
291,2,13
419,1,13
349,1,13
287,2,13
237,2,13
321,2,13
281,1,13
259,2,13
307,1,13
275,3,13
369,3,13
351,4,13
277,1,13
275,3,13
301,2,13
137,1,13
243,5,13
173,1,13
255,3,13
171,3,13
279,3,13
225,4,13
195,3,13
389,1,13
305,2,13
249,2,13
81,4,13
317,1,13
267,2,13
263,1,13
291,2,13
269,1,13
311,1,13
315,4,13
401,1,13
401,1,13
367,1,13
313,1,13
307,1,13
389,1,13
389,1,13
321,2,13
359,1,13
287,2,13
297,4,13
281,1,13
227,1,13
361,2,13
365,2,13
293,1,13
245,3,13
307,1,13
359,1,13
301,2,13
325,3,13
351,4,13
243,5,13
285,3,13
337,1,13
305,2,13
197,1,13
251,1,13
309,2,13
325,3,13
329,2,13
287,2,13
321,2,13
327,2,13
183,2,13
303,2,13
485,2,13
325,3,13
399,3,13
307,1,13
189,4,13
137,1,13
215,2,13
133,2,13
287,2,13
277,1,13
207,3,13
245,3,13
241,1,13
289,2,13
353,1,13
219,2,13
251,1,13
449,1,13
239,1,13
279,3,13
217,2,13
253,2,13
225,4,13
221,2,13
351,4,13
351,4,13
157,1,13
79,1,13
177,2,13
401,1,13
373,1,13
355,2,13
163,1,13
173,1,13
127,1,13
257,1,13
243,5,13
303,2,13
241,1,13
353,1,13
191,1,13
293,1,13
361,2,13
177,2,13
307,1,13
411,2,13
367,1,13
271,1,13
301,2,13
389,1,13
471,2,13
347,1,13
297,4,13
297,4,13
225,4,13
191,1,13
209,2,13
197,1,13
275,3,13
403,2,13
283,1,13
279,3,13
193,1,13
391,2,13
369,3,13
369,3,13
259,2,13
391,2,13
333,3,13
265,2,13
467,1,13
213,2,13
401,1,13
299,2,13
311,1,13
249,2,13
405,5,13
131,1,13
477,3,13
267,2,13
165,3,13
221,2,13
179,1,13
333,3,13
313,1,13
207,3,13
395,2,13
223,1,13
331,1,13
345,3,13
371,2,13
465,3,13
491,1,13
289,2,13
297,4,13
287,2,13
319,2,13
261,3,13
211,1,13
241,1,13
171,3,13
257,1,13
253,2,13
309,2,13
441,4,13
357,3,13
361,2,13
311,1,13
369,3,13
509,1,13
265,2,13
197,1,13
245,3,13
343,3,13
393,2,13
335,2,13
233,1,13
241,1,13
407,2,13
235,2,13
313,1,13
275,3,13
415,2,13
335,2,13
331,1,13
423,3,13
243,5,13
289,2,13
275,3,13
193,1,13
205,2,13
151,1,13
259,2,13
289,2,13
283,1,13
275,3,13
351,4,13
99,3,13
113,1,13
413,2,13
315,4,13
405,5,13
333,3,13
229,1,13
225,4,13
243,5,13
171,3,13
357,3,13
195,3,13
287,2,13
259,2,13
221,2,13
265,2,13
343,3,13
279,3,13
305,2,13
369,3,13
337,1,13
467,1,13
401,1,13
353,1,13
189,4,13
345,3,13
369,3,13
303,2,13
371,2,13
377,2,13
529,2,13
217,2,13
257,1,13
321,2,13
267,2,13
289,2,13
353,1,13
255,3,13
393,2,13
327,2,13
349,1,13
263,1,13
239,1,13
147,3,13
327,2,13
447,2,13
319,2,13
329,2,13
383,1,13
415,2,13
485,2,13
189,4,13
395,2,13
263,1,13
305,2,13
243,5,13
95,2,13
243,5,13
265,2,13
219,2,13
349,1,13
341,2,13
215,2,13
371,2,13
311,1,13
243,5,13
261,3,13
159,2,13
181,1,13
285,3,13
189,4,13
215,2,13
239,1,13
243,5,13
61,1,13
127,1,13
213,2,13
179,1,13
137,1,13
351,4,13
439,1,13
443,1,13
177,2,13
105,3,13
91,2,13
405,5,13
93,2,13
347,1,13
475,3,13
245,3,13
315,4,13
131,1,13
209,2,13
247,2,13
305,2,13
383,1,13
383,1,13
485,2,13
269,1,13
125,3,13
333,3,13
197,1,13
393,2,13
367,1,13
369,3,13
183,2,13
153,3,13
109,1,13
255,3,13
455,3,13
231,3,13
179,1,13
111,2,13
249,2,13
387,3,13
193,1,13
235,2,13
317,1,13
265,2,13
135,4,13
203,2,13
185,2,13
241,1,13
287,2,13
287,2,13
377,2,13
271,1,13
297,4,13
301,2,13
365,2,13
257,1,13
251,1,13
381,2,13
273,3,13
279,3,13
455,3,13
195,3,13
447,2,13
167,1,13
169,2,13
175,3,13
307,1,13
101,1,13
441,4,13
423,3,13
213,2,13
443,1,13
439,1,13
265,2,13
329,2,13
293,1,13
339,2,13
283,1,13
331,1,13
275,3,13
365,2,13
275,3,13
385,3,13
559,2,13
211,1,13
339,2,13
351,4,13
213,2,13
133,2,13
231,3,13
495,4,13
309,2,13
185,2,13
323,2,13
417,2,13
423,3,13
349,1,13
427,2,13
393,2,13
343,3,13
399,3,13
195,3,13
251,1,13
309,2,13
217,2,13
353,1,13
401,1,13
225,4,13
461,1,13
359,1,13
253,2,13
591,2,13
419,1,13
307,1,13
487,1,13
315,4,13
419,1,13
237,2,13
227,1,13
223,1,13
429,3,13
177,2,13
499,1,13
425,3,13
371,2,13
215,2,13
519,2,13
441,4,13
317,1,13
209,2,13
381,2,13
465,3,13
497,2,13
171,3,13
235,2,13
261,3,13
173,1,13
223,1,13
463,1,13
143,2,13
521,1,13
521,1,13
331,1,13
221,2,13
441,4,13
321,2,13
419,1,13
381,2,13
375,4,13
233,1,13
263,1,13
421,1,13
399,3,13
401,1,13
239,1,13
329,2,13
301,2,13
239,1,13
337,1,13
429,3,13
153,3,13
419,1,13
261,3,13
341,2,13
409,1,13
383,1,13
319,2,13
517,2,13
243,5,13
351,4,13
423,3,13
319,2,13
135,4,13
347,1,13
463,1,13
423,3,13
441,4,13
425,3,13
297,4,13
335,2,13
111,2,13
447,2,13
195,3,13
255,3,13
217,2,13
255,3,13
363,3,13
187,2,13
317,1,13
161,2,13
353,1,13
429,3,13
209,2,13
115,2,13
281,1,13
359,1,13
391,2,13
349,1,13
343,3,13
219,2,13
325,3,13
371,2,13
319,2,13
241,1,13
399,3,13
229,1,13
245,3,13
399,3,13
363,3,13
387,3,13
357,3,13
377,2,13
429,3,13
293,1,13
327,2,13
329,2,13
383,1,13
211,1,13
115,2,13
193,1,13
465,3,13
67,1,13
119,2,13
89,1,13
441,4,13
481,2,13
461,1,13
305,2,13
231,3,13
451,2,13
277,1,13
255,3,13
277,1,13
235,2,13
183,2,13
275,3,13
241,1,13
145,2,13
47,1,13
59,1,13
31,1,13
109,1,13
101,1,13
107,1,13
129,2,13
27,1,13
45,3,13
125,3,13
1,0,13
121,2,13
177,2,13
99,3,13
261,3,13
139,1,13
183,2,13
175,3,13
125,3,13
71,1,13
61,1,13
43,1,13
87,2,13
143,2,13
101,1,13
85,2,13
61,1,13
79,1,13
47,2,13
75,3,13
147,3,13
33,2,13
51,2,13
53,1,13
135,4,13
73,2,13
21,1,13
171,3,13
201,2,13
11,1,13
191,1,13
155,2,13
163,1,13
155,2,13
139,1,13
67,1,13
107,1,13
43,1,13
165,3,13
87,2,13
141,2,13
195,3,13
69,2,13
101,1,13
73,1,13
125,3,13
123,2,13
131,1,13
43,1,13
39,2,13
31,1,13
103,1,13
41,1,13
135,4,13
29,3,13
101,1,13
139,1,13
123,2,13
9,2,13
93,2,13
117,3,13
147,3,13
33,2,13
71,2,13
77,2,13
159,2,13
131,1,13
125,3,13
143,2,13
49,2,13
159,2,13
27,3,13
15,2,13
61,1,13
93,2,13
97,1,13
67,1,13
101,1,13
67,1,13
35,2,13
81,4,13
135,4,13
39,2,13
25,2,13
21,1,13
183,2,13
159,2,13
19,1,13
27,3,13
17,1,13
29,2,13
191,1,13
151,1,13
143,2,13
97,2,13
155,2,13
171,3,13
177,2,13
107,1,13
85,2,13
83,1,13
139,1,13
37,1,13
27,1,13
111,2,13
153,3,13
171,3,13
29,3,13
459,4,14
473,2,14
645,3,14
627,3,14
503,1,14
367,1,14
405,5,14
477,3,14
431,1,14
609,3,14
329,2,14
523,1,14
391,2,14
507,3,14
291,2,14
341,2,14
571,1,14
473,2,14
433,1,14
395,2,14
333,3,14
613,1,14
583,2,14
359,1,14
379,1,14
551,2,14
369,3,14
657,3,14
365,2,14
329,2,14
415,2,14
343,3,14
417,2,14
385,3,14
741,3,14
675,5,14
353,1,14
571,1,14
405,5,14
439,1,14
295,2,14
327,2,14
483,3,14
613,1,14
315,4,14
589,2,14
847,3,14
463,1,14
835,2,14
651,3,14
435,3,14
417,2,14
361,2,14
307,1,14
735,4,14
711,3,14
645,3,14
657,3,14
449,1,14
713,2,14
463,1,14
709,1,14
611,2,14
535,2,14
505,2,14
419,1,14
541,1,14
423,3,14
657,3,14
545,2,14
749,2,14
603,3,14
523,1,14
463,1,14
465,3,14
561,3,14
567,5,14
629,2,14
611,2,14
469,2,14
703,2,14
391,2,14
297,4,14
573,2,14
477,3,14
479,1,14
547,1,14
665,3,14
815,2,14
391,2,14
441,4,14
609,3,14
403,2,14
431,1,14
385,3,14
603,3,14
451,2,14
539,3,14
537,2,14
497,2,14
475,3,14
583,2,14
431,1,14
495,4,14
769,1,14
385,3,14
363,3,14
491,1,14
423,3,14
549,3,14
159,2,14
607,1,14
479,1,14
465,3,14
449,1,14
647,1,14
505,2,14
301,2,14
495,4,14
405,5,14
719,1,14
639,3,14
711,3,14
417,2,14
699,2,14
711,3,14
443,1,14
373,1,14
667,2,14
175,3,14
675,5,14
285,3,14
199,1,14
273,3,14
471,2,14
423,3,14
525,4,14
521,1,14
443,1,14
243,5,14
597,2,14
403,2,14
531,3,14
519,2,14
491,1,14
549,3,14
431,1,14
437,2,14
607,1,14
613,1,14
389,1,14
357,3,14
523,1,14
391,2,14
617,1,14
703,2,14
603,3,14
615,3,14
499,1,14
211,1,14
639,3,14
825,4,14
549,3,14
529,2,14
653,1,14
725,3,14
457,1,14
487,1,14
695,2,14
559,2,14
381,2,14
629,2,14
621,4,14
303,2,14
635,2,14
449,1,14
505,2,14
203,2,14
581,2,14
261,3,14
451,2,14
199,1,14
553,2,14
449,1,14
507,3,14
247,2,14
669,2,14
371,2,14
507,3,14
365,2,14
535,2,14
735,4,14
713,2,14
507,3,14
587,1,14
401,1,14
531,3,14
551,2,14
649,2,14
481,2,14
527,2,14
855,4,14
611,2,14
579,2,14
589,2,14
511,2,14
273,3,14
495,4,14
607,1,14
657,3,14
641,1,14
707,2,14
683,1,14
595,3,14
333,3,14
509,1,14
601,1,14
451,2,14
477,3,14
743,1,14
747,3,14
223,1,14
223,1,14
269,1,14
335,2,14
259,2,14
229,1,14
113,1,14
417,2,14
211,1,14
527,2,14
371,2,14
357,3,14
465,3,14
597,2,14
383,1,14
305,2,14
465,3,14
357,3,14
567,5,14
115,2,14
827,1,14
839,1,14
445,2,14
741,3,14
429,3,14
765,4,14
685,2,14
749,2,14
447,2,14
281,1,14
505,2,14
889,2,14
629,2,14
599,1,14
431,1,14
509,1,14
931,3,14
585,4,14
413,2,14
317,1,14
539,3,14
599,1,14
273,3,14
595,3,14
525,4,14
743,1,14
497,2,14
487,1,14
583,2,14
647,1,14
457,1,14
459,4,14
357,3,14
453,2,14
389,1,14
733,1,14
597,2,14
499,1,14
445,2,14
555,3,14
197,1,14
159,2,14
913,2,14
785,2,14
383,1,14
347,1,14
759,3,14
517,2,14
575,3,14
569,1,14
547,1,14
489,2,14
613,1,14
533,2,14
455,3,14
579,2,14
359,1,14
305,2,14
589,2,14
383,1,14
447,2,14
287,2,14
433,1,14
551,2,14
265,2,14
567,5,14
461,1,14
707,2,14
579,2,14
353,1,14
429,3,14
559,2,14
375,4,14
529,2,14
559,2,14
473,2,14
597,2,14
447,2,14
365,2,14
489,2,14
315,4,14
405,5,14
259,2,14
371,2,14
435,3,14
477,3,14
713,2,14
477,3,14
441,4,14
469,2,14
497,2,14
389,1,14
189,4,14
53,1,14
491,1,14
209,2,14
421,1,14
123,2,14
125,3,14
145,2,14
241,1,14
187,2,14
125,3,14
81,4,14
203,2,14
283,1,14
207,3,14
281,1,14
255,3,14
183,2,14
205,2,14
251,1,14
259,2,14
243,5,14
177,2,14
237,2,14
169,2,14
275,3,14
209,2,14
317,1,14
249,2,14
9,2,14
89,2,14
291,2,14
213,2,14
341,2,14
95,2,14
121,2,14
191,1,14
131,1,14
109,1,14
203,2,14
161,2,14
127,1,14
129,2,14
265,2,14
43,1,14
169,2,14
291,2,14
3,0,14
163,3,14
123,2,14
19,1,14
183,2,14
153,3,14
219,2,14
79,1,14
57,2,14
281,1,14
75,3,14
197,1,14
43,1,14
191,1,14
17,1,14
127,1,14
125,3,14
175,3,14
75,3,14
9,1,14
41,1,14
217,2,14
175,3,14
245,3,14
211,1,14
163,1,14
213,2,14
89,1,14
163,1,14
155,2,14
229,1,14
235,2,14
153,3,14
161,2,14
155,2,14
23,1,14
261,3,14
233,1,14
205,2,14
159,2,14
213,2,14
123,2,14
89,4,14
173,1,14
173,1,14
317,1,14
39,2,14
141,2,14
99,2,14
237,2,14
81,4,14
243,5,14
181,1,14
287,2,14
275,3,14
121,2,14
217,2,14
201,2,14
79,1,14
61,1,14
215,2,14
257,1,14
67,1,14
137,1,14
273,3,14
109,1,14
327,2,14
189,4,14
115,2,14
53,1,14
143,2,14
243,5,14
233,1,14
57,2,14
415,2,14
275,3,14
297,4,14
207,3,14
119,2,14
257,1,14
165,3,14
267,2,14
165,3,14
75,3,14
181,1,14
43,1,14
43,3,14
65,2,14
85,2,14
153,3,14
181,1,14
229,1,14
85,2,14
115,2,14
115,2,14
13,1,14
219,2,14
231,3,14
9,2,14
123,2,14
207,3,14
49,2,14
149,1,14
153,3,14
75,2,14
19,1,14
303,2,14
71,1,14
101,1,14
47,1,14
279,3,14
165,3,14
71,1,14
121,2,14
239,1,14
229,1,14
125,3,14
261,3,14
109,1,14
87,1,14
159,2,14
151,1,14
115,2,14
247,2,14
169,2,14
197,1,14
307,1,14
93,2,14
63,3,14
173,1,14
325,3,14
71,1,14
311,1,14
227,1,14
221,2,14
289,2,14
117,3,14
67,1,14
155,2,14
189,4,14
117,3,14
285,3,14
69,2,14
83,2,14
161,2,14
203,2,14
271,1,14
235,2,14
35,2,14
35,1,14
53,1,14
33,2,14
87,2,14
141,2,14
295,2,14
215,2,14
313,1,14
175,3,14
161,2,14
115,2,14
363,3,14
17,1,14
233,1,14
101,1,14
55,2,14
165,3,14
107,1,14
23,1,14
161,2,14
31,1,14
255,3,14
205,2,14
143,2,14
285,3,14
143,2,14
171,3,14
111,2,14
207,3,14
261,3,14
235,2,14
143,2,14
179,1,14
101,1,14
245,3,14
123,2,14
249,2,14
89,1,14
275,3,14
297,4,14
297,4,14
71,1,14
221,2,14
239,1,14
131,1,14
131,1,14
95,2,14
25,1,14
217,2,14
53,1,14
75,3,14
189,4,14
9,2,14
13,1,14
21,1,14
265,2,14
143,2,14
213,2,14
213,2,14
131,1,14
49,2,14
23,1,14
203,2,14
179,1,14
397,1,14
233,1,14
193,1,14
149,1,14
347,1,14
323,2,14
87,2,14
299,2,14
141,2,14
193,1,14
63,3,14
99,3,14
337,1,14
165,3,14
25,1,14
293,1,14
99,3,14
93,2,14
173,1,14
165,3,14
261,3,14
197,1,14
209,2,14
253,2,14
67,1,14
169,2,14
25,1,14
257,1,14
177,2,14
53,1,14
161,2,14
123,2,14
107,1,14
229,1,14
131,1,14
45,1,14
195,3,14
61,1,14
283,1,14
15,1,14
173,1,14
103,1,14
109,1,14
49,2,14
195,3,14
25,2,14
265,2,14
137,1,14
195,3,14
343,3,14
97,1,14
49,2,14
195,3,14
209,2,14
355,2,14
147,3,14
307,1,14
131,1,14
167,1,14
181,1,14
81,4,14
73,1,14
17,2,14
233,1,14
247,2,14
81,4,14
243,5,14
225,4,14
45,1,14
79,1,14
239,1,14
251,1,14
129,2,14
221,2,14
275,3,14
135,4,14
61,1,14
189,4,14
119,2,14
121,3,14
185,2,14
63,2,14
85,4,14
173,1,14
31,2,14
41,1,14
93,2,14
119,2,14
201,2,14
81,2,14
201,2,14
261,3,14
47,1,14
243,5,14
163,1,14
157,1,14
123,2,14
55,2,14
41,1,14
127,1,14
65,2,14
143,2,14
287,2,14
139,1,14
81,4,14
79,1,14
349,1,14
853,1,15
1069,1,15
635,2,15
457,1,15
793,2,15
541,1,15
859,1,15
693,4,15
509,1,15
539,3,15
665,3,15
779,2,15
667,2,15
675,5,15
591,2,15
895,2,15
945,5,15
945,5,15
989,2,15
359,1,15
943,2,15
891,5,15
793,2,15
807,2,15
1159,2,15
1057,2,15
467,1,15
1027,2,15
1001,3,15
1009,1,15
1131,3,15
713,2,15
567,5,15
899,2,15
1015,3,15
1089,4,15
475,3,15
539,3,15
601,1,15
853,1,15
1125,5,15
609,3,15
399,3,15
975,4,15
973,2,15
321,2,15
695,2,15
267,2,15
985,2,15
907,1,15
727,1,15
339,2,15
809,1,15
651,3,15
553,2,15
1011,2,15
497,2,15
599,1,15
737,2,15
1169,2,15
999,4,15
1073,2,15
901,2,15
713,2,15
813,2,15
931,3,15
787,1,15
987,3,15
789,2,15
1225,4,15
667,2,15
895,2,15
673,1,15
1187,1,15
1221,3,15
707,2,15
979,2,15
543,2,15
859,1,15
839,1,15
555,3,15
717,2,15
649,2,15
469,2,15
977,1,15
631,1,15
803,2,15
711,3,15
797,1,15
799,2,15
1041,2,15
779,2,15
717,2,15
621,4,15
171,3,15
1173,3,15
909,3,15
907,1,15
1301,1,15
855,4,15
753,2,15
869,2,15
867,3,15
1005,3,15
1031,1,15
331,1,15
909,3,15
367,1,15
367,1,15
675,5,15
1105,3,15
695,2,15
451,2,15
739,1,15
1057,2,15
1125,5,15
869,2,15
943,2,15
851,2,15
403,2,15
747,3,15
1213,1,15
741,3,15
945,5,15
563,1,15
883,1,15
861,3,15
681,2,15
659,1,15
559,2,15
871,2,15
711,3,15
947,1,15
859,1,15
1063,1,15
733,1,15
867,3,15
1235,3,15
981,3,15
547,1,15
593,1,15
577,1,15
1311,3,15
325,3,15
637,3,15
763,2,15
389,1,15
895,2,15
349,1,15
887,1,15
603,3,15
917,2,15
1029,4,15
605,3,15
833,3,15
1009,1,15
1083,3,15
463,1,15
959,2,15
809,1,15
607,1,15
823,1,15
745,2,15
1061,1,15
559,2,15
633,2,15
627,3,15
1109,1,15
603,3,15
443,1,15
341,2,15
727,1,15
351,4,15
663,3,15
673,1,15
765,4,15
675,5,15
875,4,15
847,3,15
841,2,15
543,2,15
971,1,15
517,2,15
999,4,15
885,3,15
907,1,15
755,2,15
539,3,15
819,4,15
725,3,15
1167,2,15
937,1,15
433,1,15
801,3,15
981,3,15
909,3,15
779,2,15
719,1,15
991,1,15
979,2,15
775,3,15
751,1,15
845,3,15
769,1,15
1107,4,15
1219,2,15
961,2,15
1427,1,15
1027,2,15
641,1,15
679,2,15
835,2,15
721,2,15
253,2,15
497,2,15
1041,2,15
973,2,15
897,3,15
615,3,15
493,2,15
603,3,15
647,1,15
1029,4,15
781,2,15
775,3,15
955,2,15
1287,4,15
559,2,15
911,1,15
979,2,15
877,1,15
1071,4,15
903,3,15
715,3,15
605,3,15
1097,1,15
1265,3,15
1067,2,15
505,2,15
585,4,15
431,1,15
579,2,15
967,1,15
1119,2,15
579,2,15
885,3,15
527,2,15
417,2,15
577,1,15
857,1,15
907,1,15
1091,1,15
821,1,15
609,3,15
1065,3,15
787,1,15
729,6,15
527,2,15
371,2,15
385,3,15
667,2,15
187,2,15
915,3,15
803,2,15
875,4,15
763,2,15
825,4,15
539,3,15
933,2,15
667,2,15
487,1,15
575,3,15
1139,2,15
785,2,15
667,2,15
475,3,15
577,1,15
1519,3,15
761,1,15
885,3,15
921,2,15
685,2,15
955,2,15
799,2,15
1003,2,15
1141,2,15
1249,1,15
1471,1,15
1339,2,15
869,2,15
999,4,15
763,2,15
921,2,15
1191,2,15
997,1,15
1021,1,15
951,2,15
1251,3,15
1161,4,15
829,1,15
943,2,15
849,2,15
1441,2,15
419,1,15
451,2,15
915,3,15
259,2,15
539,3,15
681,2,15
785,2,15
1031,1,15
943,2,15
465,3,15
707,2,15
1047,2,15
853,1,15
841,2,15
1001,3,15
1051,1,15
1025,3,15
1175,3,15
829,1,15
661,1,15
697,2,15
637,3,15
593,1,15
503,1,15
583,2,15
885,3,15
747,3,15
1083,3,15
759,3,15
729,6,15
1071,4,15
1027,2,15
1127,3,15
1199,2,15
975,4,15
811,1,15
1101,2,15
657,3,15
639,3,15
1089,4,15
705,3,15
1131,3,15
817,2,15
1219,2,15
1097,1,15
751,1,15
639,3,15
859,1,15
567,5,15
869,2,15
737,2,15
515,2,15
471,2,15
475,3,15
1071,4,15
953,1,15
1001,3,15
715,3,15
729,6,15
837,4,15
537,2,15
1083,3,15
525,4,15
625,4,15
693,4,15
983,1,15
595,3,15
899,2,15
623,2,15
337,1,15
987,3,15
583,2,15
993,2,15
1153,1,15
1175,3,15
775,3,15
1195,2,15
1209,3,15
553,2,15
575,3,15
723,2,15
663,3,15
563,1,15
693,4,15
1207,2,15
601,1,15
1699,1,15
1059,2,15
927,3,15
987,3,15
861,3,15
1437,2,15
597,2,15
859,1,15
723,2,15
1217,1,15
515,2,15
815,2,15
1153,1,15
1087,1,15
1391,2,15
665,3,15
903,3,15
1037,2,15
905,2,15
903,3,15
1133,2,15
1005,3,15
785,2,15
1311,3,15
1459,1,15
535,2,15
903,3,15
551,2,15
1241,2,15
869,2,15
589,2,15
1753,1,15
689,2,15
863,1,15
633,2,15
661,1,15
1161,4,15
1123,1,15
885,3,15
1259,1,15
1101,2,15
581,2,15
691,1,15
543,2,15
433,1,15
893,2,15
989,2,15
657,3,15
1385,2,15
1109,1,15
1045,3,15
373,1,15
515,2,15
461,1,15
933,2,15
715,3,15
833,3,15
789,2,15
933,2,15
1255,2,15
1145,2,15
599,1,15
799,2,15
665,3,15
1001,3,15
441,4,15
577,1,15
851,2,15
545,2,15
865,2,15
1151,1,15
1259,1,15
1149,2,15
803,2,15
829,1,15
545,2,15
551,2,15
1199,2,15
1133,2,15
1063,1,15
913,2,15
817,2,15
321,2,15
1105,3,15
1035,4,15
1625,4,15
569,1,15
615,3,15
891,5,15
695,2,15
1197,4,15
483,3,15
595,3,15
799,2,15
801,3,15
437,2,15
493,2,15
655,2,15
653,1,15
837,4,15
417,2,15
1135,2,15
15,2,15
313,1,15
427,2,15
429,3,15
389,1,15
405,5,15
309,2,15
221,2,15
275,3,15
91,3,15
305,2,15
463,1,15
377,2,15
247,2,15
301,2,15
39,2,15
297,4,15
219,2,15
153,3,15
213,2,15
91,2,15
83,1,15
265,2,15
345,3,15
301,2,15
111,2,15
357,3,15
213,2,15
177,2,15
441,4,15
35,2,15
223,1,15
269,1,15
375,4,15
283,1,15
221,2,15
43,2,15
541,1,15
229,1,15
219,2,15
253,2,15
271,1,15
375,4,15
81,2,15
233,1,15
187,2,15
159,2,15
55,2,15
159,2,15
529,2,15
229,1,15
115,2,15
91,2,15
7,1,15
287,2,15
313,1,15
259,2,15
247,2,15
267,2,15
159,2,15
375,4,15
179,1,15
39,2,15
5,1,15
309,2,15
329,2,15
309,2,15
377,2,15
505,2,15
289,2,15
393,2,15
123,2,15
9,0,15
153,3,15
457,1,15
139,1,15
25,2,15
279,3,15
229,1,15
109,1,15
191,1,15
277,1,15
121,2,15
315,4,15
155,2,15
589,2,15
421,1,15
387,3,15
95,2,15
359,1,15
91,2,15
229,1,15
463,1,15
223,1,15
367,1,15
533,2,15
537,2,15
197,1,15
45,3,15
167,1,15
513,4,15
311,1,15
619,1,15
563,1,15
595,3,15
433,1,15
313,1,15
215,2,15
313,1,15
83,3,15
17,1,15
25,2,15
161,2,15
135,4,15
491,1,15
101,1,15
299,2,15
375,4,15
409,1,15
143,2,15
255,3,15
157,2,15
125,3,15
211,2,15
311,1,15
469,2,15
335,2,15
235,2,15
469,2,15
459,4,15
239,1,15
459,4,15
123,2,15
213,2,15
65,2,15
39,2,15
91,1,15
307,1,15
165,3,15
471,2,15
27,3,15
263,1,15
375,4,15
309,2,15
103,1,15
373,1,15
409,1,15
363,3,15
221,2,15
83,1,15
235,2,15
51,2,15
55,2,15
87,2,15
415,2,15
215,2,15
17,1,15
47,1,15
257,1,15
245,3,15
547,1,15
537,2,15
103,1,15
483,3,15
363,3,15
179,1,15
341,2,15
369,3,15
185,2,15
305,2,15
365,2,15
9,2,15
39,2,15
147,3,15
73,1,15
97,1,15
169,2,15
9,0,15
49,2,15
145,2,15
207,3,15
179,1,15
459,4,15
27,3,15
307,1,15
27,3,15
107,2,15
159,2,15
197,1,15
11,1,15
567,5,15
337,1,15
27,2,15
533,2,15
201,2,15
97,1,15
407,2,15
247,2,15
243,5,15
195,3,15
119,2,15
475,3,15
343,3,15
441,4,15
213,2,15
339,2,15
67,3,15
341,2,15
219,2,15
43,1,15
319,2,15
63,1,15
287,2,15
67,1,15
289,2,15
175,3,15
65,2,15
11,1,15
425,3,15
63,3,15
261,3,15
331,1,15
133,2,15
489,2,15
245,3,15
47,1,15
215,2,15
435,3,15
291,2,15
189,4,15
223,1,15
245,3,15
139,2,15
243,5,15
425,3,15
91,2,15
293,1,15
289,2,15
253,2,15
329,2,15
359,1,15
215,2,15
439,1,15
205,2,15
299,2,15
357,3,15
243,5,15
363,3,15
169,2,15
349,1,15
213,2,15
119,2,15
425,3,15
263,1,15
173,1,15
339,2,15
65,2,15
461,1,15
109,1,15
977,1,16
1237,1,16
923,2,16
791,2,16
1093,1,16
1183,3,16
929,1,16
1171,1,16
1235,3,16
1583,1,16
679,2,16
1163,1,16
1415,2,16
871,2,16
1233,3,16
541,1,16
1127,3,16
1183,3,16
1363,2,16
1543,1,16
1809,4,16
1075,3,16
385,3,16
1025,3,16
1051,1,16
1303,1,16
1287,4,16
1359,3,16
1209,3,16
1627,1,16
1521,4,16
1759,1,16
1043,2,16
1081,2,16
1475,3,16
679,2,16
1117,1,16
1317,2,16
1935,4,16
1757,2,16
1213,1,16
1217,1,16
873,3,16
969,3,16
2041,2,16
1667,1,16
1215,6,16
1057,2,16
1793,2,16
1521,4,16
1771,3,16
1651,2,16
655,2,16
1251,3,16
1107,4,16
991,1,16
1241,2,16
1317,2,16
1557,3,16
963,3,16
859,1,16
751,1,16
1269,4,16
1631,2,16
1779,2,16
1139,2,16
1407,3,16
747,3,16
1429,1,16
1357,2,16
1303,1,16
831,2,16
1499,1,16
1777,1,16
1567,1,16
1037,2,16
919,1,16
1069,1,16
1155,4,16
1467,3,16
1037,2,16
855,4,16
1487,1,16
1377,5,16
781,2,16
1131,3,16
1311,3,16
1309,3,16
1677,3,16
1287,4,16
1339,2,16
1193,1,16
1045,3,16
1049,1,16
1035,4,16
1279,1,16
1621,1,16
599,1,16
779,2,16
1007,2,16
1481,1,16
1683,4,16
1161,4,16
1303,1,16
1823,1,16
769,1,16
1725,4,16
1373,1,16
1015,3,16
1703,2,16
1357,2,16
1395,4,16
1231,1,16
1053,5,16
1175,3,16
1787,1,16
1521,4,16
1851,2,16
1565,2,16
1177,2,16
951,2,16
1273,2,16
1107,4,16
1147,2,16
1411,2,16
851,2,16
829,1,16
1325,3,16
1517,2,16
1667,1,16
1017,3,16
1089,4,16
961,2,16
1583,1,16
1455,3,16
1179,3,16
1109,1,16
1517,2,16
1221,3,16
803,2,16
1569,2,16
819,4,16
1701,6,16
1941,2,16
1893,2,16
1725,4,16
1373,1,16
951,2,16
1221,3,16
1359,3,16
1017,3,16
805,3,16
637,3,16
1247,2,16
941,1,16
1535,2,16
2163,3,16
1517,2,16
1931,1,16
1129,1,16
1313,2,16
675,5,16
1007,2,16
1209,3,16
1553,1,16
2067,3,16
955,2,16
1441,2,16
659,1,16
1073,2,16
1737,3,16
1749,3,16
1723,1,16
1465,2,16
1547,3,16
2415,4,16
833,3,16
1327,1,16
1349,2,16
2045,2,16
1867,1,16
1095,3,16
1229,1,16
975,4,16
1403,2,16
1541,2,16
1075,3,16
1641,2,16
1521,4,16
957,3,16
1635,3,16
629,2,16
1193,1,16
1917,4,16
1569,2,16
745,2,16
1407,3,16
1233,3,16
1171,1,16
1103,1,16
1721,1,16
1359,3,16
1399,1,16
1179,3,16
1229,1,16
1175,3,16
747,3,16
1631,2,16
1323,5,16
1287,4,16
1363,2,16
1053,5,16
1381,1,16
1571,1,16
1025,3,16
1813,3,16
1263,2,16
1305,4,16
801,3,16
1361,1,16
1165,2,16
457,1,16
1821,2,16
471,2,16
1331,3,16
1367,1,16
1715,4,16
1653,3,16
1261,2,16
1397,2,16
743,1,16
1699,1,16
1911,4,16
1739,2,16
1735,2,16
1933,1,16
773,1,16
1749,3,16
1453,1,16
1169,2,16
2067,3,16
1703,2,16
1093,1,16
1361,1,16
1255,2,16
889,2,16
1335,3,16
1407,3,16
1727,2,16
1265,3,16
1553,1,16
1263,2,16
1155,4,16
2203,1,16
1853,2,16
1925,4,16
1005,3,16
2111,1,16
945,5,16
1241,2,16
2307,2,16
1485,5,16
1023,3,16
1197,4,16
1071,4,16
931,3,16
369,3,16
1245,3,16
1309,3,16
871,2,16
813,2,16
1481,1,16
1791,3,16
1261,2,16
1473,2,16
1067,2,16
1097,1,16
2743,2,16
2057,3,16
1171,1,16
1511,1,16
1367,1,16
1817,2,16
1447,1,16
1791,3,16
743,1,16
1505,3,16
1505,3,16
197,1,16
481,2,16
2063,1,16
581,2,16
877,1,16
465,3,16
235,2,16
1107,4,16
1167,2,16
1435,3,16
1037,2,16
1599,3,16
1411,2,16
1765,2,16
891,5,16
1053,5,16
1287,4,16
1161,4,16
1723,1,16
1323,5,16
1199,2,16
347,1,16
1425,4,16
1511,1,16
981,3,16
1255,2,16
1615,3,16
1609,1,16
1081,2,16
811,1,16
2317,2,16
505,2,16
1541,2,16
1623,2,16
1221,3,16
1625,4,16
473,2,16
537,2,16
1857,2,16
1661,2,16
1423,1,16
1797,2,16
2749,1,16
1141,2,16
1275,4,16
1275,4,16
1715,4,16
1583,1,16
1389,2,16
1491,3,16
1945,2,16
947,1,16
347,1,16
1187,1,16
1917,4,16
1493,1,16
2199,2,16
2249,2,16
1845,4,16
1275,4,16
1143,3,16
1325,3,16
903,3,16
2581,2,16
1375,4,16
1899,3,16
873,3,16
1697,1,16
2005,2,16
2273,1,16
1603,2,16
1755,5,16
1403,2,16
1747,1,16
941,1,16
493,2,16
1335,3,16
605,3,16
1107,4,16
855,4,16
1839,2,16
1061,1,16
1531,1,16
1183,3,16
1287,4,16
1963,2,16
1353,3,16
2057,3,16
1971,4,16
1463,3,16
891,5,16
781,2,16
785,2,16
1053,5,16
1121,2,16
1729,3,16
2033,2,16
1511,1,16
1225,4,16
1257,2,16
2031,2,16
1765,2,16
1991,2,16
1731,2,16
2201,2,16
1121,2,16
1821,2,16
659,1,16
1109,1,16
275,3,16
397,1,16
513,4,16
459,4,16
951,2,16
1927,2,16
1305,4,16
1001,3,16
769,1,16
1137,2,16
1745,2,16
515,2,16
1313,2,16
359,1,16
881,1,16
929,1,16
1095,3,16
1249,1,16
1413,3,16
901,2,16
1485,5,16
353,1,16
1909,2,16
1135,2,16
1505,3,16
527,2,16
1297,1,16
943,2,16
1623,2,16
699,2,16
1975,3,16
1129,1,16
1067,2,16
1125,5,16
1033,1,16
337,1,16
153,3,16
117,3,16
913,2,16
381,2,16
391,2,16
621,4,16
55,1,16
525,4,16
261,3,16
109,1,16
413,2,16
25,1,16
225,4,16
397,1,16
687,2,16
107,1,16
527,2,16
287,2,16
149,1,16
91,1,16
179,1,16
261,3,16
855,4,16
531,3,16
107,1,16
297,4,16
281,1,16
177,2,16
729,6,16
221,2,16
199,1,16
579,2,16
417,2,16
291,2,16
237,2,16
117,3,16
109,1,16
209,2,16
121,2,16
353,1,16
379,1,16
315,4,16
627,3,16
331,1,16
443,1,16
733,1,16
511,2,16
567,5,16
303,2,16
47,3,16
23,1,16
477,3,16
231,3,16
65,2,16
665,3,16
443,1,16
93,2,16
601,1,16
125,2,16
289,3,16
251,1,16
765,4,16
293,1,16
511,2,16
121,2,16
395,2,16
343,3,16
351,4,16
367,1,16
547,1,16
131,1,16
129,2,16
451,2,16
941,1,16
409,1,16
859,1,16
805,3,16
405,5,16
303,2,16
253,2,16
61,1,16
729,6,16
81,4,16
253,2,16
11,1,16
409,1,16
847,3,16
671,2,16
93,2,16
331,1,16
391,2,16
575,3,16
307,1,16
43,2,16
117,4,16
353,1,16
283,1,16
383,1,16
357,3,16
693,4,16
25,1,16
427,2,16
85,2,16
677,1,16
393,2,16
127,1,16
71,1,16
161,2,16
223,1,16
853,1,16
333,3,16
393,2,16
185,2,16
1079,2,16
277,3,16
265,2,16
281,1,16
43,1,16
151,1,16
245,3,16
705,3,16
47,1,16
217,2,16
279,3,16
311,1,16
777,3,16
381,2,16
105,3,16
633,2,16
937,1,16
255,3,16
429,3,16
83,1,16
587,1,16
101,1,16
607,1,16
439,1,16
493,2,16
381,2,16
181,1,16
647,1,16
461,1,16
971,1,16
115,2,16
107,1,16
165,3,16
23,1,16
421,1,16
375,4,16
411,2,16
371,2,16
429,3,16
261,3,16
185,2,16
475,3,16
441,4,16
431,1,16
537,2,16
339,2,16
375,4,16
483,3,16
393,2,16
395,2,16
927,3,16
57,1,16
435,3,16
103,1,16
785,2,16
23,1,16
105,3,16
133,2,16
349,1,16
493,2,16
87,2,16
135,4,16
369,3,16
649,2,16
77,1,16
457,1,16
267,2,16
341,2,16
569,1,16
155,2,16
377,2,16
391,2,16
431,1,16
389,1,16
407,2,16
273,3,16
673,1,16
59,1,16
319,2,16
329,2,16
251,1,16
187,2,16
5,0,16
33,2,16
361,2,16
181,1,16
271,1,16
329,2,16
747,3,16
115,2,16
379,1,16
167,1,16
377,2,16
101,2,16
245,3,16
325,3,16
247,2,16
243,5,16
1029,4,16
783,4,16
139,1,16
205,2,16
571,1,16
189,4,16
591,2,16
947,1,16
457,1,16
47,1,16
539,3,16
743,1,16
247,2,16
235,2,16
191,1,16
73,1,16
565,2,16
427,2,16
531,3,16
551,2,16
35,2,16
669,2,16
277,1,16
713,2,16
421,1,16
665,3,16
611,2,16
625,4,16
273,3,16
135,4,16
439,1,16
329,2,16
415,2,16
111,2,16
213,2,16
627,3,16
203,2,16
541,1,16
361,2,16
475,3,16
633,2,16
521,1,16
71,1,16
63,3,16
135,4,16
615,3,16
121,2,16
453,2,16
391,2,16
171,3,16
607,1,16
333,3,16
315,4,16
177,2,16
205,2,16
487,1,16
583,2,16
673,1,16
281,1,16
373,1,16
879,2,16
435,3,16
533,2,16
869,2,16
5,1,16
867,3,16
551,2,16
349,1,16
237,2,16
339,2,16
423,3,16
387,3,16
675,5,16
97,2,16
549,3,16
81,4,16
567,5,16
675,5,16
723,2,16
159,2,16
237,2,16
693,4,16
579,2,16
495,4,16
9,1,16
217,2,16
67,1,16
31,1,16
65,2,16
287,2,16
237,2,16
299,2,16
641,1,16
149,1,16
121,2,16
139,1,16
363,3,16
215,2,16
481,2,16
117,1,16
405,5,16
341,2,16
293,1,16
13,1,16
93,2,16
491,1,16
279,3,16
517,2,16
429,3,16
77,2,16
89,1,16
99,3,16
535,2,16
267,2,16
991,1,16
127,1,16
23,1,16
35,3,16
87,2,16
683,1,16
593,1,16
137,1,16
487,1,16
517,2,16
309,2,16
365,2,16
315,4,16
589,2,16
75,3,16
113,1,16
107,1,16
529,2,16
449,1,16
575,3,16
575,3,16
321,2,16
279,3,16
69,2,16
61,1,16
233,1,16
273,3,16
249,2,16
525,4,16
383,1,16
45,3,16
45,1,16
639,3,16
141,2,16
343,3,16
369,3,16
75,2,16
205,2,16
585,4,16
347,1,16
325,3,16
797,1,16
