7,1,3
11,1,4
11,1,5
15,1,5
19,2,6
23,1,6
27,1,6
15,1,7
23,1,7
27,1,7
31,2,7
35,1,7
39,1,7
43,2,7
27,1,8
35,1,8
35,1,8
39,1,8
43,2,8
47,1,8
47,1,8
51,2,8
51,2,8
55,3,8
55,3,8
59,1,8
59,1,8
63,1,8
67,2,8
71,2,8
75,1,8
91,3,8
19,1,8
19,2,8
31,2,8
19,2,9
31,2,9
39,1,9
43,2,9
47,1,9
55,3,9
59,1,9
63,1,9
63,1,9
67,2,9
67,2,9
71,2,9
75,1,9
75,1,9
79,2,9
79,2,9
79,2,9
83,1,9
83,1,9
83,1,9
87,1,9
87,1,9
91,3,9
91,3,9
95,1,9
95,1,9
99,2,9
103,2,9
103,2,9
107,1,9
111,2,9
119,1,9
123,1,9
139,2,9
55,3,9
75,1,9
91,3,9
115,2,9
111,2,9
151,3,9
99,2,9
19,1,9
35,1,9
35,1,9
47,1,9
19,2,9
63,3,9
55,3,9
51,2,9
35,1,10
47,1,10
51,2,10
55,3,10
67,2,10
75,1,10
87,1,10
59,1,10
79,2,10
91,3,10
87,1,10
95,1,10
107,1,10
115,2,10
87,1,10
95,1,10
83,1,10
111,2,10
103,2,10
71,2,10
91,3,10
99,2,10
119,1,10
111,2,10
131,2,10
123,1,10
143,1,10
107,1,10
127,3,10
135,1,10
115,2,10
139,2,10
131,2,10
75,1,10
99,2,10
103,2,10
107,1,10
119,1,10
123,1,10
151,3,10
143,1,10
163,4,10
147,1,10
159,1,10
179,1,10
63,1,10
83,1,10
99,2,10
119,1,10
107,1,10
135,1,10
119,1,10
147,1,10
95,1,10
123,1,10
131,2,10
159,1,10
131,2,10
151,3,10
171,2,10
67,2,10
91,3,10
115,2,10
103,2,10
127,3,10
151,3,10
127,3,10
115,2,10
175,2,10
135,1,10
155,2,10
147,1,10
167,1,10
127,3,10
163,4,10
115,2,10
127,3,10
139,2,10
123,1,10
143,1,10
171,2,10
127,3,10
167,1,10
175,2,10
115,2,10
171,2,10
163,4,10
203,1,10
199,3,10
155,2,10
147,1,10
179,1,10
135,1,10
143,1,10
183,2,10
187,2,10
175,2,10
163,4,10
163,4,10
131,2,10
171,2,10
147,1,10
151,3,10
155,2,10
183,2,10
151,3,10
187,2,10
127,3,10
171,2,10
167,1,10
155,2,10
175,2,10
223,2,10
187,2,10
219,1,10
191,2,10
207,1,10
195,1,10
203,1,10
211,3,10
231,2,10
211,3,10
243,2,10
27,0,10
25,1,10
39,1,10
59,1,10
43,1,10
51,2,10
35,1,10
63,1,10
23,1,10
39,1,10
55,1,10
75,1,10
35,2,10
51,2,10
79,2,10
35,1,10
19,2,10
43,2,10
39,2,10
55,3,10
79,2,10
27,1,10
67,2,10
55,3,10
63,1,10
83,1,10
59,1,10
87,1,10
51,1,10
43,0,10
51,1,10
51,2,10
71,2,10
99,2,10
91,3,10
79,2,10
51,2,10
35,1,10
71,2,10
103,2,10
91,3,10
79,2,10
255,1,11
275,1,11
231,2,11
195,1,11
251,3,11
271,4,11
191,2,11
235,3,11
131,2,11
215,1,11
227,1,11
207,1,11
123,1,11
267,2,11
215,1,11
211,3,11
247,2,11
255,1,11
311,2,11
227,1,11
151,3,11
203,1,11
207,1,11
315,1,11
311,2,11
315,1,11
287,2,11
243,2,11
231,2,11
299,1,11
251,3,11
279,1,11
191,2,11
239,2,11
243,2,11
243,2,11
187,2,11
235,3,11
203,1,11
179,1,11
231,2,11
215,1,11
271,4,11
235,3,11
175,2,11
175,2,11
235,3,11
227,1,11
211,3,11
167,1,11
231,2,11
275,1,11
195,1,11
279,1,11
143,1,11
219,1,11
199,3,11
163,4,11
87,1,11
171,2,11
207,1,11
111,2,11
187,2,11
195,1,11
119,1,11
239,2,11
251,3,11
207,1,11
283,2,11
303,1,11
319,2,11
307,3,11
355,2,11
147,1,11
167,1,11
291,2,11
263,1,11
247,2,11
287,2,11
275,1,11
255,1,11
191,2,11
227,1,11
203,1,11
215,1,11
183,2,11
243,2,11
203,1,11
239,2,11
175,2,11
259,2,11
207,1,11
187,2,11
215,1,11
147,1,11
243,2,11
143,1,11
155,2,11
271,4,11
283,2,11
335,1,11
199,3,11
163,4,11
251,3,11
219,1,11
187,2,11
223,2,11
199,3,11
235,3,11
195,1,11
207,1,11
251,3,11
219,1,11
303,1,11
243,2,11
275,1,11
235,3,11
175,2,11
155,2,11
219,1,11
239,2,11
255,1,11
235,3,11
311,2,11
351,3,11
291,2,11
275,1,11
259,2,11
227,1,11
247,2,11
263,1,11
271,4,11
159,1,11
247,2,11
307,3,11
327,1,11
223,2,11
323,2,11
199,3,11
131,2,11
207,1,11
119,1,11
179,1,11
147,1,11
167,1,11
247,2,11
303,1,11
231,2,11
255,1,11
251,3,11
255,1,11
235,3,11
179,1,11
135,1,11
343,3,11
183,2,11
271,4,11
239,2,11
223,2,11
291,2,11
115,2,11
335,1,11
239,2,11
339,2,11
163,4,11
119,1,11
227,1,11
251,3,11
243,2,11
371,2,11
367,2,11
279,1,11
271,4,11
159,1,11
211,3,11
223,2,11
195,1,11
247,2,11
115,2,11
179,1,11
199,3,11
147,1,11
231,2,11
175,2,11
219,1,11
191,2,11
235,3,11
135,1,11
299,1,11
171,2,11
167,1,11
195,1,11
191,2,11
187,2,11
107,1,11
295,3,11
287,2,11
231,2,11
199,3,11
171,2,11
163,4,11
223,2,11
127,3,11
203,1,11
183,2,11
171,2,11
211,3,11
283,2,11
147,1,11
135,1,11
307,3,11
291,2,11
139,2,11
267,2,11
295,3,11
279,1,11
263,1,11
175,2,11
171,2,11
159,1,11
203,1,11
151,3,11
179,1,11
107,1,11
143,1,11
287,2,11
267,2,11
143,1,11
103,2,11
199,3,11
247,2,11
347,1,11
75,1,11
143,1,11
199,3,11
187,2,11
131,2,11
391,3,11
123,1,11
191,2,11
95,1,11
139,2,11
295,3,11
151,3,11
83,1,11
39,1,11
319,2,11
235,3,11
171,2,11
267,2,11
263,1,11
267,2,11
263,1,11
287,2,11
267,2,11
195,1,11
151,3,11
159,1,11
139,2,11
259,2,11
215,1,11
171,4,11
271,4,11
219,1,11
419,2,11
383,1,11
279,1,11
303,1,11
275,1,11
343,3,11
299,1,11
319,2,11
331,3,11
259,2,11
323,2,11
271,4,11
283,2,11
183,2,11
211,3,11
311,2,11
255,1,11
295,3,11
359,1,11
323,2,11
295,3,11
363,1,11
411,2,11
291,2,11
283,2,11
199,3,11
259,2,11
163,4,11
247,2,11
219,1,11
223,2,11
351,3,11
263,1,11
195,1,11
307,3,11
399,1,11
323,2,11
299,1,11
235,3,11
271,4,11
211,3,11
167,1,11
143,1,11
187,2,11
123,1,11
159,1,11
239,2,11
155,2,11
343,3,11
315,1,11
243,2,11
251,3,11
271,4,11
239,2,11
219,1,11
243,2,11
303,1,11
167,1,11
199,3,11
191,2,11
339,2,11
375,2,11
299,1,11
291,2,11
179,1,11
231,2,11
379,4,11
131,2,11
99,2,11
151,3,11
119,1,11
179,1,11
139,2,11
111,2,11
175,2,11
123,1,11
59,1,11
63,1,11
259,2,11
183,2,11
187,2,11
223,2,11
291,2,11
311,2,11
371,2,11
331,3,11
271,4,11
247,2,11
211,3,11
91,3,11
159,1,11
183,2,11
63,1,11
107,1,11
115,2,11
139,2,11
79,2,11
71,2,11
51,2,11
103,2,11
163,4,11
23,1,11
55,3,11
123,2,11
87,1,11
99,2,11
143,1,11
75,1,11
135,1,11
107,1,11
83,1,11
131,2,11
111,2,11
39,1,11
47,2,11
91,3,11
71,2,11
91,1,11
95,1,11
67,2,11
31,1,11
51,1,11
99,2,11
111,2,11
83,1,11
51,1,11
95,1,11
83,1,11
67,1,11
43,2,11
103,2,11
75,2,11
67,1,11
139,2,11
103,2,11
83,0,11
179,1,11
151,1,11
51,2,11
27,1,11
99,2,11
159,1,11
131,1,11
83,0,11
179,1,11
151,1,11
99,2,11
159,1,11
131,1,11
59,1,11
35,0,11
51,2,11
59,1,11
119,1,11
75,1,11
87,1,11
123,1,11
71,2,11
59,1,11
71,2,11
107,1,11
79,1,11
75,1,11
67,2,11
79,2,11
59,2,11
67,2,11
151,3,11
51,2,11
127,3,11
99,3,11
39,1,11
127,3,11
163,4,11
67,2,11
67,2,11
127,3,11
107,3,11
83,3,11
107,3,11
35,2,11
71,2,11
83,3,11
41,1,11
99,2,11
71,2,11
91,3,11
67,2,11
103,2,11
51,1,11
123,1,11
91,1,11
63,1,11
43,2,11
103,1,11
115,2,11
75,2,11
59,1,11
51,2,11
139,2,11
79,2,11
91,3,11
79,2,11
39,1,11
131,2,11
67,1,11
139,2,11
55,3,11
67,2,11
147,1,11
115,2,11
83,1,11
55,1,11
111,2,11
71,2,11
107,1,11
155,2,11
35,0,11
71,2,11
51,2,11
139,2,11
119,1,11
91,3,11
55,3,11
115,2,11
119,1,11
127,3,11
83,3,11
111,2,11
87,1,11
87,1,11
107,1,11
135,1,11
51,2,11
99,2,11
95,1,11
51,1,11
127,3,11
115,2,11
35,2,11
19,2,11
103,2,11
43,2,11
67,2,11
59,2,11
131,2,11
59,2,11
127,3,11
107,1,11
175,3,11
91,2,11
159,3,11
95,1,11
95,1,11
131,2,11
159,1,11
119,2,11
155,2,11
131,2,11
115,3,11
143,1,11
135,1,11
135,3,11
111,2,11
91,3,11
171,2,11
143,1,11
127,3,11
151,3,11
79,2,11
127,3,11
131,2,11
99,2,11
123,3,11
195,1,11
139,2,11
127,3,11
191,1,11
191,2,11
155,2,11
111,2,11
91,3,11
203,2,11
67,2,11
175,2,11
211,3,11
427,2,12
331,3,12
507,2,12
507,2,12
403,2,12
395,1,12
299,1,12
379,4,12
379,4,12
355,2,12
327,2,12
143,1,12
423,1,12
407,2,12
359,1,12
303,1,12
351,3,12
523,3,12
359,1,12
435,2,12
423,1,12
411,2,12
287,2,12
347,1,12
447,1,12
443,2,12
435,2,12
439,2,12
327,1,12
471,2,12
275,1,12
471,2,12
459,1,12
459,1,12
431,2,12
371,2,12
171,2,12
227,1,12
215,1,12
303,1,12
463,3,12
259,2,12
263,1,12
279,1,12
347,1,12
331,3,12
343,3,12
407,2,12
527,1,12
327,1,12
315,1,12
279,1,12
379,4,12
295,3,12
495,2,12
251,3,12
563,1,12
427,2,12
383,1,12
487,5,12
291,2,12
303,1,12
195,1,12
439,2,12
339,2,12
199,3,12
371,2,12
287,2,12
279,1,12
391,3,12
447,1,12
407,2,12
487,5,12
307,3,12
455,1,12
415,3,12
307,3,12
311,2,12
443,2,12
307,3,12
295,3,12
379,4,12
415,3,12
519,2,12
343,3,12
475,2,12
399,1,12
211,3,12
427,2,12
463,3,12
451,4,12
459,1,12
519,2,12
255,1,12
511,3,12
611,2,12
451,4,12
659,2,12
267,2,12
335,1,12
295,3,12
235,3,12
311,2,12
303,1,12
379,4,12
523,3,12
367,2,12
411,2,12
319,2,12
543,1,12
383,1,12
503,1,12
295,3,12
423,1,12
295,3,12
415,3,12
139,2,12
263,1,12
163,4,12
451,4,12
331,3,12
367,2,12
551,3,12
391,3,12
451,4,12
643,2,12
299,1,12
399,1,12
383,1,12
339,2,12
431,2,12
515,1,12
579,2,12
395,1,12
403,2,12
535,2,12
271,4,12
367,2,12
371,2,12
223,2,12
427,2,12
327,1,12
275,1,12
291,2,12
247,2,12
287,2,12
463,3,12
219,1,12
223,2,12
299,1,12
263,1,12
411,2,12
387,1,12
291,2,12
215,1,12
467,1,12
423,1,12
451,4,12
343,3,12
235,3,12
271,4,12
387,1,12
499,2,12
315,1,12
307,3,12
391,3,12
559,3,12
351,3,12
235,3,12
367,2,12
307,3,12
355,2,12
139,2,12
323,2,12
287,2,12
363,1,12
407,2,12
351,3,12
371,2,12
435,2,12
363,1,12
199,3,12
279,1,12
247,2,12
423,1,12
419,2,12
219,1,12
255,1,12
459,1,12
447,1,12
311,2,12
339,2,12
447,1,12
475,2,12
463,3,12
215,1,12
235,3,12
419,2,12
447,1,12
419,2,12
155,2,12
283,2,12
583,2,12
391,3,12
599,2,12
487,5,12
631,4,12
339,2,12
343,3,12
335,1,12
191,2,12
159,1,12
287,2,12
271,4,12
323,2,12
375,2,12
327,1,12
223,2,12
267,2,12
367,2,12
379,4,12
179,1,12
175,2,12
431,2,12
371,2,12
167,1,12
507,2,12
439,2,12
403,2,12
359,1,12
387,1,12
239,2,12
347,1,12
143,1,12
251,3,12
255,1,12
183,2,12
327,1,12
459,1,12
627,1,12
375,2,12
615,1,12
151,3,12
599,2,12
575,2,12
415,3,12
579,2,12
607,2,12
335,1,12
619,2,12
547,3,12
487,5,12
367,2,12
379,4,12
491,3,12
451,4,12
359,1,12
511,3,12
543,1,12
295,3,12
387,1,12
495,2,12
379,4,12
455,1,12
371,2,12
423,1,12
419,2,12
563,1,12
555,1,12
435,2,12
507,2,12
211,3,12
451,4,12
515,1,12
459,1,12
571,3,12
451,4,12
251,3,12
351,3,12
451,4,12
455,1,12
387,1,12
219,1,12
639,2,12
679,2,12
487,5,12
255,1,12
331,3,12
167,1,12
183,2,12
195,1,12
215,1,12
243,2,12
311,2,12
395,1,12
231,2,12
531,2,12
323,2,12
407,2,12
287,2,12
571,3,12
227,1,12
455,1,12
419,2,12
495,2,12
499,2,12
367,2,12
535,2,12
291,2,12
471,2,12
527,1,12
435,2,12
371,2,12
291,2,12
351,3,12
475,2,12
487,5,12
199,3,12
543,1,12
435,2,12
391,3,12
431,2,12
495,2,12
191,2,12
571,3,12
523,3,12
147,1,12
295,3,12
283,2,12
159,1,12
335,1,12
275,1,12
227,1,12
223,2,12
67,2,12
627,1,12
311,2,12
275,1,12
307,3,12
447,1,12
379,4,12
183,2,12
271,4,12
607,2,12
535,2,12
647,2,12
351,3,12
475,2,12
447,1,12
391,3,12
239,2,12
463,3,12
235,3,12
247,2,12
183,2,12
391,3,12
451,4,12
295,3,12
383,1,12
395,1,12
443,2,12
387,1,12
375,2,12
155,2,12
255,1,12
451,4,12
195,1,12
311,2,12
95,1,12
347,1,12
287,2,12
515,1,12
435,2,12
463,3,12
291,2,12
355,2,12
279,1,12
315,1,12
287,2,12
295,3,12
255,1,12
259,2,12
291,2,12
403,2,12
123,1,12
299,1,12
243,2,12
83,1,12
135,1,12
483,1,12
163,4,12
175,2,12
75,1,12
147,1,12
135,1,12
119,1,12
135,1,12
99,2,12
247,2,12
215,3,12
167,1,12
107,1,12
111,2,12
83,1,12
283,2,12
107,2,12
107,1,12
143,1,12
63,1,12
219,2,12
139,2,12
147,2,12
151,3,12
95,1,12
187,2,12
127,1,12
135,1,12
99,1,12
163,4,12
155,1,12
111,2,12
75,3,12
247,2,12
123,0,12
123,0,12
123,1,12
167,1,12
115,2,12
99,2,12
163,4,12
111,1,12
143,1,12
59,1,12
65,1,12
87,1,12
103,2,12
95,1,12
131,2,12
91,2,12
179,1,12
255,1,12
131,3,12
235,3,12
127,3,12
107,1,12
63,1,12
111,2,12
75,1,12
159,1,12
67,1,12
207,1,12
91,1,12
207,1,12
83,1,12
123,1,12
199,3,12
99,2,12
155,1,12
67,1,12
175,2,12
199,3,12
199,3,12
83,1,12
251,3,12
91,3,12
151,3,12
63,1,12
63,1,12
87,1,12
155,2,12
115,2,12
183,2,12
127,3,12
163,4,12
71,1,12
227,1,12
147,1,12
99,2,12
91,3,12
99,2,12
83,2,12
99,2,12
75,2,12
175,2,12
59,1,12
187,1,12
203,1,12
79,2,12
223,2,12
151,3,12
51,2,12
207,1,12
155,2,12
99,2,12
107,1,12
107,1,12
163,4,12
235,3,12
99,2,12
115,2,12
67,2,12
227,1,12
87,1,12
67,0,12
67,1,12
83,1,12
115,2,12
55,2,12
163,4,12
187,2,12
83,2,12
67,2,12
55,3,12
259,2,12
243,1,12
71,2,12
239,2,12
95,1,12
75,1,12
283,2,12
243,3,12
127,3,12
51,2,12
155,2,12
111,2,12
199,1,12
111,2,12
103,1,12
131,2,12
143,1,12
63,1,12
51,1,12
155,2,12
235,3,12
103,3,12
103,2,12
151,3,12
71,2,12
179,1,12
195,1,12
203,1,12
155,3,12
51,1,12
39,1,12
235,3,12
99,1,12
231,2,12
195,1,12
219,1,12
163,4,12
231,2,12
239,2,12
171,2,12
75,3,12
211,3,12
163,4,12
87,3,12
103,2,12
107,1,12
267,2,12
111,2,12
143,1,12
79,2,12
127,3,12
235,3,12
215,1,12
91,3,12
57,3,12
51,2,12
83,1,12
91,2,12
55,3,12
187,2,12
91,2,12
131,2,12
63,3,12
183,2,12
127,2,12
203,1,12
235,3,12
171,2,12
227,1,12
71,1,12
107,2,12
91,1,12
183,2,12
191,2,12
151,3,12
199,3,12
127,2,12
87,3,12
199,3,12
107,2,12
119,1,12
107,1,12
131,2,12
191,2,12
259,3,12
147,1,12
239,3,12
683,2,13
423,1,13
655,2,13
699,1,13
523,3,13
619,2,13
843,1,13
487,5,13
567,1,13
539,1,13
579,2,13
839,1,13
583,2,13
839,1,13
699,1,13
583,2,13
475,2,13
643,2,13
563,1,13
519,2,13
615,1,13
551,3,13
747,3,13
703,4,13
555,1,13
551,3,13
603,2,13
275,1,13
487,5,13
347,1,13
511,3,13
343,3,13
559,3,13
451,4,13
391,3,13
779,1,13
619,2,13
499,2,13
163,4,13
635,1,13
535,2,13
527,1,13
583,2,13
539,1,13
623,1,13
631,4,13
803,1,13
803,1,13
735,1,13
627,1,13
615,1,13
779,1,13
779,1,13
643,2,13
719,1,13
575,2,13
595,4,13
563,1,13
455,1,13
723,2,13
731,2,13
587,1,13
491,3,13
615,1,13
719,1,13
603,2,13
651,3,13
703,4,13
487,5,13
571,3,13
675,1,13
611,2,13
395,1,13
503,1,13
619,2,13
651,3,13
659,2,13
575,2,13
643,2,13
655,2,13
367,2,13
607,2,13
971,2,13
651,3,13
799,3,13
615,1,13
379,4,13
275,1,13
431,2,13
267,2,13
575,2,13
555,1,13
415,3,13
491,3,13
483,1,13
579,2,13
707,1,13
439,2,13
503,1,13
899,1,13
479,1,13
559,3,13
435,2,13
507,2,13
451,4,13
443,2,13
703,4,13
703,4,13
315,1,13
159,1,13
355,2,13
803,1,13
747,1,13
711,2,13
327,1,13
347,1,13
255,1,13
515,1,13
487,5,13
607,2,13
483,1,13
707,1,13
383,1,13
587,1,13
723,2,13
355,2,13
615,1,13
823,2,13
735,1,13
543,1,13
603,2,13
779,1,13
943,2,13
695,1,13
595,4,13
595,4,13
451,4,13
383,1,13
419,2,13
395,1,13
551,3,13
807,2,13
567,1,13
559,3,13
387,1,13
783,2,13
739,3,13
739,3,13
519,2,13
783,2,13
667,3,13
531,2,13
935,1,13
427,2,13
803,1,13
599,2,13
623,1,13
499,2,13
811,5,13
263,1,13
955,3,13
535,2,13
331,3,13
443,2,13
359,1,13
667,3,13
627,1,13
415,3,13
791,2,13
447,1,13
663,1,13
691,3,13
743,2,13
931,3,13
983,1,13
579,2,13
595,4,13
575,2,13
639,2,13
523,3,13
423,1,13
483,1,13
343,3,13
515,1,13
507,2,13
619,2,13
883,4,13
715,3,13
723,2,13
623,1,13
739,3,13
1019,1,13
531,2,13
395,1,13
491,3,13
687,3,13
787,2,13
671,2,13
467,1,13
483,1,13
815,2,13
471,2,13
627,1,13
551,3,13
831,2,13
671,2,13
663,1,13
847,3,13
487,5,13
579,2,13
551,3,13
387,1,13
411,2,13
303,1,13
519,2,13
579,2,13
567,1,13
551,3,13
703,4,13
199,3,13
227,1,13
827,2,13
631,4,13
811,5,13
667,3,13
459,1,13
451,4,13
487,5,13
343,3,13
715,3,13
391,3,13
575,2,13
519,2,13
443,2,13
531,2,13
687,3,13
559,3,13
611,2,13
739,3,13
675,1,13
935,1,13
803,1,13
707,1,13
379,4,13
691,3,13
739,3,13
607,2,13
743,2,13
755,2,13
1059,2,13
435,2,13
515,1,13
643,2,13
535,2,13
579,2,13
707,1,13
511,3,13
787,2,13
655,2,13
699,1,13
527,1,13
479,1,13
295,3,13
655,2,13
895,2,13
639,2,13
659,2,13
767,1,13
831,2,13
971,2,13
379,4,13
791,2,13
527,1,13
611,2,13
487,5,13
191,2,13
487,5,13
531,2,13
439,2,13
699,1,13
683,2,13
431,2,13
743,2,13
623,1,13
487,5,13
523,3,13
319,2,13
363,1,13
571,3,13
379,4,13
431,2,13
479,1,13
487,5,13
123,1,13
255,1,13
427,2,13
359,1,13
275,1,13
703,4,13
879,1,13
887,1,13
355,2,13
211,3,13
183,2,13
811,5,13
187,2,13
695,1,13
951,3,13
491,3,13
631,4,13
263,1,13
419,2,13
495,2,13
611,2,13
767,1,13
767,1,13
971,2,13
539,1,13
251,3,13
667,3,13
395,1,13
787,2,13
735,1,13
739,3,13
367,2,13
307,3,13
219,1,13
511,3,13
911,3,13
463,3,13
359,1,13
223,2,13
499,2,13
775,3,13
387,1,13
471,2,13
635,1,13
531,2,13
271,4,13
407,2,13
371,2,13
483,1,13
575,2,13
575,2,13
755,2,13
543,1,13
595,4,13
603,2,13
731,2,13
515,1,13
503,1,13
763,2,13
547,3,13
559,3,13
911,3,13
391,3,13
895,2,13
335,1,13
339,2,13
351,3,13
615,1,13
203,1,13
883,4,13
847,3,13
427,2,13
887,1,13
879,1,13
531,2,13
659,2,13
587,1,13
679,2,13
567,1,13
663,1,13
551,3,13
731,2,13
551,3,13
771,3,13
1119,2,13
423,1,13
679,2,13
703,4,13
427,2,13
267,2,13
463,3,13
991,4,13
619,2,13
371,2,13
647,2,13
835,2,13
847,3,13
699,1,13
855,2,13
787,2,13
687,3,13
799,3,13
391,3,13
503,1,13
619,2,13
435,2,13
707,1,13
803,1,13
451,4,13
923,1,13
719,1,13
507,2,13
1183,2,13
839,1,13
615,1,13
975,1,13
631,4,13
839,1,13
475,2,13
455,1,13
447,1,13
859,3,13
355,2,13
999,1,13
851,3,13
743,2,13
431,2,13
1047,2,13
883,4,13
635,1,13
419,2,13
763,2,13
931,3,13
995,2,13
343,3,13
471,2,13
523,3,13
347,1,13
447,1,13
927,1,13
287,2,13
1043,1,13
1043,1,13
663,1,13
443,2,13
883,4,13
643,2,13
839,1,13
763,2,13
751,4,13
467,1,13
527,1,13
843,1,13
799,3,13
803,1,13
479,1,13
659,2,13
603,2,13
479,1,13
675,1,13
859,3,13
307,3,13
839,1,13
523,3,13
683,2,13
819,1,13
767,1,13
639,2,13
1035,2,13
487,5,13
703,4,13
847,3,13
639,2,13
271,4,13
695,1,13
927,1,13
847,3,13
883,4,13
851,3,13
595,4,13
671,2,13
223,2,13
895,2,13
391,3,13
511,3,13
435,2,13
511,3,13
727,3,13
375,2,13
635,1,13
323,2,13
707,1,13
859,3,13
419,2,13
231,2,13
563,1,13
719,1,13
783,2,13
699,1,13
687,3,13
439,2,13
651,3,13
743,2,13
639,2,13
483,1,13
799,3,13
459,1,13
491,3,13
799,3,13
727,3,13
775,3,13
715,3,13
755,2,13
859,3,13
587,1,13
655,2,13
659,2,13
767,1,13
423,1,13
231,2,13
387,1,13
931,3,13
135,1,13
239,2,13
179,1,13
883,4,13
963,2,13
923,1,13
611,2,13
463,3,13
903,2,13
555,1,13
511,3,13
555,1,13
471,2,13
367,2,13
551,3,13
483,1,13
291,2,13
95,1,13
119,1,13
63,1,13
259,1,13
211,1,13
215,1,13
259,2,13
143,1,13
187,3,13
251,3,13
211,0,13
243,2,13
363,2,13
199,3,13
547,3,13
279,1,13
367,2,13
351,3,13
283,3,13
143,1,13
147,1,13
235,1,13
191,2,13
287,2,13
203,1,13
219,2,13
123,1,13
183,1,13
127,2,13
151,3,13
295,3,13
187,2,13
123,2,13
147,1,13
271,4,13
163,2,13
179,1,13
343,3,13
403,2,13
167,1,13
383,1,13
311,2,13
327,1,13
327,2,13
279,1,13
187,1,13
215,1,13
171,1,13
331,3,13
231,2,13
283,2,13
391,3,13
187,2,13
251,1,13
219,1,13
291,3,13
271,2,13
263,1,13
159,1,13
179,2,13
131,1,13
207,1,13
163,1,13
271,4,13
147,3,13
203,1,13
279,1,13
247,2,13
147,2,13
227,2,13
235,3,13
295,3,13
163,2,13
179,2,13
167,2,13
319,2,13
263,1,13
251,3,13
287,2,13
99,2,13
319,2,13
119,3,13
63,2,13
123,1,13
195,2,13
195,1,13
211,1,13
203,1,13
135,1,13
143,2,13
163,4,13
271,4,13
187,2,13
51,2,13
107,1,13
367,2,13
319,2,13
167,1,13
163,3,13
123,1,13
123,2,13
383,1,13
303,1,13
287,2,13
211,2,13
311,2,13
343,3,13
363,2,13
215,1,13
171,2,13
167,1,13
279,1,13
81,1,13
167,1,13
223,2,13
323,3,13
343,3,13
147,3,13
919,4,14
947,2,14
1291,3,14
1255,3,14
1007,1,14
735,1,14
811,5,14
955,3,14
863,1,14
1219,3,14
659,2,14
1047,1,14
799,2,14
1015,3,14
583,2,14
683,2,14
1143,1,14
947,2,14
867,1,14
791,2,14
667,3,14
1227,1,14
1167,2,14
719,1,14
759,1,14
1103,2,14
739,3,14
1315,3,14
731,2,14
659,2,14
831,2,14
687,3,14
835,2,14
771,3,14
1483,3,14
1351,5,14
707,1,14
1143,1,14
811,5,14
879,1,14
591,2,14
655,2,14
967,3,14
1227,1,14
631,4,14
1179,2,14
1695,3,14
927,1,14
1671,2,14
1303,3,14
871,3,14
835,2,14
723,2,14
615,1,14
1471,4,14
1423,3,14
1291,3,14
1315,3,14
899,1,14
1427,2,14
927,1,14
1419,1,14
1223,2,14
1071,2,14
1011,2,14
839,1,14
1083,1,14
847,3,14
1315,3,14
1091,2,14
1499,2,14
1207,3,14
1047,1,14
927,1,14
931,3,14
1123,3,14
1135,5,14
1259,2,14
1223,2,14
939,2,14
1407,2,14
783,2,14
595,4,14
1147,2,14
955,3,14
959,1,14
1095,1,14
1331,3,14
1631,2,14
783,2,14
883,4,14
1219,3,14
807,2,14
863,1,14
771,3,14
1207,3,14
903,2,14
1079,3,14
1075,2,14
995,2,14
951,3,14
1167,2,14
863,1,14
991,4,14
1539,1,14
771,3,14
727,3,14
983,1,14
847,3,14
1099,3,14
319,2,14
1215,1,14
959,1,14
931,3,14
899,1,14
1295,1,14
1011,2,14
603,2,14
991,4,14
811,5,14
1439,1,14
1279,3,14
1423,3,14
835,2,14
1399,2,14
1423,3,14
887,1,14
747,1,14
1335,2,14
351,3,14
1351,5,14
571,3,14
399,1,14
547,3,14
943,2,14
847,3,14
1051,4,14
1043,1,14
887,1,14
487,5,14
1195,2,14
807,2,14
1063,3,14
1039,2,14
983,1,14
1099,3,14
863,1,14
875,2,14
1215,1,14
1227,1,14
779,1,14
715,3,14
1047,1,14
783,2,14
1235,1,14
1407,2,14
1207,3,14
1231,3,14
999,1,14
423,1,14
1279,3,14
1651,4,14
1099,3,14
1059,2,14
1307,1,14
1451,3,14
915,1,14
975,1,14
1391,2,14
1119,2,14
763,2,14
1259,2,14
1243,4,14
607,2,14
1271,2,14
899,1,14
1011,2,14
407,2,14
1163,2,14
523,3,14
903,2,14
399,1,14
1107,2,14
899,1,14
1015,3,14
495,2,14
1339,2,14
743,2,14
1015,3,14
731,2,14
1071,2,14
1471,4,14
1427,2,14
1015,3,14
1175,1,14
803,1,14
1063,3,14
1103,2,14
1299,2,14
963,2,14
1055,2,14
1711,4,14
1223,2,14
1159,2,14
1179,2,14
1023,2,14
571,3,14
991,4,14
1215,1,14
1323,3,14
1291,1,14
1415,2,14
1367,1,14
1191,3,14
667,3,14
1019,1,14
1203,1,14
903,2,14
955,3,14
1487,1,14
1495,3,14
447,1,14
447,1,14
539,1,14
671,2,14
519,2,14
459,1,14
227,1,14
835,2,14
423,1,14
1055,2,14
743,2,14
715,3,14
931,3,14
1203,2,14
767,1,14
611,2,14
931,3,14
731,3,14
1135,5,14
231,2,14
1655,1,14
1679,1,14
891,2,14
1483,3,14
859,3,14
1531,4,14
1371,2,14
1499,2,14
895,2,14
563,1,14
1011,2,14
1779,2,14
1259,2,14
1199,1,14
863,1,14
1027,1,14
1863,3,14
1171,4,14
827,2,14
635,1,14
1079,3,14
1199,1,14
547,3,14
1191,3,14
1051,4,14
1487,1,14
995,2,14
975,1,14
1167,2,14
1295,1,14
915,1,14
919,4,14
739,3,14
907,2,14
779,1,14
1467,1,14
1195,2,14
999,1,14
891,2,14
1111,3,14
395,1,14
319,2,14
1827,2,14
1571,2,14
767,1,14
695,1,14
1519,3,14
1035,2,14
1151,3,14
1139,1,14
1095,1,14
979,2,14
1227,1,14
1067,2,14
911,3,14
1159,2,14
719,1,14
611,2,14
1179,2,14
767,1,14
895,2,14
575,2,14
867,1,14
1103,2,14
539,2,14
1135,5,14
923,1,14
1415,2,14
1159,2,14
707,1,14
859,3,14
1119,2,14
751,4,14
1059,2,14
1119,2,14
947,2,14
1195,2,14
895,2,14
731,2,14
979,2,14
631,4,14
811,5,14
519,2,14
743,2,14
871,3,14
955,3,14
1427,2,14
955,3,14
883,4,14
939,2,14
995,2,14
779,1,14
379,4,14
107,1,14
983,1,14
419,2,14
843,1,14
247,2,14
251,3,14
315,2,14
523,1,14
559,2,14
515,3,14
275,4,14
407,2,14
567,1,14
415,3,14
611,1,14
559,3,14
371,2,14
411,2,14
503,1,14
519,2,14
487,5,14
355,2,14
475,2,14
355,2,14
551,3,14
419,2,14
635,1,14
507,2,14
99,2,14
495,2,14
583,2,14
427,2,14
683,2,14
295,2,14
347,2,14
447,1,14
359,1,14
231,1,14
407,2,14
395,2,14
255,1,14
259,2,14
531,2,14
215,1,14
339,2,14
607,2,14
227,0,14
379,3,14
247,2,14
131,1,14
415,2,14
307,3,14
479,2,14
271,1,14
323,2,14
563,1,14
233,3,14
395,1,14
187,1,14
487,1,14
115,1,14
367,1,14
251,3,14
351,3,14
151,3,14
111,1,14
115,1,14
435,2,14
351,3,14
491,3,14
423,1,14
375,1,14
427,2,14
243,1,14
343,1,14
311,2,14
459,1,14
471,2,14
307,3,14
323,2,14
311,2,14
195,1,14
523,3,14
467,1,14
411,2,14
351,2,14
427,2,14
311,2,14
251,4,14
347,1,14
347,1,14
635,1,14
291,2,14
283,2,14
351,2,14
475,2,14
203,4,14
487,5,14
363,1,14
575,2,14
567,3,14
403,2,14
435,2,14
403,2,14
307,1,14
211,1,14
431,2,14
515,1,14
193,1,14
411,1,14
547,3,14
283,1,14
687,2,14
379,4,14
231,2,14
339,1,14
399,2,14
487,5,14
491,1,14
281,2,14
847,2,14
551,3,14
595,4,14
447,3,14
411,2,14
515,1,14
331,3,14
535,2,14
331,3,14
343,3,14
427,1,14
135,1,14
131,3,14
275,2,14
235,2,14
435,3,14
395,1,14
563,1,14
339,2,14
391,2,14
231,2,14
143,1,14
439,2,14
527,3,14
131,2,14
263,2,14
447,3,14
99,2,14
299,1,14
315,3,14
307,2,14
143,1,14
607,2,14
335,1,14
203,1,14
135,1,14
559,3,14
363,3,14
227,1,14
243,2,14
479,1,14
459,1,14
251,3,14
595,3,14
259,1,14
227,1,14
319,2,14
303,1,14
255,2,14
495,2,14
339,2,14
395,1,14
615,1,14
219,2,14
159,3,14
347,1,14
651,3,14
183,1,14
623,1,14
455,1,14
443,2,14
611,2,14
235,3,14
279,1,14
311,2,14
379,4,14
315,3,14
571,3,14
183,2,14
379,2,14
323,2,14
407,2,14
543,1,14
479,2,14
199,2,14
235,1,14
107,1,14
259,2,14
287,2,14
283,2,14
623,2,14
431,2,14
627,1,14
351,3,14
323,2,14
231,2,14
767,3,14
79,1,14
491,1,14
203,1,14
195,2,14
331,3,14
247,1,14
151,1,14
323,2,14
131,1,14
511,3,14
411,2,14
287,2,14
571,3,14
287,2,14
343,3,14
227,2,14
415,3,14
523,3,14
471,2,14
287,2,14
359,1,14
203,1,14
491,3,14
247,2,14
499,2,14
179,1,14
551,3,14
595,4,14
595,4,14
143,1,14
443,2,14
511,1,14
263,1,14
263,1,14
191,2,14
155,1,14
459,2,14
171,1,14
287,3,14
379,4,14
47,2,14
167,1,14
187,1,14
531,2,14
287,2,14
427,2,14
427,2,14
295,1,14
99,2,14
127,1,14
407,2,14
391,1,14
795,1,14
467,1,14
387,1,14
299,1,14
695,1,14
647,2,14
367,2,14
599,2,14
299,2,14
387,1,14
159,3,14
303,3,14
675,1,14
331,3,14
155,1,14
587,1,14
199,3,14
187,2,14
347,1,14
331,3,14
523,3,14
395,1,14
419,2,14
507,2,14
219,1,14
339,2,14
151,1,14
515,1,14
355,2,14
243,1,14
435,2,14
247,2,14
215,1,14
459,1,14
323,1,14
203,1,14
391,3,14
279,1,14
567,1,14
247,1,14
347,1,14
255,1,14
363,1,14
419,2,14
391,3,14
419,2,14
659,2,14
275,1,14
391,3,14
711,3,14
267,1,14
163,2,14
391,3,14
475,2,14
711,2,14
295,3,14
703,1,14
263,1,14
407,1,14
363,1,14
163,4,14
179,1,14
207,2,14
491,1,14
495,2,14
163,4,14
487,5,14
451,4,14
179,1,14
267,1,14
479,1,14
599,1,14
339,2,14
443,2,14
575,3,14
415,4,14
283,1,14
379,4,14
263,2,14
259,3,14
371,2,14
179,2,14
195,4,14
371,1,14
195,2,14
203,1,14
355,2,14
259,2,14
403,2,14
187,2,14
475,2,14
523,3,14
127,1,14
487,5,14
351,1,14
347,1,14
487,2,14
319,2,14
155,1,14
255,1,14
211,2,14
391,2,14
575,2,14
303,1,14
219,4,14
267,1,14
699,1,14
1707,1,15
2139,1,15
1271,2,15
915,1,15
1587,2,15
1083,1,15
1719,1,15
1387,4,15
1019,1,15
1079,3,15
1331,3,15
1559,2,15
1351,2,15
1351,5,15
1183,2,15
1791,2,15
1891,5,15
1891,5,15
1979,2,15
719,1,15
1887,2,15
1783,5,15
1587,2,15
1615,2,15
2319,2,15
2115,2,15
935,1,15
2055,2,15
2003,3,15
2019,1,15
2263,3,15
1427,2,15
1135,5,15
1799,2,15
2031,3,15
2179,4,15
951,3,15
1079,3,15
1203,1,15
1707,1,15
2251,5,15
1219,3,15
799,3,15
1951,4,15
1947,2,15
643,2,15
1391,2,15
535,2,15
1971,2,15
1815,1,15
1455,1,15
679,2,15
1619,1,15
1303,3,15
1107,2,15
2023,2,15
995,2,15
1199,1,15
1475,2,15
2339,2,15
1999,4,15
2147,2,15
1803,2,15
1427,2,15
1627,2,15
1863,3,15
1575,1,15
1975,3,15
1579,2,15
2451,4,15
1335,2,15
1791,2,15
1347,1,15
2375,1,15
2443,3,15
1415,2,15
1959,2,15
1087,2,15
1719,1,15
1679,1,15
1111,3,15
1435,2,15
1299,2,15
939,2,15
1955,1,15
1263,1,15
1607,2,15
1423,3,15
1595,1,15
1599,2,15
2083,2,15
1559,2,15
1435,2,15
1243,4,15
343,3,15
2347,3,15
1819,3,15
1815,1,15
2603,1,15
1711,4,15
1507,2,15
1739,2,15
1735,3,15
2011,3,15
2063,1,15
663,1,15
1819,3,15
751,1,15
751,1,15
1351,5,15
2211,3,15
1391,2,15
903,2,15
1479,1,15
2115,2,15
2251,5,15
1739,2,15
1887,2,15
1703,2,15
807,2,15
1495,3,15
2427,1,15
1483,3,15
1891,5,15
1127,1,15
1767,1,15
1723,3,15
1363,2,15
1319,1,15
1119,2,15
1743,2,15
1423,3,15
1895,1,15
1719,1,15
2127,1,15
1467,1,15
1735,3,15
2471,3,15
1971,3,15
1095,1,15
1187,1,15
1155,1,15
2623,3,15
651,3,15
1275,3,15
1527,2,15
779,1,15
1791,2,15
699,1,15
1775,1,15
1207,3,15
1835,2,15
2059,4,15
1211,3,15
1667,3,15
2019,1,15
2167,3,15
927,1,15
1919,2,15
1619,1,15
1215,1,15
1647,1,15
1491,2,15
2123,1,15
1119,2,15
1267,2,15
1255,3,15
2219,1,15
1207,3,15
887,1,15
683,2,15
1455,1,15
703,4,15
1327,3,15
1347,1,15
1531,4,15
1351,5,15
1751,4,15
1695,3,15
1683,2,15
1087,2,15
1943,1,15
1035,2,15
1999,4,15
1771,3,15
1815,1,15
1511,2,15
1079,3,15
1639,4,15
1451,3,15
2335,2,15
1875,1,15
867,1,15
1603,3,15
1963,3,15
1819,3,15
1559,2,15
1439,1,15
1983,1,15
1959,2,15
1551,3,15
1503,1,15
1691,3,15
1539,1,15
2215,4,15
2439,2,15
1923,2,15
2855,1,15
2055,2,15
1283,1,15
1359,2,15
1671,2,15
1443,2,15
507,2,15
995,2,15
2083,2,15
1947,2,15
1795,3,15
1231,3,15
987,2,15
1207,3,15
1295,1,15
2059,4,15
1563,2,15
1551,3,15
1911,2,15
2575,4,15
1119,2,15
1823,1,15
1959,2,15
1755,1,15
2143,4,15
1807,3,15
1431,3,15
1211,3,15
2195,1,15
2531,3,15
2135,2,15
1011,2,15
1171,4,15
863,1,15
1159,2,15
1935,1,15
2239,2,15
1159,2,15
1771,3,15
1055,2,15
835,2,15
1155,1,15
1715,1,15
1815,1,15
2183,1,15
1643,1,15
1219,3,15
2131,3,15
1575,1,15
1459,6,15
1055,2,15
743,2,15
771,3,15
1335,2,15
375,2,15
1831,3,15
1607,2,15
1751,4,15
1527,2,15
1651,4,15
1079,3,15
1867,2,15
1335,2,15
975,1,15
1151,3,15
2279,2,15
1571,2,15
1335,2,15
951,3,15
1155,1,15
3039,3,15
1523,1,15
1771,3,15
1843,2,15
1371,2,15
1911,2,15
1599,2,15
2007,2,15
2283,2,15
2499,1,15
2943,1,15
2679,2,15
1739,2,15
1999,4,15
1527,2,15
1843,2,15
2383,2,15
1995,1,15
2043,1,15
1903,2,15
2503,3,15
2323,4,15
1659,1,15
1887,2,15
1699,2,15
2883,2,15
839,1,15
903,2,15
1831,3,15
519,2,15
1079,3,15
1363,2,15
1571,2,15
2063,1,15
1887,2,15
931,3,15
1415,2,15
2095,2,15
1707,1,15
1683,2,15
2003,3,15
2103,1,15
2051,3,15
2351,3,15
1659,1,15
1323,1,15
1395,2,15
1275,3,15
1187,1,15
1007,1,15
1167,2,15
1771,3,15
1495,3,15
2167,3,15
1519,3,15
1459,6,15
2143,4,15
2055,2,15
2255,3,15
2399,2,15
1951,4,15
1623,1,15
2203,2,15
1315,3,15
1279,3,15
2179,4,15
1411,3,15
2263,3,15
1635,2,15
2439,2,15
2195,1,15
1503,1,15
1279,3,15
1719,1,15
1135,5,15
1739,2,15
1475,2,15
1031,2,15
943,2,15
951,3,15
2143,4,15
1907,1,15
2003,3,15
1431,3,15
1459,6,15
1675,4,15
1075,2,15
2191,3,15
1051,4,15
1251,4,15
1387,4,15
1967,1,15
1191,3,15
1799,2,15
1247,2,15
675,1,15
1975,3,15
1207,2,15
1987,2,15
2307,1,15
2351,3,15
1551,3,15
2391,2,15
2419,3,15
1107,2,15
1151,3,15
1447,2,15
1327,3,15
1127,1,15
1387,4,15
2415,2,15
1203,1,15
3399,1,15
2119,2,15
1855,3,15
1975,3,15
1723,3,15
2875,2,15
1195,2,15
1719,1,15
1447,2,15
2435,1,15
1031,2,15
1631,2,15
2307,1,15
2175,1,15
2783,2,15
1331,3,15
1807,3,15
2075,2,15
1811,2,15
1807,3,15
2267,2,15
2011,3,15
1571,2,15
2623,3,15
2919,1,15
1071,2,15
1807,3,15
1103,2,15
2483,2,15
1739,2,15
1179,2,15
3507,1,15
1379,2,15
1727,1,15
1267,2,15
1323,1,15
2323,4,15
2247,1,15
1771,3,15
2519,1,15
2203,2,15
1163,2,15
1383,1,15
1087,2,15
867,1,15
1787,2,15
1979,2,15
1323,3,15
2771,2,15
2219,1,15
2091,3,15
747,1,15
1031,2,15
923,1,15
1867,2,15
1439,3,15
1683,3,15
1579,2,15
1867,2,15
2511,2,15
2291,2,15
1199,1,15
1599,2,15
1331,3,15
2003,3,15
883,4,15
1155,1,15
1703,2,15
1091,2,15
1731,2,15
2303,1,15
2519,1,15
2299,2,15
1607,2,15
1659,1,15
1091,2,15
1103,2,15
2399,2,15
2267,2,15
2127,1,15
1827,2,15
1635,2,15
643,2,15
2211,3,15
2071,4,15
3251,4,15
1139,1,15
1231,3,15
1783,5,15
1407,2,15
2395,4,15
967,3,15
1191,3,15
1599,2,15
1603,3,15
875,2,15
987,2,15
1311,2,15
1307,1,15
1675,4,15
835,2,15
2271,2,15
31,2,15
627,1,15
855,2,15
859,3,15
779,1,15
891,5,15
619,2,15
503,2,15
551,3,15
667,3,15
627,2,15
927,1,15
779,2,15
495,2,15
603,2,15
271,2,15
595,4,15
455,2,15
307,3,15
427,2,15
279,2,15
187,1,15
531,2,15
691,3,15
843,2,15
463,2,15
715,3,15
555,2,15
355,2,15
883,4,15
255,2,15
447,1,15
619,1,15
751,4,15
567,1,15
443,2,15
531,2,15
1083,1,15
459,1,15
439,2,15
507,2,15
543,1,15
751,4,15
483,2,15
491,1,15
375,2,15
345,2,15
351,2,15
323,2,15
1059,2,15
459,1,15
231,2,15
183,2,15
51,1,15
575,2,15
627,1,15
519,2,15
591,2,15
535,2,15
319,2,15
751,4,15
459,1,15
179,2,15
287,1,15
667,2,15
659,2,15
667,2,15
755,2,15
1011,2,15
579,2,15
787,2,15
247,2,15
203,0,15
547,3,15
955,1,15
511,1,15
555,2,15
559,3,15
459,1,15
387,1,15
399,1,15
555,1,15
427,2,15
687,4,15
455,2,15
1179,2,15
843,1,15
847,3,15
383,2,15
719,1,15
487,2,15
651,1,15
927,1,15
551,1,15
863,1,15
1067,2,15
1075,2,15
523,1,15
231,3,15
351,1,15
1027,4,15
791,1,15
1239,1,15
1127,1,15
1191,3,15
963,1,15
691,1,15
627,2,15
755,1,15
391,3,15
367,1,15
483,2,15
723,2,15
271,4,15
983,1,15
467,1,15
599,2,15
751,4,15
819,1,15
527,2,15
511,3,15
555,2,15
419,3,15
483,2,15
623,1,15
939,2,15
671,2,15
471,2,15
939,2,15
959,4,15
479,1,15
919,4,15
247,2,15
427,2,15
247,2,15
259,2,15
403,1,15
615,1,15
331,3,15
943,2,15
475,3,15
543,1,15
751,4,15
659,2,15
315,1,15
843,1,15
915,1,15
727,3,15
443,2,15
311,1,15
471,2,15
279,2,15
239,2,15
415,2,15
831,2,15
431,2,15
251,1,15
223,1,15
539,1,15
491,3,15
1207,1,15
1075,2,15
595,1,15
967,3,15
799,3,15
359,1,15
707,2,15
835,3,15
371,2,15
611,2,15
819,2,15
211,2,15
275,2,15
367,3,15
163,1,15
395,1,15
339,2,15
187,0,15
291,2,15
291,2,15
415,3,15
359,1,15
919,4,15
127,3,15
615,1,15
235,3,15
451,2,15
351,2,15
427,1,15
327,1,15
1135,5,15
675,1,15
123,2,15
1067,2,15
403,2,15
335,1,15
815,2,15
495,2,15
487,5,15
391,3,15
459,2,15
951,3,15
687,3,15
883,4,15
467,2,15
703,2,15
167,3,15
683,2,15
543,2,15
305,1,15
639,2,15
239,1,15
575,2,15
263,1,15
579,2,15
359,3,15
195,2,15
123,1,15
851,3,15
491,3,15
523,3,15
663,1,15
267,2,15
979,2,15
491,3,15
167,1,15
431,2,15
871,3,15
583,2,15
379,4,15
447,1,15
491,3,15
459,2,15
627,5,15
851,3,15
351,2,15
611,1,15
579,2,15
507,2,15
659,2,15
719,1,15
431,2,15
879,1,15
419,2,15
599,2,15
715,3,15
703,5,15
727,3,15
339,2,15
699,1,15
427,2,15
367,2,15
851,3,15
527,1,15
395,1,15
703,2,15
227,2,15
923,1,15
567,1,15
