7,2,3
5,0,4
9,4,5
7,2,5
7,0,6
7,2,6
7,0,6
9,6,7
7,2,7
11,4,7
11,2,7
9,4,7
9,2,7
11,0,7
7,0,8
9,4,8
9,0,8
11,2,8
13,4,8
11,2,8
9,2,8
11,0,8
9,0,8
15,2,8
11,2,8
13,0,8
13,0,8
11,2,8
19,4,8
13,2,8
13,0,8
19,0,8
15,6,8
11,0,8
11,2,8
9,8,9
7,2,9
11,6,9
11,4,9
11,2,9
11,6,9
9,4,9
11,2,9
11,6,9
15,4,9
11,4,9
13,2,9
13,4,9
15,0,9
13,2,9
15,6,9
13,2,9
13,4,9
15,0,9
13,4,9
17,2,9
15,2,9
17,4,9
19,0,9
17,2,9
15,2,9
15,0,9
17,2,9
17,2,9
19,0,9
19,2,9
19,2,9
19,0,9
25,0,9
17,2,9
15,4,9
19,0,9
21,4,9
21,2,9
27,2,9
19,0,9
9,2,9
9,4,9
9,0,9
11,2,9
11,0,9
15,2,9
17,2,9
15,4,9
7,0,10
11,6,10
11,0,10
11,2,10
11,4,10
13,4,10
13,2,10
9,4,10
11,2,10
13,0,10
15,2,10
15,2,10
19,0,10
15,4,10
13,2,10
13,2,10
13,0,10
17,2,10
13,2,10
11,2,10
11,4,10
15,0,10
17,2,10
17,2,10
19,4,10
19,0,10
19,2,10
17,0,10
19,2,10
23,2,10
19,0,10
19,0,10
21,0,10
11,0,10
17,0,10
15,2,10
17,0,10
19,2,10
17,4,10
23,2,10
21,2,10
27,0,10
21,0,10
25,2,10
29,0,10
17,6,10
17,4,10
15,0,10
23,6,10
17,4,10
25,2,10
19,2,10
25,4,10
17,2,10
21,4,10
19,4,10
27,2,10
23,0,10
23,2,10
27,0,10
15,4,10
15,4,10
25,4,10
15,2,10
21,2,10
23,6,10
19,2,10
17,0,10
27,2,10
21,2,10
25,0,10
21,4,10
25,2,10
23,2,10
25,0,10
23,4,10
21,2,10
25,4,10
19,0,10
27,6,10
25,0,10
19,2,10
23,2,10
27,2,10
17,4,10
25,0,10
23,0,10
33,0,10
31,2,10
23,0,10
21,0,10
27,4,10
17,2,10
21,2,10
29,2,10
31,0,10
31,2,10
27,4,10
27,0,10
19,4,10
29,4,10
21,0,10
23,2,10
25,0,10
29,2,10
23,2,10
31,0,10
15,2,10
25,0,10
25,2,10
23,4,10
27,2,10
33,2,10
27,0,10
37,0,10
29,2,10
31,2,10
29,0,10
31,0,10
35,4,10
35,2,10
31,0,10
37,0,10
17,8,10
15,2,10
17,2,10
15,4,10
15,6,10
11,0,10
13,0,10
13,2,10
9,0,10
11,2,10
15,6,10
15,0,10
9,2,10
11,0,10
13,2,10
13,6,10
13,0,10
7,0,10
17,6,10
11,2,10
19,2,10
7,2,10
13,0,10
9,2,10
15,2,10
15,4,10
11,4,10
17,2,10
21,6,10
15,0,10
17,4,10
9,0,10
13,2,10
17,4,10
19,0,10
15,2,10
7,4,10
9,4,10
15,2,10
21,2,10
17,0,10
13,2,10
37,2,11
39,4,11
33,2,11
25,0,11
39,0,11
37,2,11
23,2,11
33,0,11
15,4,11
29,2,11
31,0,11
29,2,11
17,0,11
35,0,11
29,2,11
33,0,11
37,2,11
39,2,11
41,2,11
33,4,11
23,2,11
27,4,11
31,2,11
43,0,11
41,2,11
43,0,11
41,2,11
33,0,11
29,2,11
45,0,11
35,4,11
41,2,11
25,2,11
29,2,11
31,0,11
33,0,11
29,0,11
37,0,11
29,0,11
23,4,11
33,2,11
29,2,11
49,6,11
33,0,11
25,2,11
27,2,11
33,0,11
31,4,11
33,4,11
23,2,11
35,2,11
39,0,11
25,4,11
39,2,11
23,2,11
31,0,11
37,2,11
25,0,11
11,2,11
23,4,11
31,2,11
15,6,11
27,4,11
27,4,11
17,2,11
31,2,11
35,0,11
27,2,11
39,0,11
43,2,11
41,2,11
41,0,11
47,0,11
21,4,11
21,2,11
39,0,11
37,2,11
33,2,11
37,2,11
37,0,11
33,2,11
25,2,11
29,4,11
29,0,11
31,2,11
23,2,11
37,0,11
27,0,11
31,2,11
21,2,11
35,0,11
29,2,11
23,0,11
29,6,11
21,4,11
37,0,11
19,2,11
25,0,11
35,2,11
41,4,11
49,2,11
29,2,11
27,0,11
35,0,11
31,4,11
23,0,11
33,2,11
27,2,11
31,0,11
27,0,11
29,2,11
35,0,11
29,4,11
45,2,11
33,0,11
39,4,11
33,4,11
25,2,11
25,0,11
29,4,11
37,2,11
37,2,11
39,4,11
43,6,11
49,2,11
39,0,11
37,4,11
43,0,11
31,4,11
35,2,11
35,2,11
39,2,11
25,2,11
37,2,11
45,0,11
49,2,11
27,2,11
47,0,11
25,2,11
15,4,11
25,2,11
15,6,11
25,4,11
19,4,11
29,2,11
33,2,11
43,2,11
35,2,11
37,2,11
35,4,11
37,2,11
31,0,11
25,0,11
21,2,11
53,2,11
29,2,11
39,2,11
31,2,11
33,2,11
39,0,11
17,4,11
45,2,11
33,2,11
47,0,11
25,0,11
17,2,11
31,0,11
35,0,11
33,0,11
51,0,11
49,2,11
41,2,11
43,2,11
19,2,11
27,0,11
27,2,11
25,4,11
35,2,11
13,4,11
23,0,11
25,2,11
17,4,11
33,2,11
21,2,11
29,0,11
25,6,11
33,0,11
15,2,11
41,0,11
21,0,11
21,6,11
29,4,11
25,2,11
25,4,11
15,0,11
39,2,11
43,2,11
33,2,11
25,2,11
25,4,11
29,0,11
31,2,11
15,6,11
27,4,11
23,2,11
23,4,11
27,4,11
47,0,11
23,0,11
21,2,11
45,4,11
41,4,11
25,0,11
35,4,11
39,2,11
41,2,11
41,2,11
29,2,11
23,4,11
25,2,11
29,0,11
19,6,11
25,4,11
13,4,11
23,2,11
39,6,11
41,0,11
21,2,11
15,2,11
37,2,11
33,2,11
47,0,11
11,8,11
17,6,11
27,6,11
27,4,11
17,4,11
53,2,11
19,8,11
25,6,11
13,6,11
19,4,11
41,6,11
23,6,11
11,4,11
7,2,11
41,2,11
31,0,11
25,4,11
37,0,11
37,2,11
37,0,11
37,2,11
37,2,11
37,0,11
25,0,11
23,2,11
19,6,11
21,4,11
35,4,11
27,2,11
31,8,11
35,2,11
29,0,11
57,0,11
51,2,11
37,2,11
39,2,11
41,0,11
49,2,11
45,0,11
47,2,11
49,0,11
39,4,11
45,4,11
35,2,11
43,0,11
23,2,11
35,0,11
43,2,11
33,2,11
43,2,11
49,2,11
47,0,11
41,2,11
51,0,11
57,0,11
39,0,11
37,0,11
29,6,11
39,4,11
21,4,11
37,2,11
29,4,11
35,2,11
53,2,11
35,6,11
29,4,11
45,0,11
57,2,11
45,4,11
43,0,11
35,4,11
37,2,11
27,4,11
21,2,11
15,6,11
23,4,11
15,4,11
25,2,11
33,2,11
23,0,11
47,2,11
43,0,11
31,0,11
35,0,11
39,6,11
31,6,11
33,4,11
33,4,11
47,2,11
23,2,11
31,2,11
29,2,11
45,0,11
57,2,11
41,4,11
47,4,11
19,4,11
35,2,11
53,0,11
19,0,11
13,8,11
21,6,11
13,6,11
25,4,11
19,8,11
13,6,11
23,6,11
17,4,11
11,4,11
11,2,11
33,4,11
27,2,11
21,4,11
33,2,11
39,4,11
43,2,11
51,0,11
45,0,11
35,2,11
35,6,11
35,4,11
13,8,11
21,6,11
23,6,11
11,6,11
17,4,11
17,4,11
21,4,11
17,2,11
15,2,11
11,8,11
17,6,11
29,4,11
9,10,11
11,2,11
19,4,11
15,2,11
17,0,11
23,2,11
13,0,11
23,2,11
17,4,11
17,4,11
21,4,11
19,2,11
5,0,11
11,6,11
15,4,11
11,2,11
11,4,11
15,2,11
13,0,11
9,4,11
7,2,11
17,0,11
19,2,11
21,4,11
11,2,11
15,2,11
15,0,11
17,6,11
11,0,11
17,2,11
17,4,11
15,2,11
25,0,11
17,2,11
17,0,11
29,4,11
23,2,11
9,0,11
11,2,11
21,0,11
27,2,11
23,4,11
17,0,11
29,4,11
23,2,11
21,0,11
27,2,11
23,4,11
11,0,11
13,0,11
9,0,11
11,0,11
19,2,11
13,0,11
17,2,11
21,0,11
13,2,11
13,6,11
13,2,11
17,4,11
13,2,11
17,4,11
15,0,11
15,2,11
13,4,11
15,0,11
25,2,11
13,0,11
21,2,11
17,4,11
13,4,11
29,2,11
31,4,11
27,0,11
27,0,11
29,2,11
31,4,11
31,6,11
31,4,11
13,2,11
19,2,11
29,6,11
7,2,11
21,0,11
13,2,11
15,0,11
11,0,11
17,2,11
9,6,11
19,4,11
15,4,11
17,2,11
9,2,11
19,6,11
19,0,11
13,4,11
9,2,11
15,0,11
27,0,11
19,2,11
17,0,11
15,2,11
11,2,11
21,4,11
15,6,11
25,4,11
13,2,11
15,4,11
23,4,11
19,4,11
15,0,11
11,2,11
19,2,11
13,2,11
19,0,11
27,0,11
7,0,11
11,2,11
11,4,11
23,0,11
17,2,11
15,4,11
15,2,11
21,0,11
19,2,11
21,2,11
23,6,11
19,2,11
13,2,11
17,2,11
17,0,11
23,2,11
9,0,11
15,4,11
17,2,11
13,4,11
21,6,11
19,4,11
13,2,11
11,0,11
21,2,11
13,0,11
15,0,11
7,0,11
21,4,11
13,0,11
21,2,11
17,4,11
27,2,11
17,4,11
23,2,11
19,2,11
19,2,11
21,0,11
25,2,11
17,2,11
25,0,11
21,0,11
19,4,11
25,2,11
21,2,11
19,2,11
21,2,11
21,4,11
31,0,11
21,2,11
27,2,11
27,2,11
19,6,11
25,2,11
21,4,11
15,0,11
19,4,11
31,4,11
21,4,11
21,2,11
29,2,11
33,2,11
27,0,11
19,6,11
19,4,11
33,0,11
19,4,11
29,2,11
37,4,11
57,0,12
43,4,12
65,0,12
65,0,12
49,0,12
49,4,12
39,0,12
55,0,12
53,0,12
43,4,12
41,6,12
19,2,12
55,2,12
51,6,12
45,2,12
35,2,12
45,6,12
67,0,12
43,2,12
59,4,12
59,2,12
49,4,12
39,2,12
45,0,12
57,2,12
57,4,12
51,0,12
59,2,12
41,2,12
63,2,12
35,0,12
63,2,12
57,0,12
57,0,12
51,2,12
45,4,12
25,8,12
29,4,12
29,2,12
39,2,12
65,2,12
27,4,12
33,2,12
33,2,12
47,0,12
51,0,12
45,2,12
59,2,12
67,2,12
43,2,12
41,0,12
33,6,12
51,4,12
37,2,12
59,2,12
27,4,12
73,0,12
53,4,12
45,2,12
67,2,12
35,0,12
41,2,12
19,4,12
59,2,12
39,0,12
27,2,12
47,0,12
33,6,12
31,2,12
47,2,12
53,2,12
49,2,12
61,2,12
35,0,12
57,6,12
51,6,12
37,4,12
39,2,12
61,0,12
39,0,12
37,2,12
47,4,12
55,2,12
73,2,12
49,2,12
61,0,12
53,2,12
29,4,12
49,0,12
63,2,12
69,0,12
61,4,12
67,2,12
31,6,12
61,2,12
75,0,12
61,0,12
87,0,12
33,8,12
39,6,12
31,6,12
27,4,12
39,2,12
39,2,12
45,4,12
71,4,12
49,2,12
53,4,12
43,2,12
69,2,12
49,2,12
73,2,12
31,6,12
59,2,12
43,2,12
51,2,12
19,4,12
35,2,12
21,0,12
57,0,12
37,0,12
51,2,12
71,6,12
47,2,12
57,0,12
83,0,12
33,4,12
51,2,12
47,2,12
53,0,12
53,2,12
67,0,12
73,0,12
59,0,12
63,0,12
65,2,12
27,2,12
45,2,12
41,0,12
25,6,12
51,0,12
41,2,12
29,4,12
33,4,12
35,2,12
37,2,12
63,2,12
23,4,12
29,2,12
41,0,12
31,2,12
49,4,12
51,0,12
39,4,12
27,2,12
57,4,12
53,2,12
57,4,12
45,2,12
27,4,12
37,2,12
47,4,12
59,0,12
41,4,12
35,4,12
55,2,12
71,2,12
41,2,12
27,8,12
45,6,12
37,4,12
41,0,12
15,4,12
35,0,12
31,2,12
49,0,12
51,6,12
41,6,12
45,4,12
59,4,12
47,0,12
25,2,12
35,2,12
27,2,12
51,2,12
51,4,12
23,4,12
35,2,12
55,0,12
63,2,12
33,2,12
43,0,12
59,2,12
63,4,12
55,2,12
25,2,12
29,4,12
55,4,12
61,2,12
51,4,12
23,0,12
37,4,12
79,2,12
49,2,12
77,2,12
59,2,12
81,2,12
43,0,12
45,2,12
43,2,12
21,2,12
19,2,12
35,2,12
43,2,12
43,0,12
45,2,12
37,2,12
27,2,12
35,4,12
45,2,12
53,0,12
23,0,12
21,2,12
53,2,12
51,0,12
21,2,12
63,4,12
55,2,12
45,4,12
41,2,12
49,0,12
27,6,12
39,0,12
17,2,12
33,0,12
31,6,12
21,2,12
39,2,12
55,0,12
79,0,12
45,2,12
85,2,12
23,2,12
77,2,12
73,2,12
49,2,12
73,0,12
75,2,12
37,2,12
81,0,12
67,0,12
63,2,12
43,2,12
47,0,12
65,0,12
53,4,12
41,2,12
69,2,12
77,2,12
39,2,12
47,0,12
61,2,12
51,0,12
57,2,12
47,4,12
51,2,12
51,4,12
81,0,12
71,0,12
53,0,12
67,4,12
21,4,12
59,0,12
65,4,12
61,4,12
71,0,12
57,4,12
27,4,12
45,2,12
57,0,12
57,6,12
55,4,12
21,4,12
83,2,12
91,2,12
69,2,12
27,2,12
37,0,12
21,2,12
17,2,12
19,4,12
23,2,12
33,0,12
37,6,12
49,4,12
27,2,12
65,4,12
37,4,12
55,2,12
37,2,12
77,0,12
27,4,12
57,2,12
59,0,12
63,2,12
69,0,12
43,2,12
67,2,12
35,0,12
67,2,12
65,2,12
53,0,12
43,4,12
31,4,12
47,2,12
61,0,12
63,2,12
19,2,12
69,2,12
61,4,12
51,2,12
53,2,12
61,2,12
21,6,12
77,0,12
69,0,12
13,4,12
33,2,12
37,0,12
15,2,12
39,2,12
31,4,12
27,4,12
31,2,12
11,0,12
81,0,12
41,2,12
31,0,12
37,0,12
55,2,12
47,0,12
15,2,12
33,2,12
77,2,12
75,2,12
81,2,12
37,2,12
57,0,12
59,2,12
43,2,12
23,2,12
59,2,12
29,4,12
31,2,12
23,6,12
51,2,12
61,0,12
39,2,12
49,2,12
47,0,12
61,0,12
49,0,12
41,2,12
19,4,12
29,2,12
53,0,12
17,4,12
35,2,12
17,6,12
43,0,12
37,2,12
69,0,12
57,0,12
57,2,12
37,0,12
45,4,12
31,2,12
41,0,12
31,2,12
33,2,12
27,2,12
31,4,12
37,0,12
47,0,12
13,0,12
37,0,12
31,0,12
11,4,12
17,2,12
61,0,12
21,0,12
19,2,12
13,0,12
21,0,12
19,2,12
17,2,12
15,2,12
17,0,12
39,2,12
31,2,12
27,2,12
17,4,12
17,2,12
15,0,12
45,0,12
21,4,12
17,4,12
23,2,12
7,4,12
31,4,12
25,0,12
25,0,12
23,2,12
15,2,12
29,0,12
15,6,12
21,2,12
21,8,12
27,0,12
27,2,12
17,6,12
13,2,12
31,2,12
13,0,12
13,0,12
17,4,12
25,2,12
27,4,12
21,0,12
27,0,12
17,2,12
19,2,12
17,4,12
15,2,12
17,2,12
19,6,12
13,2,12
23,4,12
21,0,12
27,0,12
39,2,12
21,2,12
39,0,12
23,2,12
17,0,12
11,4,12
23,2,12
13,0,12
25,2,12
11,4,12
35,2,12
11,2,12
31,2,12
13,2,12
25,0,12
33,2,12
17,0,12
21,4,12
11,2,12
27,2,12
27,2,12
27,2,12
13,4,12
39,0,12
15,6,12
23,2,12
9,0,12
9,2,12
13,2,12
23,4,12
23,4,12
27,2,12
21,2,12
25,0,12
15,2,12
33,4,12
25,0,12
23,8,12
19,0,12
19,0,12
21,0,12
15,0,12
13,4,12
27,2,12
11,2,12
23,4,12
29,0,12
17,2,12
33,2,12
25,2,12
9,0,12
31,2,12
23,4,12
19,6,12
15,6,12
15,6,12
27,0,12
35,0,12
15,2,12
15,4,12
21,6,12
33,4,12
13,6,12
7,0,12
13,4,12
13,2,12
17,0,12
7,4,12
25,0,12
29,4,12
19,2,12
19,0,12
13,2,12
41,4,12
33,0,12
15,2,12
35,6,12
15,2,12
15,0,12
39,0,12
31,4,12
19,2,12
15,0,12
23,0,12
15,2,12
27,2,12
17,2,12
19,6,12
21,0,12
21,2,12
15,2,12
15,0,12
25,0,12
35,4,12
13,0,12
19,2,12
23,2,12
13,2,12
27,4,12
29,4,12
31,0,12
31,6,12
13,2,12
11,0,12
41,0,12
19,4,12
35,2,12
27,0,12
33,0,12
27,0,12
37,2,12
35,2,12
25,4,12
17,2,12
29,4,12
33,0,12
23,2,12
19,2,12
13,4,12
39,0,12
17,2,12
23,2,12
15,2,12
21,2,12
35,0,12
33,2,12
17,4,12
11,2,12
17,8,12
17,6,12
17,8,12
11,2,12
25,0,12
15,0,12
21,0,12
17,6,12
29,2,12
21,6,12
33,0,12
37,0,12
25,0,12
33,4,12
13,6,12
15,4,12
13,4,12
29,2,12
27,2,12
25,2,12
35,2,12
19,2,12
21,2,12
33,2,12
17,0,12
17,2,12
19,4,12
21,0,12
27,2,12
35,0,12
25,0,12
31,2,12
83,0,13
53,2,13
73,2,13
83,0,13
65,4,13
75,0,13
105,0,13
51,6,13
65,2,13
61,4,13
77,0,13
105,2,13
67,2,13
105,2,13
83,0,13
65,6,13
47,4,13
75,0,13
61,4,13
61,2,13
67,2,13
67,2,13
85,4,13
87,2,13
67,4,13
67,2,13
65,0,13
23,4,13
51,2,13
33,4,13
63,2,13
39,2,13
71,2,13
55,0,13
35,2,13
97,0,13
69,4,13
59,4,13
19,0,13
77,0,13
57,2,13
59,2,13
65,2,13
65,4,13
81,2,13
81,6,13
91,4,13
91,4,13
85,2,13
71,0,13
65,2,13
89,0,13
89,0,13
71,0,13
83,2,13
69,2,13
77,4,13
63,4,13
55,2,13
83,0,13
83,0,13
71,0,13
61,0,13
69,2,13
79,2,13
69,0,13
77,4,13
89,6,13
51,6,13
61,0,13
73,0,13
65,0,13
45,0,13
57,2,13
79,4,13
75,4,13
79,0,13
59,2,13
71,0,13
73,2,13
45,2,13
69,2,13
113,4,13
81,0,13
91,2,13
77,2,13
35,4,13
27,4,13
41,2,13
31,0,13
65,2,13
59,0,13
45,2,13
57,4,13
51,4,13
65,0,13
89,4,13
57,2,13
63,2,13
103,4,13
53,2,13
63,2,13
51,4,13
57,4,13
55,4,13
57,0,13
95,2,13
95,2,13
37,4,13
19,2,13
33,4,13
101,0,13
83,0,13
79,2,13
29,2,13
37,0,13
25,2,13
55,4,13
59,2,13
61,2,13
55,0,13
87,4,13
49,2,13
65,0,13
89,0,13
37,4,13
69,2,13
101,2,13
95,2,13
65,2,13
67,4,13
93,0,13
113,2,13
79,2,13
71,4,13
65,0,13
47,0,13
39,2,13
41,4,13
45,0,13
67,2,13
99,2,13
71,2,13
67,2,13
43,4,13
95,2,13
91,0,13
91,0,13
53,6,13
91,2,13
81,4,13
65,4,13
119,2,13
45,4,13
99,0,13
65,2,13
69,2,13
61,0,13
91,4,13
31,2,13
125,0,13
63,2,13
27,4,13
55,4,13
39,6,13
75,0,13
69,0,13
57,2,13
105,2,13
47,2,13
75,2,13
85,0,13
83,2,13
109,0,13
115,2,13
63,0,13
65,4,13
61,2,13
71,2,13
53,0,13
39,2,13
63,0,13
51,2,13
61,0,13
55,4,13
67,4,13
113,0,13
77,0,13
81,0,13
71,2,13
91,0,13
121,4,13
55,0,13
37,0,13
57,0,13
81,2,13
87,0,13
75,2,13
47,4,13
47,4,13
95,2,13
49,2,13
71,0,13
59,2,13
97,2,13
73,2,13
73,2,13
93,2,13
49,2,13
73,0,13
63,6,13
35,4,13
49,0,13
29,2,13
55,2,13
63,0,13
57,2,13
59,2,13
77,2,13
19,2,13
29,0,13
99,0,13
73,2,13
95,0,13
77,0,13
45,4,13
49,0,13
59,2,13
37,2,13
83,0,13
35,2,13
63,2,13
57,2,13
45,4,13
55,4,13
81,6,13
59,2,13
83,0,13
95,4,13
73,0,13
115,2,13
93,0,13
79,4,13
41,0,13
87,0,13
83,4,13
75,2,13
87,2,13
87,0,13
129,0,13
49,4,13
53,4,13
83,0,13
67,2,13
63,0,13
81,0,13
51,2,13
87,0,13
71,2,13
77,0,13
59,2,13
49,2,13
27,2,13
67,2,13
103,2,13
71,2,13
73,0,13
89,2,13
99,2,13
115,0,13
41,0,13
97,2,13
67,2,13
69,4,13
59,2,13
15,2,13
63,2,13
63,4,13
45,2,13
85,4,13
83,4,13
41,2,13
85,2,13
77,2,13
57,2,13
67,0,13
33,6,13
45,4,13
63,0,13
39,4,13
49,6,13
59,2,13
51,6,13
13,8,13
21,6,13
51,4,13
35,2,13
27,4,13
81,2,13
109,2,13
111,6,13
35,4,13
27,0,13
25,2,13
103,0,13
27,0,13
77,6,13
111,2,13
51,4,13
73,2,13
23,6,13
49,4,13
53,2,13
73,0,13
93,2,13
93,6,13
113,4,13
73,0,13
33,0,13
75,0,13
35,4,13
91,0,13
85,2,13
87,0,13
39,6,13
41,4,13
27,4,13
57,6,13
111,6,13
51,6,13
39,6,13
27,6,13
47,4,13
91,2,13
39,0,13
49,2,13
73,4,13
59,0,13
35,6,13
43,2,13
35,0,13
47,4,13
63,2,13
65,2,13
85,4,13
55,6,13
67,4,13
71,0,13
85,0,13
55,0,13
51,2,13
87,0,13
65,0,13
59,2,13
101,2,13
45,2,13
103,2,13
31,2,13
33,0,13
41,2,13
73,2,13
23,4,13
101,0,13
97,2,13
53,0,13
103,2,13
105,2,13
67,0,13
81,4,13
73,0,13
75,2,13
59,2,13
71,2,13
57,2,13
81,4,13
55,2,13
87,0,13
135,2,13
47,2,13
77,2,13
77,2,13
51,0,13
21,4,13
49,2,13
115,2,13
65,0,13
33,4,13
73,2,13
97,0,13
99,2,13
77,0,13
101,2,13
87,0,13
77,2,13
97,2,13
49,2,13
57,6,13
65,0,13
43,0,13
79,4,13
91,4,13
55,0,13
107,0,13
79,2,13
53,0,13
141,2,13
103,2,13
67,2,13
119,2,13
71,2,13
93,2,13
53,0,13
47,2,13
53,2,13
99,0,13
33,4,13
119,2,13
95,0,13
85,2,13
41,2,13
125,2,13
99,0,13
67,4,13
39,4,13
87,4,13
117,0,13
119,0,13
39,2,13
47,6,13
61,0,13
35,4,13
45,2,13
111,2,13
33,2,13
121,0,13
127,0,13
71,6,13
53,4,13
105,0,13
71,4,13
97,2,13
87,0,13
87,2,13
43,4,13
53,2,13
93,0,13
89,2,13
91,0,13
45,2,13
87,0,13
69,8,13
53,6,13
83,4,13
103,0,13
27,4,13
97,2,13
57,0,13
75,4,13
93,4,13
101,2,13
67,2,13
133,0,13
47,6,13
79,2,13
97,2,13
67,2,13
23,6,13
81,6,13
115,6,13
95,2,13
103,0,13
101,0,13
81,4,13
73,2,13
21,6,13
107,2,13
39,2,13
59,6,13
43,0,13
59,2,13
83,2,13
37,6,13
71,0,13
39,4,13
81,4,13
97,0,13
47,4,13
23,2,13
55,4,13
91,2,13
87,2,13
79,0,13
75,2,13
45,2,13
73,0,13
91,6,13
71,2,13
53,4,13
91,2,13
45,4,13
63,4,13
89,2,13
81,2,13
91,2,13
81,0,13
89,0,13
113,0,13
73,4,13
81,2,13
71,4,13
85,2,13
43,6,13
23,2,13
41,4,13
109,0,13
15,10,13
23,6,13
17,8,13
103,0,13
111,0,13
107,4,13
65,4,13
45,2,13
105,2,13
57,4,13
55,6,13
61,8,13
53,2,13
39,6,13
61,6,13
55,4,13
29,8,13
15,2,13
13,10,13
11,10,13
27,4,13
27,4,13
29,2,13
37,4,13
19,2,13
29,4,13
35,4,13
25,0,13
35,0,13
51,4,13
27,2,13
73,0,13
41,2,13
53,2,13
49,2,13
33,4,13
19,2,13
15,4,13
31,4,13
29,2,13
41,2,13
27,4,13
29,4,13
17,0,13
31,6,13
31,2,13
25,2,13
45,2,13
29,0,13
23,2,13
23,0,13
37,2,13
27,4,13
27,6,13
49,2,13
57,4,13
25,2,13
55,2,13
37,6,13
41,2,13
41,2,13
41,2,13
25,6,13
33,2,13
25,2,13
45,4,13
37,6,13
35,0,13
55,2,13
33,0,13
27,4,13
25,4,13
35,4,13
45,2,13
35,2,13
21,2,13
25,2,13
17,2,13
29,2,13
31,6,13
37,2,13
29,6,13
31,4,13
39,2,13
41,2,13
21,0,13
31,4,13
41,4,13
37,6,13
27,0,13
33,6,13
21,0,13
45,2,13
37,2,13
35,0,13
39,2,13
17,0,13
45,2,13
17,2,13
15,2,13
17,0,13
25,4,13
29,0,13
29,6,13
29,4,13
19,2,13
17,2,13
25,0,13
41,2,13
27,8,13
11,0,13
21,4,13
53,2,13
45,2,13
23,2,13
19,2,13
17,2,13
19,0,13
51,2,13
41,2,13
47,2,13
35,4,13
41,2,13
49,2,13
49,4,13
27,2,13
19,0,13
19,2,13
33,6,13
11,4,13
19,2,13
33,2,13
45,4,13
47,2,13
25,6,13
95,2,14
99,4,14
137,0,14
133,2,14
99,2,14
67,2,14
81,0,14
95,4,14
97,2,14
135,0,14
65,0,14
107,2,14
81,6,14
105,2,14
53,6,14
67,4,14
123,2,14
101,0,14
87,4,14
93,2,14
75,4,14
147,0,14
127,2,14
65,2,14
91,2,14
123,2,14
85,4,14
161,4,14
79,0,14
75,4,14
89,6,14
63,2,14
75,4,14
81,0,14
159,0,14
139,2,14
69,0,14
117,2,14
71,4,14
95,2,14
51,2,14
73,2,14
95,2,14
131,0,14
79,2,14
123,0,14
189,2,14
99,2,14
185,2,14
147,2,14
81,6,14
85,4,14
73,0,14
53,2,14
165,2,14
151,2,14
147,4,14
145,0,14
89,0,14
155,0,14
95,2,14
157,0,14
133,2,14
117,2,14
105,4,14
83,2,14
115,4,14
85,6,14
141,0,14
119,0,14
163,4,14
127,2,14
115,2,14
95,2,14
99,4,14
125,0,14
115,2,14
131,0,14
145,2,14
91,4,14
157,2,14
77,2,14
57,4,14
117,4,14
99,0,14
93,2,14
117,2,14
139,0,14
175,2,14
73,6,14
87,0,14
125,0,14
99,2,14
79,2,14
75,4,14
133,2,14
99,6,14
121,2,14
113,0,14
103,4,14
113,2,14
131,2,14
85,2,14
99,2,14
167,0,14
81,4,14
75,2,14
107,6,14
85,6,14
117,0,14
25,6,14
119,2,14
91,2,14
95,0,14
87,4,14
143,2,14
107,0,14
55,4,14
107,2,14
95,4,14
153,2,14
141,2,14
161,2,14
75,4,14
155,2,14
161,2,14
97,2,14
75,4,14
155,2,14
31,6,14
139,2,14
51,0,14
31,6,14
45,4,14
91,2,14
83,2,14
103,4,14
105,0,14
101,6,14
53,2,14
133,0,14
77,6,14
123,2,14
111,2,14
99,2,14
119,0,14
81,2,14
89,0,14
125,2,14
127,0,14
79,0,14
69,4,14
123,2,14
69,2,14
135,0,14
161,6,14
127,6,14
137,2,14
101,2,14
47,2,14
131,2,14
175,0,14
111,4,14
109,0,14
139,0,14
165,0,14
87,4,14
93,2,14
153,2,14
111,2,14
71,4,14
137,4,14
137,4,14
57,2,14
149,6,14
89,0,14
109,4,14
51,2,14
121,4,14
51,8,14
87,6,14
37,2,14
111,0,14
83,0,14
103,2,14
47,2,14
145,4,14
93,2,14
107,2,14
73,4,14
111,2,14
159,2,14
171,0,14
103,6,14
121,2,14
81,4,14
115,2,14
125,2,14
139,0,14
93,0,14
103,2,14
189,2,14
129,2,14
129,2,14
123,0,14
115,2,14
55,8,14
105,2,14
161,2,14
147,4,14
145,4,14
151,2,14
149,2,14
137,2,14
61,4,14
101,0,14
141,0,14
83,2,14
93,4,14
181,2,14
171,2,14
39,6,14
37,2,14
55,0,14
71,2,14
47,6,14
43,8,14
23,0,14
81,4,14
35,6,14
109,2,14
75,2,14
71,0,14
105,4,14
127,8,14
77,2,14
55,4,14
99,4,14
75,4,14
117,2,14
21,6,14
181,2,14
185,2,14
91,0,14
161,0,14
83,4,14
177,0,14
145,4,14
171,0,14
87,2,14
69,4,14
121,0,14
203,0,14
125,0,14
139,2,14
89,2,14
107,8,14
213,2,14
113,4,14
87,0,14
61,0,14
111,6,14
129,6,14
61,4,14
139,2,14
119,0,14
159,2,14
123,0,14
97,2,14
125,2,14
155,2,14
87,4,14
101,6,14
69,8,14
91,4,14
79,0,14
163,0,14
123,4,14
101,2,14
93,4,14
117,2,14
39,4,14
35,2,14
203,0,14
171,0,14
75,2,14
69,2,14
181,2,14
105,4,14
121,2,14
111,4,14
115,2,14
95,0,14
133,0,14
135,0,14
103,2,14
121,2,14
69,2,14
53,0,14
123,0,14
79,2,14
85,2,14
59,2,14
83,4,14
105,2,14
49,8,14
117,2,14
95,8,14
153,2,14
117,2,14
71,4,14
97,0,14
117,2,14
71,2,14
109,0,14
115,2,14
93,4,14
121,0,14
87,2,14
73,0,14
95,0,14
63,2,14
77,0,14
47,2,14
65,2,14
97,6,14
93,0,14
151,4,14
99,0,14
89,4,14
97,0,14
105,0,14
73,0,14
31,0,14
11,4,14
103,2,14
31,4,14
101,0,14
27,2,14
19,4,14
41,4,14
55,4,14
63,2,14
57,4,14
41,0,14
49,2,14
69,2,14
53,2,14
67,0,14
63,2,14
47,2,14
57,4,14
69,2,14
69,2,14
65,2,14
47,0,14
57,4,14
35,0,14
63,2,14
49,4,14
77,4,14
61,4,14
19,0,14
51,2,14
73,2,14
59,0,14
93,0,14
41,2,14
43,0,14
59,2,14
51,2,14
31,0,14
43,2,14
37,4,14
29,2,14
35,0,14
65,4,14
25,2,14
45,0,14
73,2,14
27,0,14
57,6,14
35,2,14
25,8,14
59,2,14
43,0,14
65,2,14
35,2,14
43,0,14
71,0,14
33,2,14
45,4,14
27,6,14
55,6,14
21,0,14
39,2,14
27,4,14
47,2,14
21,2,14
15,6,14
21,0,14
59,4,14
51,2,14
63,0,14
55,2,14
39,2,14
49,0,14
23,8,14
45,2,14
45,2,14
59,0,14
57,2,14
41,0,14
45,4,14
45,2,14
29,2,14
63,0,14
61,0,14
57,4,14
41,6,14
63,0,14
45,2,14
35,0,14
53,0,14
49,0,14
79,0,14
39,8,14
43,4,14
43,2,14
57,4,14
39,0,14
65,2,14
49,0,14
75,2,14
65,2,14
53,0,14
61,8,14
53,4,14
45,2,14
31,4,14
57,2,14
69,4,14
27,2,14
43,4,14
69,0,14
43,4,14
81,2,14
55,0,14
31,2,14
43,4,14
49,2,14
65,2,14
57,4,14
37,0,14
103,2,14
69,2,14
77,4,14
57,6,14
47,6,14
63,4,14
43,0,14
69,2,14
43,0,14
41,2,14
41,4,14
23,2,14
23,6,14
41,0,14
35,4,14
53,0,14
45,4,14
63,4,14
45,4,14
51,2,14
27,2,14
21,2,14
59,2,14
57,2,14
19,0,14
35,2,14
51,2,14
15,0,14
41,0,14
39,4,14
41,8,14
19,2,14
69,6,14
43,6,14
33,0,14
27,2,14
73,2,14
45,4,14
25,6,14
33,0,14
55,2,14
57,4,14
27,4,14
71,0,14
35,4,14
35,2,14
45,2,14
45,2,14
31,6,14
61,2,14
47,0,14
47,0,14
89,2,14
27,4,14
29,2,14
49,4,14
85,4,14
29,2,14
81,2,14
65,2,14
53,0,14
75,0,14
37,0,14
37,2,14
43,2,14
47,0,14
41,0,14
73,0,14
21,0,14
39,4,14
33,4,14
53,2,14
71,2,14
59,2,14
29,2,14
29,4,14
17,4,14
37,0,14
43,2,14
37,4,14
71,2,14
53,2,14
75,0,14
47,2,14
37,4,14
35,6,14
93,2,14
15,0,14
53,4,14
27,0,14
25,8,14
45,0,14
31,2,14
23,6,14
39,0,14
15,6,14
59,6,14
49,4,14
41,2,14
71,4,14
39,2,14
43,2,14
33,2,14
53,2,14
65,4,14
59,2,14
41,2,14
45,2,14
27,4,14
59,0,14
31,2,14
63,4,14
29,0,14
67,2,14
75,4,14
75,4,14
19,2,14
55,4,14
59,2,14
31,2,14
33,2,14
23,2,14
23,2,14
53,4,14
23,4,14
39,2,14
45,4,14
13,0,14
23,0,14
23,0,14
65,0,14
43,2,14
53,0,14
61,0,14
47,2,14
15,0,14
17,4,14
51,2,14
47,6,14
101,0,14
59,4,14
53,0,14
51,0,14
87,2,14
85,2,14
47,2,14
79,2,14
39,0,14
45,4,14
31,2,14
41,2,14
83,0,14
45,4,14
21,2,14
71,0,14
23,2,14
23,0,14
45,4,14
41,0,14
71,0,14
55,0,14
49,4,14
61,0,14
23,2,14
41,0,14
19,6,14
63,4,14
45,4,14
25,0,14
59,4,14
35,2,14
31,2,14
57,4,14
35,6,14
27,4,14
53,2,14
41,4,14
71,2,14
31,4,14
47,0,14
43,2,14
45,4,14
51,0,14
49,2,14
47,0,14
75,4,14
41,4,14
51,2,14
83,2,14
41,4,14
25,0,14
45,2,14
49,4,14
87,2,14
47,2,14
83,2,14
37,2,14
57,2,14
47,0,14
27,0,14
27,4,14
27,2,14
59,4,14
67,2,14
23,0,14
59,2,14
57,4,14
21,6,14
33,2,14
63,2,14
67,2,14
31,4,14
69,0,14
71,2,14
57,2,14
43,4,14
53,0,14
31,6,14
41,4,14
45,0,14
23,6,14
31,8,14
47,0,14
27,8,14
25,4,14
47,4,14
33,6,14
51,0,14
29,8,14
51,4,14
63,0,14
13,6,14
65,2,14
41,6,14
39,4,14
53,2,14
43,2,14
23,0,14
33,2,14
33,0,14
53,2,14
73,2,14
37,6,14
27,0,14
27,6,14
89,4,14
167,0,15
213,0,15
117,2,15
71,4,15
151,0,15
105,0,15
167,2,15
157,4,15
93,4,15
97,2,15
147,4,15
153,2,15
115,6,15
139,2,15
111,2,15
191,2,15
189,4,15
189,4,15
199,0,15
53,6,15
201,2,15
167,2,15
149,0,15
155,2,15
225,2,15
213,4,15
81,6,15
211,2,15
197,8,15
215,4,15
237,2,15
151,4,15
95,6,15
173,2,15
203,2,15
237,0,15
83,6,15
87,2,15
123,0,15
171,0,15
245,4,15
109,0,15
79,6,15
193,2,15
215,0,15
63,4,15
127,2,15
53,2,15
191,0,15
175,2,15
135,2,15
53,6,15
155,4,15
121,2,15
99,4,15
199,2,15
87,4,15
111,2,15
147,4,15
259,4,15
193,2,15
221,4,15
177,0,15
125,4,15
147,0,15
185,2,15
173,2,15
211,2,15
157,0,15
247,0,15
125,2,15
187,2,15
129,4,15
237,2,15
249,0,15
127,2,15
197,6,15
87,2,15
171,2,15
161,2,15
111,6,15
149,0,15
111,4,15
103,4,15
193,0,15
121,2,15
153,2,15
149,2,15
155,0,15
163,2,15
199,0,15
147,6,15
137,4,15
101,4,15
27,2,15
227,0,15
161,4,15
189,2,15
263,0,15
167,2,15
143,0,15
165,0,15
163,2,15
195,0,15
219,2,15
45,6,15
179,0,15
69,10,15
69,10,15
141,2,15
219,0,15
123,2,15
71,6,15
143,2,15
213,4,15
225,0,15
179,0,15
183,2,15
171,2,15
67,2,15
145,2,15
235,4,15
131,0,15
181,4,15
123,2,15
171,2,15
169,4,15
129,4,15
119,6,15
101,2,15
167,2,15
129,2,15
185,2,15
157,2,15
199,2,15
151,0,15
173,2,15
241,2,15
187,4,15
99,2,15
117,4,15
99,0,15
265,2,15
45,4,15
119,0,15
137,2,15
61,4,15
179,2,15
67,4,15
183,2,15
139,2,15
187,0,15
217,4,15
101,4,15
151,4,15
197,0,15
225,2,15
73,6,15
209,2,15
195,0,15
115,2,15
175,2,15
149,4,15
215,4,15
103,6,15
109,0,15
109,2,15
241,0,15
99,6,15
93,2,15
47,4,15
137,2,15
55,2,15
133,2,15
129,4,15
131,0,15
129,2,15
161,2,15
157,2,15
155,0,15
91,2,15
187,2,15
87,0,15
189,2,15
171,4,15
181,2,15
133,6,15
95,6,15
151,2,15
125,4,15
225,2,15
177,0,15
69,0,15
145,4,15
195,4,15
187,0,15
157,2,15
145,2,15
189,2,15
209,2,15
155,2,15
137,6,15
197,4,15
135,0,15
245,2,15
255,2,15
183,0,15
285,2,15
211,2,15
131,0,15
131,6,15
159,2,15
133,4,15
47,0,15
105,4,15
213,0,15
201,4,15
165,4,15
115,2,15
91,4,15
125,6,15
109,2,15
209,4,15
151,0,15
137,2,15
183,2,15
263,6,15
101,2,15
175,2,15
189,2,15
187,4,15
209,2,15
171,2,15
125,6,15
133,4,15
225,4,15
255,0,15
217,2,15
87,4,15
125,4,15
67,6,15
105,6,15
185,2,15
221,2,15
109,2,15
175,4,15
113,2,15
85,4,15
91,4,15
163,0,15
163,2,15
213,6,15
153,4,15
107,4,15
205,8,15
155,2,15
135,0,15
83,6,15
57,6,15
79,4,15
131,2,15
45,2,15
171,2,15
149,2,15
189,2,15
153,2,15
169,4,15
125,2,15
173,0,15
125,2,15
111,2,15
99,2,15
241,2,15
141,0,15
131,2,15
85,6,15
107,4,15
311,2,15
161,0,15
179,0,15
189,0,15
135,0,15
191,2,15
143,2,15
189,2,15
231,0,15
281,0,15
305,2,15
285,2,15
165,0,15
217,2,15
149,2,15
187,4,15
239,2,15
199,0,15
207,0,15
209,2,15
261,2,15
231,0,15
155,4,15
195,2,15
153,4,15
291,0,15
61,2,15
73,6,15
169,2,15
31,6,15
87,2,15
137,4,15
143,4,15
201,2,15
199,2,15
109,0,15
141,2,15
211,2,15
171,0,15
159,0,15
239,0,15
203,2,15
241,4,15
235,2,15
165,4,15
137,4,15
131,0,15
139,4,15
117,0,15
91,2,15
103,2,15
167,4,15
139,2,15
211,2,15
139,2,15
133,4,15
205,2,15
219,2,15
243,2,15
245,6,15
181,2,15
145,2,15
205,4,15
123,0,15
125,2,15
211,0,15
129,0,15
223,2,15
183,4,15
243,2,15
221,0,15
133,2,15
111,2,15
163,2,15
91,2,15
165,0,15
147,0,15
87,2,15
97,2,15
95,2,15
209,2,15
203,4,15
199,4,15
147,2,15
143,0,15
161,0,15
107,0,15
213,6,15
107,0,15
113,0,15
129,4,15
173,2,15
109,6,15
173,2,15
133,2,15
53,4,15
185,2,15
109,10,15
189,4,15
229,0,15
233,2,15
129,2,15
229,2,15
237,0,15
91,8,15
101,2,15
133,2,15
125,2,15
91,6,15
123,4,15
245,2,15
101,0,15
367,2,15
209,2,15
183,2,15
191,2,15
183,0,15
299,0,15
107,4,15
169,2,15
139,6,15
237,0,15
81,2,15
143,2,15
241,0,15
219,2,15
283,2,15
117,0,15
181,2,15
197,0,15
177,4,15
183,2,15
233,4,15
231,0,15
141,0,15
257,2,15
297,2,15
91,6,15
169,2,15
89,6,15
243,0,15
163,4,15
101,0,15
373,0,15
131,0,15
157,2,15
135,0,15
147,4,15
235,0,15
227,2,15
171,0,15
261,2,15
237,0,15
101,4,15
125,2,15
105,6,15
73,4,15
169,4,15
203,4,15
111,4,15
285,0,15
231,0,15
209,0,15
59,0,15
95,2,15
77,8,15
205,0,15
137,6,15
147,4,15
161,0,15
177,0,15
249,2,15
231,4,15
97,2,15
163,2,15
123,0,15
233,4,15
85,0,15
95,0,15
149,6,15
87,4,15
167,4,15
217,2,15
271,2,15
231,0,15
149,2,15
161,0,15
87,4,15
91,2,15
237,2,15
221,4,15
207,2,15
171,0,15
145,0,15
53,4,15
237,4,15
205,6,15
341,0,15
111,4,15
113,2,15
167,6,15
119,6,15
251,0,15
77,2,15
117,2,15
135,2,15
157,0,15
67,4,15
81,0,15
113,2,15
145,4,15
143,0,15
81,0,15
249,2,15
9,14,15
75,0,15
109,2,15
103,0,15
91,0,15
87,0,15
75,0,15
59,0,15
69,2,15
79,4,15
79,4,15
109,2,15
85,0,15
49,6,15
79,0,15
31,6,15
71,0,15
57,2,15
45,0,15
53,0,15
39,2,15
15,6,15
57,4,15
87,0,15
99,4,15
61,2,15
89,0,15
67,0,15
47,4,15
103,0,15
37,2,15
57,2,15
59,4,15
89,2,15
69,2,15
61,4,15
61,4,15
127,0,15
55,4,15
45,2,15
65,0,15
63,2,15
93,2,15
53,6,15
49,4,15
53,2,15
41,2,15
39,2,15
35,2,15
115,0,15
53,0,15
29,2,15
25,2,15
17,2,15
75,2,15
77,0,15
69,2,15
77,2,15
71,2,15
49,2,15
89,2,15
57,6,15
17,2,15
41,0,15
65,4,15
85,4,15
65,4,15
101,4,15
117,0,15
71,0,15
87,0,15
33,2,15
25,0,15
67,4,15
105,4,15
61,2,15
59,0,15
73,2,15
47,0,15
49,4,15
39,6,15
57,0,15
53,0,15
67,6,15
59,2,15
137,4,15
105,4,15
87,2,15
55,6,15
79,2,15
41,2,15
77,0,15
101,2,15
63,2,15
81,6,15
125,0,15
123,4,15
67,0,15
25,0,15
45,2,15
133,0,15
83,2,15
147,2,15
123,6,15
137,2,15
91,4,15
69,4,15
57,6,15
95,4,15
59,2,15
43,4,15
55,0,15
71,0,15
33,2,15
105,2,15
53,4,15
63,2,15
79,2,15
93,4,15
65,2,15
61,6,15
73,4,15
49,4,15
63,6,15
69,2,15
107,0,15
81,2,15
49,2,15
107,0,15
103,2,15
61,2,15
101,2,15
37,2,15
63,0,15
31,0,15
37,2,15
37,2,15
77,2,15
45,0,15
107,2,15
47,2,15
71,2,15
95,2,15
75,4,15
41,2,15
87,0,15
97,0,15
99,2,15
61,0,15
35,6,15
69,2,15
33,2,15
31,6,15
53,2,15
97,2,15
43,2,15
37,2,15
29,4,15
59,4,15
59,4,15
125,2,15
129,4,15
65,8,15
113,2,15
83,6,15
41,2,15
85,4,15
99,0,15
49,4,15
73,0,15
77,4,15
25,0,15
39,2,15
49,6,15
31,4,15
41,4,15
45,0,15
27,0,15
39,0,15
45,0,15
53,2,15
45,2,15
101,2,15
17,2,15
71,2,15
27,6,15
61,6,15
45,6,15
57,0,15
43,2,15
139,2,15
79,0,15
29,8,15
119,4,15
59,0,15
33,4,15
107,2,15
65,2,15
69,2,15
53,2,15
39,6,15
119,2,15
95,2,15
103,0,15
59,0,15
89,2,15
31,2,15
83,4,15
67,2,15
37,2,15
77,2,15
27,2,15
79,2,15
39,2,15
77,0,15
51,2,15
29,0,15
17,6,15
111,0,15
57,2,15
73,4,15
75,2,15
31,0,15
117,0,15
67,0,15
19,2,15
57,2,15
111,2,15
57,2,15
49,4,15
61,2,15
63,0,15
55,6,15
63,6,15
107,0,15
45,2,15
75,0,15
73,0,15
59,0,15
77,0,15
79,2,15
47,2,15
105,2,15
51,4,15
77,2,15
91,0,15
87,2,15
81,2,15
49,0,15
95,4,15
43,0,15
43,6,15
95,4,15
65,2,15
53,0,15
85,2,15
33,0,15
117,4,15
55,6,15
177,4,16
209,0,16
139,2,16
115,2,16
197,4,16
199,2,16
151,4,16
231,2,16
249,2,16
301,2,16
101,6,16
201,2,16
241,2,16
151,2,16
205,4,16
71,0,16
219,2,16
205,2,16
235,6,16
271,2,16
341,4,16
207,2,16
73,0,16
201,4,16
175,2,16
239,2,16
233,2,16
251,6,16
259,0,16
301,2,16
285,8,16
327,2,16
191,6,16
223,0,16
267,2,16
99,2,16
193,0,16
251,4,16
359,2,16
317,0,16
207,0,16
215,0,16
145,0,16
161,4,16
377,0,16
321,2,16
207,2,16
173,0,16
327,0,16
283,0,16
345,2,16
303,2,16
103,10,16
245,2,16
205,2,16
203,2,16
225,4,16
239,4,16
303,0,16
153,2,16
129,2,16
127,2,16
235,4,16
295,2,16
331,2,16
191,2,16
241,2,16
115,6,16
263,4,16
243,0,16
225,2,16
133,6,16
259,6,16
331,0,16
279,2,16
171,0,16
181,6,16
167,0,16
237,2,16
295,2,16
175,4,16
137,2,16
281,2,16
265,0,16
127,8,16
175,6,16
215,2,16
269,0,16
295,0,16
221,2,16
261,6,16
193,4,16
173,0,16
167,4,16
187,6,16
217,2,16
295,0,16
89,2,16
167,2,16
169,2,16
257,4,16
309,2,16
229,0,16
233,2,16
387,2,16
117,4,16
343,0,16
271,4,16
155,2,16
301,6,16
235,0,16
281,2,16
213,2,16
157,4,16
197,2,16
335,2,16
269,0,16
339,2,16
295,0,16
259,0,16
165,2,16
213,4,16
191,2,16
183,2,16
243,2,16
127,6,16
169,4,16
235,4,16
267,0,16
323,2,16
161,4,16
183,0,16
181,0,16
293,2,16
259,2,16
199,2,16
193,0,16
275,0,16
265,0,16
113,2,16
303,0,16
133,2,16
313,0,16
363,4,16
355,4,16
309,0,16
233,4,16
175,2,16
209,4,16
247,2,16
163,4,16
115,4,16
109,0,16
221,2,16
153,8,16
279,2,16
419,2,16
277,0,16
363,2,16
183,4,16
233,0,16
93,2,16
177,2,16
201,0,16
319,4,16
381,2,16
155,6,16
255,0,16
95,6,16
183,4,16
323,0,16
341,0,16
311,2,16
267,4,16
275,2,16
473,2,16
183,4,16
229,2,16
247,0,16
381,4,16
349,2,16
187,2,16
211,4,16
191,2,16
265,2,16
321,4,16
223,2,16
309,0,16
271,0,16
145,4,16
327,2,16
129,0,16
213,4,16
357,0,16
285,4,16
103,4,16
289,2,16
235,4,16
193,2,16
187,6,16
321,4,16
259,6,16
257,2,16
217,6,16
219,0,16
239,2,16
117,6,16
285,2,16
207,2,16
217,2,16
271,2,16
173,0,16
223,0,16
291,6,16
175,0,16
351,0,16
231,2,16
223,0,16
133,4,16
269,4,16
199,4,16
81,4,16
333,0,16
61,6,16
209,2,16
263,6,16
333,2,16
323,4,16
207,4,16
281,0,16
133,2,16
303,2,16
361,2,16
323,2,16
323,2,16
363,0,16
111,4,16
323,0,16
295,0,16
191,0,16
383,2,16
323,2,16
201,0,16
233,4,16
223,2,16
167,4,16
245,2,16
261,2,16
305,2,16
213,4,16
323,0,16
223,2,16
193,2,16
429,2,16
343,4,16
333,0,16
167,4,16
389,2,16
173,4,16
219,0,16
425,2,16
263,4,16
181,2,16
215,0,16
191,6,16
177,2,16
43,4,16
239,4,16
229,4,16
143,6,16
135,4,16
251,0,16
315,2,16
219,0,16
249,4,16
183,2,16
175,4,16
517,2,16
377,0,16
215,2,16
273,2,16
281,2,16
339,0,16
235,2,16
335,2,16
107,6,16
269,4,16
267,4,16
21,8,16
69,4,16
393,2,16
79,4,16
145,4,16
87,4,16
45,2,16
231,2,16
211,2,16
263,2,16
183,8,16
289,2,16
255,2,16
317,0,16
139,2,16
189,4,16
231,10,16
189,4,16
327,2,16
235,2,16
207,6,16
43,2,16
255,0,16
263,6,16
177,4,16
215,2,16
273,2,16
259,4,16
181,8,16
117,6,16
483,0,16
87,0,16
301,0,16
339,2,16
203,4,16
285,4,16
75,4,16
77,8,16
321,0,16
307,0,16
245,2,16
335,4,16
545,4,16
183,4,16
201,6,16
223,2,16
311,2,16
283,2,16
257,0,16
283,2,16
367,0,16
155,2,16
35,6,16
189,6,16
377,4,16
263,4,16
411,2,16
423,0,16
333,4,16
207,2,16
183,2,16
229,0,16
177,6,16
497,0,16
243,2,16
363,2,16
131,4,16
315,0,16
363,4,16
423,0,16
305,2,16
311,2,16
237,6,16
299,2,16
151,4,16
71,4,16
217,2,16
117,4,16
217,2,16
127,2,16
351,2,16
217,0,16
287,6,16
231,2,16
213,6,16
371,2,16
245,4,16
383,4,16
369,2,16
297,2,16
193,2,16
121,0,16
119,4,16
179,0,16
167,4,16
309,0,16
393,4,16
281,6,16
207,0,16
205,4,16
389,2,16
323,0,16
385,2,16
305,2,16
415,4,16
177,8,16
315,4,16
139,2,16
215,0,16
63,2,16
45,8,16
71,8,16
109,2,16
157,2,16
377,2,16
211,4,16
179,4,16
115,4,16
195,4,16
315,4,16
69,2,16
219,4,16
51,6,16
139,4,16
143,0,16
179,2,16
217,0,16
243,0,16
155,4,16
257,0,16
61,0,16
357,4,16
195,6,16
269,4,16
79,6,16
247,0,16
157,2,16
335,2,16
113,2,16
369,2,16
195,0,16
177,2,16
187,0,16
169,0,16
81,0,16
63,0,16
35,0,16
195,4,16
91,4,16
85,6,16
131,0,16
39,2,16
123,0,16
57,0,16
75,4,16
113,0,16
75,2,16
67,0,16
93,0,16
145,2,16
47,2,16
91,2,16
83,6,16
89,4,16
91,2,16
67,2,16
107,0,16
203,2,16
155,2,16
99,2,16
57,4,16
129,0,16
67,4,16
175,0,16
71,4,16
63,6,16
143,2,16
93,0,16
75,2,16
63,4,16
67,4,16
43,0,16
75,4,16
37,8,16
67,4,16
107,2,16
79,2,16
143,2,16
77,10,16
91,6,16
151,4,16
123,2,16
131,2,16
97,6,16
69,2,16
79,2,16
123,4,16
61,2,16
79,0,16
131,0,16
127,6,16
99,0,16
127,4,16
71,6,16
105,4,16
61,2,16
167,4,16
75,0,16
131,2,16
81,0,16
77,2,16
89,2,16
115,2,16
87,2,16
115,2,16
51,2,16
47,0,16
107,2,16
207,4,16
89,0,16
193,2,16
177,4,16
95,0,16
81,2,16
69,4,16
101,4,16
159,0,16
99,0,16
55,4,16
87,2,16
113,4,16
191,2,16
143,6,16
49,4,16
83,2,16
95,6,16
125,2,16
99,2,16
47,2,16
63,0,16
73,4,16
81,6,16
69,6,16
79,0,16
155,0,16
39,2,16
87,6,16
49,0,16
159,0,16
125,0,16
93,2,16
53,2,16
55,4,16
53,2,16
177,4,16
69,8,16
95,4,16
87,4,16
227,6,16
85,0,16
73,4,16
87,0,16
95,2,16
45,6,16
71,4,16
143,4,16
41,2,16
59,4,16
69,2,16
81,2,16
175,0,16
97,0,16
67,4,16
139,4,16
197,4,16
109,6,16
89,4,16
91,4,16
135,2,16
47,0,16
135,2,16
87,6,16
99,4,16
85,0,16
89,4,16
143,2,16
105,0,16
225,2,16
103,2,16
43,8,16
43,0,16
37,2,16
99,0,16
85,6,16
89,2,16
89,2,16
99,0,16
67,4,16
63,0,16
107,2,16
103,0,16
103,2,16
117,0,16
79,2,16
87,2,16
113,2,16
93,4,16
79,2,16
203,2,16
43,4,16
115,2,16
55,2,16
179,4,16
25,2,16
45,4,16
37,0,16
75,4,16
101,0,16
75,2,16
83,2,16
87,4,16
143,4,16
87,2,16
95,4,16
57,6,16
81,4,16
111,8,16
37,2,16
67,4,16
81,6,16
93,6,16
79,4,16
77,2,16
61,4,16
125,0,16
33,6,16
97,2,16
77,0,16
61,2,16
47,2,16
21,0,16
19,0,16
81,0,16
53,4,16
67,6,16
85,0,16
157,2,16
67,2,16
95,2,16
81,2,16
87,4,16
49,4,16
61,0,16
75,4,16
73,2,16
89,2,16
219,4,16
163,2,16
59,2,16
47,4,16
111,2,16
53,0,16
117,6,16
197,2,16
107,0,16
37,2,16
119,2,16
163,2,16
75,6,16
67,6,16
53,2,16
39,4,16
125,4,16
117,2,16
105,2,16
125,2,16
53,2,16
145,4,16
67,0,16
157,0,16
93,0,16
151,4,16
145,2,16
137,0,16
77,0,16
61,2,16
103,2,16
95,4,16
87,2,16
31,2,16
55,0,16
129,6,16
47,2,16
113,4,16
89,0,16
101,2,16
133,4,16
119,4,16
61,2,16
51,2,16
77,2,16
127,2,16
65,2,16
99,4,16
101,2,16
59,2,16
125,2,16
69,0,16
83,2,16
63,4,16
69,0,16
113,2,16
127,2,16
129,0,16
65,4,16
85,0,16
193,2,16
109,2,16
129,0,16
201,4,16
21,4,16
179,2,16
135,2,16
75,4,16
43,4,16
63,6,16
85,2,16
87,2,16
143,2,16
51,4,16
113,4,16
33,0,16
117,2,16
171,2,16
155,2,16
79,2,16
57,0,16
145,0,16
149,2,16
131,6,16
49,2,16
81,8,16
73,4,16
47,2,16
55,0,16
73,2,16
65,0,16
81,2,16
153,0,16
39,0,16
45,0,16
65,2,16
93,2,16
49,2,16
115,4,16
41,4,16
89,0,16
71,4,16
81,0,16
31,0,16
45,0,16
107,2,16
73,2,16
139,0,16
107,4,16
31,0,16
35,0,16
47,2,16
113,2,16
51,2,16
215,2,16
65,2,16
21,4,16
35,2,16
37,2,16
153,2,16
143,0,16
43,0,16
113,2,16
115,4,16
79,4,16
83,0,16
83,2,16
131,0,16
57,2,16
43,4,16
65,2,16
135,0,16
131,4,16
129,6,16
127,2,16
67,4,16
77,2,16
65,0,16
31,4,16
63,4,16
77,0,16
61,8,16
105,4,16
95,2,16
101,0,16
29,0,16
143,2,16
47,4,16
61,2,16
73,0,16
69,2,16
69,0,16
137,0,16
81,2,16
79,4,16
175,4,16
