9,1,3
7,1,4
9,2,5
9,1,5
11,1,6
17,2,6
27,2,6
9,3,7
11,1,7
21,2,7
23,1,7
35,2,7
45,2,7
53,2,7
9,1,8
21,3,8
27,1,8
25,2,8
35,3,8
51,2,8
47,3,8
55,2,8
59,3,8
69,3,8
69,2,8
83,2,8
79,2,8
93,2,8
105,2,8
117,3,8
135,3,8
203,3,8
13,3,8
11,2,8
31,2,8
9,4,9
11,1,9
19,3,9
25,2,9
27,1,9
47,3,9
59,2,9
59,2,9
69,3,9
85,2,9
73,3,9
91,2,9
101,2,9
93,2,9
121,2,9
117,3,9
105,3,9
135,2,9
129,2,9
121,3,9
145,2,9
137,3,9
159,2,9
165,3,9
179,2,9
173,3,9
191,3,9
215,3,9
195,3,9
231,3,9
243,3,9
287,3,9
311,3,9
401,3,9
45,1,9
95,3,9
163,2,9
271,2,9
249,2,9
475,3,9
175,2,9
7,2,9
15,3,9
29,2,9
55,2,9
19,1,9
77,3,9
85,2,9
73,2,9
11,1,10
19,4,10
25,1,10
23,2,10
41,4,10
73,3,10
95,2,10
29,3,10
73,4,10
93,2,10
113,2,10
127,3,10
171,2,10
195,3,10
87,3,10
121,2,10
87,4,10
173,2,10
135,3,10
61,2,10
111,3,10
137,3,10
221,3,10
191,2,10
271,3,10
233,3,10
321,3,10
145,2,10
243,3,10
269,2,10
199,2,10
297,3,10
251,2,10
61,2,10
139,2,10
141,2,10
179,2,10
205,2,10
229,3,10
367,3,10
315,3,10
429,3,10
339,3,10
393,3,10
503,3,10
35,4,10
75,4,10
141,4,10
205,3,10
165,3,10
303,3,10
199,3,10
339,2,10
113,3,10
227,2,10
267,3,10
419,3,10
265,2,10
367,3,10
477,3,10
45,3,10
101,4,10
189,2,10
153,4,10
255,3,10
361,3,10
249,2,10
185,2,10
509,3,10
295,3,10
395,3,10
353,3,10
463,3,10
257,2,10
425,3,10
219,3,10
263,3,10
297,3,10
251,4,10
333,3,10
499,3,10
229,4,10
457,3,10
519,3,10
163,4,10
475,3,10
417,3,10
695,3,10
691,3,10
383,3,10
333,4,10
529,3,10
255,3,10
307,4,10
573,3,10
587,3,10
503,2,10
435,3,10
435,4,10
231,4,10
471,2,10
333,3,10
363,3,10
389,4,10
565,3,10
365,4,10
609,3,10
217,3,10
495,4,10
467,3,10
381,3,10
471,4,10
863,3,10
561,3,10
835,3,10
587,4,10
727,3,10
611,4,10
689,3,10
757,2,10
931,3,10
735,3,10
987,4,10
13,4,10
15,3,10
27,3,10
71,3,10
17,3,10
55,2,10
19,2,10
75,2,10
11,2,10
29,2,10
43,3,10
125,2,10
27,2,10
51,2,10
99,3,10
21,4,10
17,2,10
35,3,10
23,3,10
61,3,10
139,2,10
21,2,10
95,2,10
61,2,10
89,3,10
157,3,10
71,3,10
169,3,10
49,4,10
31,3,10
47,3,10
53,3,10
117,3,10
227,3,10
195,3,10
143,3,10
43,3,10
15,3,10
113,2,10
241,3,10
185,2,10
129,2,10
907,3,11
1095,3,11
747,4,11
449,3,11
883,3,11
1025,3,11
449,4,11
711,3,11
151,4,11
619,3,11
667,3,11
579,3,11
135,2,11
1017,4,11
591,4,11
589,3,11
885,3,11
911,3,11
1413,4,11
737,3,11
241,2,11
507,4,11
573,3,11
1457,4,11
1413,4,11
1457,4,11
1161,3,11
785,4,11
667,3,11
1283,3,11
857,3,11
1073,3,11
417,4,11
759,4,11
789,4,11
795,3,11
399,3,11
783,3,11
493,3,11
355,4,11
709,3,11
629,3,11
1051,3,11
789,4,11
389,2,11
333,3,11
789,4,11
713,3,11
639,3,11
321,2,11
757,3,11
1031,3,11
415,4,11
1103,3,11
213,4,11
661,3,11
541,4,11
321,3,11
55,2,11
361,3,11
531,2,11
99,4,11
451,3,11
535,3,11
135,2,11
749,4,11
833,3,11
489,4,11
1119,3,11
1347,3,11
1433,4,11
1289,4,11
1783,4,11
205,4,11
347,3,11
1179,4,11
929,3,11
843,3,11
1133,4,11
1021,4,11
799,4,11
413,4,11
649,4,11
545,3,11
577,3,11
381,4,11
795,3,11
535,4,11
763,3,11
327,3,11
889,3,11
549,4,11
391,3,11
625,3,11
217,2,11
799,3,11
205,3,11
291,2,11
939,4,11
1123,3,11
1643,3,11
545,3,11
305,2,11
873,3,11
655,3,11
433,4,11
615,3,11
479,4,11
733,4,11
477,3,11
493,3,11
873,4,11
595,4,11
1329,3,11
773,3,11
1089,3,11
725,3,11
387,3,11
255,2,11
647,3,11
761,3,11
909,3,11
705,2,11
1417,3,11
1813,4,11
1189,4,11
981,4,11
941,3,11
629,4,11
827,3,11
981,4,11
1039,3,11
279,2,11
823,3,11
1301,3,11
1529,3,11
601,3,11
1475,3,11
511,4,11
153,3,11
499,3,11
123,4,11
413,3,11
273,3,11
317,2,11
829,4,11
1305,4,11
665,2,11
901,3,11
851,3,11
885,4,11
691,3,11
399,3,11
217,2,11
1733,3,11
439,4,11
1031,4,11
729,4,11
681,3,11
1177,4,11
111,3,11
1603,4,11
723,4,11
1649,4,11
317,3,11
149,2,11
663,3,11
869,3,11
767,3,11
2015,4,11
1933,4,11
1129,3,11
1061,3,11
247,4,11
545,4,11
641,4,11
433,4,11
783,3,11
101,4,11
375,4,11
511,3,11
205,4,11
711,3,11
351,4,11
585,3,11
491,3,11
755,3,11
167,3,11
1283,4,11
305,3,11
337,3,11
441,2,11
463,3,11
407,4,11
87,2,11
1235,4,11
1173,3,11
689,3,11
491,3,11
349,2,11
319,2,11
695,3,11
137,4,11
525,3,11
385,3,11
359,3,11
597,3,11
1181,3,11
241,2,11
177,2,11
1407,3,11
1267,3,11
187,2,11
921,4,11
1235,4,11
1135,4,11
983,3,11
371,2,11
361,3,11
295,4,11
533,3,11
229,4,11
421,3,11
93,3,11
221,2,11
1199,3,11
1035,3,11
235,2,11
89,2,11
541,4,11
805,4,11
1779,4,11
39,4,11
249,3,11
539,3,11
453,2,11
177,2,11
2287,4,11
147,4,11
487,3,11
87,3,11
215,2,11
1275,3,11
291,3,11
53,2,11
11,1,11
1429,4,11
631,3,11
333,4,11
1031,4,11
961,4,11
1031,4,11
961,4,11
1127,4,11
899,3,11
467,4,11
235,3,11
267,4,11
217,3,11
847,4,11
575,3,11
331,4,11
983,4,11
579,3,11
2609,4,11
2141,4,11
1031,4,11
1217,4,11
1015,3,11
1707,3,11
1277,3,11
1507,3,11
1645,4,11
985,3,11
1541,3,11
973,4,11
1055,3,11
351,3,11
571,2,11
1363,4,11
801,4,11
1215,3,11
1941,4,11
1471,3,11
1187,4,11
2003,4,11
2579,4,11
1169,4,11
1047,3,11
491,3,11
909,2,11
255,4,11
829,3,11
629,3,11
641,2,11
1809,3,11
955,3,11
437,2,11
1343,4,11
2369,4,11
1425,4,11
1207,3,11
751,3,11
947,4,11
547,4,11
309,3,11
201,4,11
419,3,11
157,3,11
297,2,11
771,3,11
223,2,11
1741,4,11
1449,4,11
783,4,11
833,3,11
1099,3,11
801,3,11
611,2,11
841,3,11
1295,3,11
273,3,11
467,2,11
441,2,11
1655,4,11
2039,3,11
1249,3,11
1121,2,11
331,4,11
739,3,11
2241,4,11
165,2,11
89,4,11
281,3,11
141,3,11
395,2,11
209,4,11
141,3,11
389,3,11
143,2,11
23,2,11
25,1,11
949,3,11
367,2,11
377,4,11
661,3,11
1087,4,11
1331,3,11
1981,4,11
1589,4,11
909,3,11
859,3,11
539,2,11
67,4,11
333,3,11
437,3,11
29,3,11
121,2,11
119,2,11
209,2,11
43,1,11
33,1,11
19,4,11
109,3,11
359,2,11
9,5,11
53,2,11
235,3,11
137,2,11
173,3,11
391,3,11
87,3,11
339,3,11
211,3,11
67,4,11
333,3,11
247,3,11
33,2,11
19,4,11
139,3,11
89,3,11
95,3,11
137,2,11
65,2,11
9,3,11
49,2,11
173,3,11
233,3,11
73,4,11
51,3,11
175,3,11
113,3,11
41,4,11
29,2,11
189,2,11
73,3,11
67,3,11
379,3,11
203,3,11
91,3,11
619,3,11
339,4,11
57,3,11
11,2,11
139,2,11
483,3,11
205,4,11
91,1,11
619,3,11
339,4,11
139,3,11
483,3,11
205,4,11
63,3,11
27,2,11
61,2,11
51,3,11
259,3,11
91,3,11
123,3,11
261,3,11
71,3,11
19,4,11
69,3,11
199,3,11
57,4,11
37,4,11
75,2,11
87,2,11
19,3,11
87,2,11
439,3,11
67,2,11
307,2,11
151,3,11
23,3,11
291,3,11
501,3,11
67,3,11
67,2,11
291,3,11
135,4,11
131,4,11
135,4,11
21,2,11
85,3,11
73,4,11
35,3,11
185,2,11
99,2,11
137,3,11
101,3,11
185,3,11
29,4,11
275,3,11
117,3,11
57,2,11
39,3,11
171,3,11
253,3,11
117,3,11
51,3,11
63,2,11
369,3,11
125,2,11
145,2,11
101,2,11
31,2,11
307,3,11
37,4,11
359,3,11
55,3,11
47,4,11
431,3,11
251,3,11
145,3,11
45,3,11
245,3,11
81,2,11
227,2,11
475,3,11
27,2,11
105,2,11
49,3,11
351,3,11
155,4,11
149,3,11
57,2,11
249,2,11
273,3,11
329,3,11
71,3,11
233,3,11
123,3,11
143,3,11
207,3,11
373,3,11
55,2,11
77,4,11
185,2,11
31,3,11
303,3,11
227,3,11
31,2,11
17,1,11
183,2,11
31,1,11
93,2,11
49,3,11
331,3,11
47,3,11
307,3,11
127,4,11
431,4,11
81,4,11
441,3,11
137,2,11
137,3,11
235,4,11
499,3,11
161,3,11
445,3,11
327,3,11
141,4,11
403,3,11
345,3,11
295,3,11
195,2,11
181,3,11
593,3,11
275,4,11
331,3,11
429,3,11
79,3,11
301,2,11
327,2,11
177,3,11
175,4,11
753,3,11
309,3,11
321,3,11
545,4,11
723,3,11
467,3,11
223,3,11
135,2,11
679,4,11
85,3,11
607,3,11
891,3,11
2121,4,12
1163,4,12
3115,4,12
3115,4,12
1793,4,12
1771,3,12
849,3,12
1685,3,12
1687,4,12
1419,3,12
1143,4,12
123,2,12
2083,4,12
1995,3,12
1535,4,12
947,4,12
1463,3,12
3391,4,12
1477,4,12
2391,3,12
2067,3,12
1963,3,12
745,2,12
1319,4,12
2367,4,12
2227,4,12
2141,4,12
2317,3,12
1089,3,12
2669,4,12
761,3,12
2669,4,12
2551,4,12
2551,4,12
2027,4,12
1475,4,12
191,4,12
403,2,12
411,3,12
993,3,12
2619,3,12
597,4,12
633,3,12
733,3,12
1335,3,12
1277,3,12
1385,4,12
1867,3,12
3235,4,12
1219,3,12
953,3,12
775,4,12
1669,3,12
907,3,12
2735,4,12
561,4,12
3755,4,12
2087,3,12
1635,4,12
2763,3,12
805,3,12
937,3,12
345,3,12
2233,3,12
1253,4,12
321,2,12
1547,4,12
875,3,12
799,4,12
1673,4,12
2207,4,12
1881,4,12
2845,4,12
903,3,12
2561,3,12
1987,3,12
1019,4,12
983,3,12
2301,3,12
929,3,12
911,3,12
1655,3,12
1955,3,12
3243,3,12
1259,3,12
2781,4,12
1923,3,12
369,2,12
1979,4,12
2451,3,12
2463,3,12
2597,3,12
3177,3,12
673,3,12
2945,4,12
4517,4,12
2325,3,12
5443,4,12
667,4,12
1171,3,12
803,4,12
569,4,12
1091,3,12
991,3,12
1545,4,12
3345,3,12
1505,3,12
1871,3,12
1027,3,12
3461,4,12
1715,3,12
2997,3,12
793,4,12
2083,3,12
797,2,12
1925,4,12
111,4,12
767,3,12
219,2,12
2391,4,12
1131,4,12
1511,3,12
3811,3,12
1799,4,12
2403,4,12
5197,4,12
877,4,12
1781,3,12
1667,4,12
1291,3,12
2119,4,12
3219,4,12
4241,4,12
1877,3,12
1895,3,12
3371,4,12
621,4,12
1437,4,12
1415,4,12
459,4,12
2073,4,12
1105,3,12
663,4,12
917,3,12
529,2,12
833,3,12
2581,3,12
425,3,12
481,2,12
899,3,12
663,3,12
1885,4,12
1671,3,12
999,3,12
395,2,12
2533,4,12
1913,3,12
2317,4,12
1253,3,12
547,3,12
693,2,12
1637,4,12
2927,4,12
1125,3,12
923,4,12
1673,3,12
3961,4,12
1389,4,12
445,4,12
1503,3,12
1033,4,12
1281,4,12
135,4,12
1083,4,12
779,4,12
1383,3,12
1929,3,12
1297,4,12
1551,4,12
2385,3,12
1539,3,12
331,3,12
703,3,12
517,3,12
2061,4,12
2001,4,12
443,3,12
575,2,12
2387,4,12
2493,3,12
933,4,12
1237,3,12
2373,3,12
2629,3,12
2417,4,12
425,3,12
497,4,12
2151,3,12
2551,3,12
2117,4,12
163,2,12
879,4,12
4409,4,12
1613,4,12
4653,4,12
2835,4,12
4953,4,12
1257,3,12
1279,3,12
1191,3,12
317,3,12
161,2,12
857,3,12
807,2,12
1073,3,12
1611,4,12
1141,4,12
457,3,12
771,3,12
1487,4,12
1657,3,12
247,2,12
247,2,12
2187,4,12
1543,3,12
211,2,12
3043,4,12
2237,4,12
1707,4,12
1277,4,12
1583,3,12
555,4,12
1147,3,12
139,5,12
665,4,12
643,4,12
235,3,12
1179,4,12
2419,4,12
4849,4,12
1503,4,12
4591,3,12
165,5,12
4521,4,12
3993,4,12
1889,4,12
4071,4,12
4437,4,12
1065,4,12
4927,4,12
3553,4,12
2967,4,12
1395,4,12
1475,3,12
2983,4,12
2267,4,12
1469,4,12
3227,3,12
3739,3,12
903,5,12
1721,4,12
2883,4,12
1499,3,12
2481,4,12
1613,3,12
2063,4,12
1995,4,12
3755,3,12
3975,4,12
2167,4,12
3063,3,12
311,4,12
2377,3,12
3219,4,12
2479,3,12
3941,4,12
2419,4,12
573,4,12
1365,3,12
2387,4,12
2427,3,12
1527,2,12
347,4,12
5023,4,12
6049,4,12
2753,3,12
615,4,12
937,3,12
229,5,12
233,3,12
285,4,12
449,3,12
521,2,12
973,3,12
1657,3,12
495,3,12
3327,4,12
1037,4,12
1835,3,12
817,5,12
4015,4,12
403,5,12
2489,4,12
2001,3,12
3041,4,12
3013,3,12
1571,4,12
3575,4,12
847,3,12
2699,3,12
3205,4,12
2153,4,12
1499,4,12
811,4,12
1429,3,12
2763,4,12
2979,4,12
255,3,12
3453,4,12
2007,2,12
1609,3,12
2099,4,12
2971,4,12
225,5,12
4233,4,12
3559,4,12
125,4,12
909,4,12
813,3,12
167,3,12
1173,4,12
695,4,12
461,3,12
469,2,12
23,1,12
4963,4,12
1061,5,12
739,4,12
999,4,12
2351,4,12
1685,4,12
205,3,12
699,3,12
4649,4,12
3305,3,12
5307,4,12
1203,4,12
2605,4,12
2193,3,12
1583,4,12
459,3,12
2261,5,12
449,5,12
547,5,12
209,5,12
1667,5,12
2391,5,12
899,5,12
1541,5,12
1697,4,12
2303,5,12
1589,5,12
1429,4,12
167,5,12
697,4,12
2323,4,12
251,4,12
999,3,12
43,4,12
1349,3,12
807,5,12
2991,5,12
2157,5,12
2577,4,12
847,5,12
1207,5,12
731,4,12
1101,5,12
805,4,12
869,4,12
571,4,12
573,3,12
847,3,12
1783,4,12
95,5,12
951,3,12
607,3,12
29,3,12
111,2,12
2811,4,12
211,5,12
237,4,12
35,1,12
319,3,12
253,3,12
195,3,12
149,3,12
131,2,12
967,3,12
583,4,12
407,3,12
177,3,12
183,3,12
129,3,12
1313,3,12
115,3,12
161,4,12
309,3,12
65,3,12
555,4,12
335,3,12
429,3,12
345,3,12
141,2,12
559,3,12
97,4,12
257,3,12
75,4,12
381,2,12
279,4,12
149,4,12
73,3,12
815,4,12
161,3,12
161,3,12
223,3,12
411,3,12
175,4,12
145,3,12
405,3,12
183,3,12
291,3,12
39,4,12
51,3,12
85,3,12
117,3,12
83,2,12
367,3,12
141,3,12
523,3,12
1083,3,12
327,3,12
901,3,12
269,2,12
181,3,12
57,3,12
207,2,12
109,2,12
409,3,12
81,3,12
721,3,12
99,3,12
689,3,12
145,3,12
327,3,12
693,3,12
185,2,12
349,3,12
113,3,12
519,3,12
619,3,12
619,3,12
131,3,12
1059,3,12
95,4,12
357,4,12
51,3,12
51,3,12
155,3,12
397,3,12
289,3,12
567,4,12
211,3,12
417,3,12
87,2,12
843,3,12
405,3,12
63,4,12
129,3,12
211,2,12
133,2,12
193,3,12
103,3,12
495,3,12
45,2,12
301,4,12
601,3,12
105,3,12
803,3,12
337,3,12
69,2,12
723,3,12
371,4,12
177,4,12
125,4,12
107,4,12
415,3,12
873,3,12
213,3,12
121,4,12
59,4,12
771,4,12
83,4,12
91,2,12
101,2,12
83,3,12
257,3,12
63,3,12
417,3,12
587,3,12
115,2,12
91,2,12
65,2,12
1099,3,12
775,4,12
99,3,12
853,3,12
135,3,12
105,3,12
1059,4,12
637,4,12
249,3,12
59,2,12
347,3,12
151,2,12
435,4,12
161,3,12
117,3,12
267,3,12
293,3,12
47,3,12
43,3,12
387,2,12
867,3,12
179,3,12
157,3,12
351,3,12
97,3,12
529,3,12
637,3,12
669,4,12
403,4,12
63,1.5,12
37,2,12
923,3,12
197,3,12
887,3,12
591,4,12
811,3,12
517,3,12
929,3,12
965,3,12
467,3,12
109,3,12
705,3,12
397,2,12
173,2,12
235,3,12
139,3,12
1185,3,12
167,2,12
333,2,12
91,2,12
217,2,12
913,3,12
713,3,12
101,4,12
37,4,12
39,5,12
45,4,12
65,4,12
63,3,12
531,3,12
99,3,12
257,2,12
41,3,12
565,3,12
223,3,12
697,3,12
913,3,12
477,3,12
819,3,12
57,4,12
121,4,12
83,3,12
569,3,12
569,3,12
345,3,12
681,3,12
207,4,12
181,3,12
605,3,12
139,4,12
215,3,12
129,4,12
245,4,12
569,3,12
873,4,12
413,3,12
619,4,12
4485,4,13
1403,3,13
4257,4,13
5113,4,13
2543,3,13
3783,4,13
7361,4,13
2009,4,13
3229,4,13
2507,4,13
3143,3,13
7405,4,13
3267,4,13
7405,4,13
5113,4,13
3235,4,13
1901,4,13
3779,4,13
2909,4,13
2309,3,13
3625,4,13
2633,3,13
5423,4,13
4839,4,13
2783,3,13
2979,4,13
3261,4,13
425,5,13
2175,4,13
881,4,13
2515,3,13
863,3,13
2897,3,13
1641,3,13
1075,4,13
6413,4,13
3667,4,13
2411,4,13
129,2,13
3993,4,13
2729,4,13
2693,4,13
3405,5,13
2705,3,13
4083,3,13
3979,3,13
6969,4,13
6969,4,13
5505,4,13
3743,5,13
3515,4,13
6307,4,13
6307,4,13
3989,4,13
5135,4,13
3127,3,13
3643,3,13
3205,4,13
1733,3,13
5223,4,13
5401,4,13
3581,4,13
1863,3,13
3707,4,13
5077,5,13
3493,4,13
3997,4,13
4767,3,13
1943,4,13
2869,4,13
4329,5,13
3597,4,13
1109,3,13
2523,4,13
3665,3,13
4135,4,13
4295,4,13
2783,4,13
4029,4,13
4163,5,13
1103,3,13
3335,5,13
10033,4,13
4299,4,13
6661,4,13
3255,3,13
983,4,13
401,5,13
1491,5,13
363,3,13
3337,4,13
2823,4,13
1449,5,13
2097,3,13
1933,4,13
3091,4,13
5169,3,13
1737,3,13
2235,3,13
8629,4,13
1937,4,13
2855,4,13
1735,3,13
2305,3,13
1933,3,13
1615,3,13
5197,3,13
5197,3,13
787,3,13
125,2,13
783,5,13
6333,4,13
5369,4,13
4681,5,13
673,4,13
889,5,13
429,3,13
2393,4,13
2117,3,13
3135,4,13
1785,3,13
4899,3,13
1263,3,13
3181,5,13
5119,4,13
951,3,13
3659,4,13
6979,4,13
5499,3,13
2523,3,13
3337,4,13
6313,4,13
9921,4,13
5019,4,13
3309,3,13
3371,4,13
1653,4,13
1143,4,13
1289,4,13
1303,3,13
2641,3,13
6595,4,13
2979,3,13
2779,3,13
1101,3,13
6155,4,13
5305,4,13
5505,4,13
2399,4,13
6463,5,13
4145,3,13
2689,3,13
9233,4,13
1431,5,13
6765,4,13
3537,4,13
3875,4,13
2125,3,13
6713,4,13
401,2,13
9869,4,13
2507,3,13
651,4,13
1809,3,13
1123,4,13
4425,5,13
3775,5,13
1219,2,13
6175,3,13
1871,4,13
4473,4,13
4899,4,13
5627,4,13
8843,4,13
10383,4,13
3119,5,13
3485,4,13
2927,4,13
3997,5,13
2213,4,13
1371,4,13
2087,3,13
947,4,13
2209,3,13
2309,4,13
3699,4,13
8193,4,13
4655,5,13
5189,4,13
3645,4,13
5531,4,13
11327,4,13
2381,5,13
1105,4,13
1869,3,13
4295,4,13
5845,4,13
3977,4,13
1815,4,13
1957,4,13
6689,4,13
1969,4,13
3571,4,13
2659,5,13
6983,4,13
3827,4,13
4063,4,13
6949,4,13
1763,4,13
2911,3,13
2937,3,13
993,4,13
1511,3,13
543,4,13
2543,4,13
3023,5,13
2793,4,13
2713,4,13
4787,5,13
171,3,13
305,2,13
6921,4,13
3867,4,13
6739,4,13
4493,4,13
1739,4,13
1871,4,13
2081,3,13
961,3,13
4805,4,13
1037,4,13
3033,4,13
2555,5,13
1605,4,13
2259,4,13
4425,3,13
2703,4,13
3647,3,13
5585,3,13
4317,5,13
9583,4,13
6497,4,13
4783,4,13
949,3,13
4639,3,13
5375,4,13
3661,3,13
5627,4,13
5781,4,13
11763,4,13
1725,4,13
2121,5,13
3787,3,13
2173,3,13
3015,5,13
4795,5,13
2097,4,13
6087,5,13
3875,5,13
4605,4,13
2561,4,13
1715,5,13
451,3,13
3701,5,13
7981,5,13
3713,5,13
3947,5,13
6005,4,13
7059,4,13
10095,4,13
973,3,13
6609,4,13
2625,3,13
3661,4,13
2275,3,13
147,3,13
1873,3,13
2485,3,13
1583,4,13
4707,3,13
4667,3,13
1431,4,13
5547,4,13
3477,3,13
2107,3,13
2621,3,13
779,3,13
929,2,13
3049,4,13
1101,4,13
1653,3,13
1829,3,13
2031,4,13
73,5,13
387,4,13
1631,3,13
991,4,13
529,3,13
4911,4,13
8049,4,13
8423,3,13
889,4,13
229,2,13
151,2,13
7199,4,13
171,2,13
4473,4,13
9351,4,13
1897,5,13
4015,5,13
427,4,13
1549,3,13
2259,4,13
3653,4,13
6051,4,13
5917,3,13
9943,4,13
2799,3,13
397,5,13
4425,5,13
1079,5,13
6217,4,13
5403,4,13
5475,4,13
1241,3,13
669,2,13
287,2,13
2267,3,13
8679,3,13
2023,3,13
1129,3,13
333,3,13
1769,5,13
5889,4,13
1181,5,13
1835,4,13
3905,5,13
2647,5,13
391,5,13
1379,5,13
1045,4,13
1725,5,13
2889,5,13
3311,4,13
5737,5,13
2409,5,13
3491,4,13
3865,5,13
5377,4,13
2393,4,13
2145,4,13
6001,4,13
2761,5,13
2721,5,13
8541,5,13
1175,3,13
8331,5,13
743,5,13
797,5,13
975,3,13
3861,4,13
219,3,13
8047,5,13
7179,5,13
1559,3,13
8329,5,13
8659,4,13
2365,3,13
4273,3,13
3157,3,13
4325,4,13
2697,4,13
4111,4,13
2689,5,13
5401,4,13
2455,4,13
6129,5,13
14443,5,13
1435,3,13
4549,4,13
4821,4,13
1163,3,13
339,4,13
1757,3,13
10309,5,13
3669,4,13
785,5,13
3959,4,13
7109,5,13
7373,5,13
4833,5,13
7667,5,13
6047,4,13
4647,4,13
6739,4,13
1119,3,13
2279,3,13
3397,4,13
1489,5,13
4937,4,13
6223,5,13
1701,3,13
8639,4,13
5187,5,13
1999,4,13
15425,5,13
7587,4,13
3503,5,13
10429,4,13
3825,5,13
6989,4,13
1595,3,13
1681,4,13
1661,3,13
7067,4,13
869,4,13
10813,4,13
7033,5,13
5425,4,13
1491,4,13
11953,4,13
7719,5,13
3639,4,13
1131,5,13
6061,4,13
9413,4,13
10021,4,13
911,3,13
1653,5,13
2155,3,13
867,5,13
1715,4,13
9221,4,13
593,4,13
11583,5,13
11275,4,13
4195,4,13
1713,3,13
8173,5,13
4165,4,13
7371,4,13
5489,4,13
5905,4,13
1557,5,13
2273,4,13
7015,4,13
6175,5,13
6341,4,13
1709,4,13
4009,3,13
3485,4,13
2103,3,13
4597,3,13
7719,5,13
541,4,13
7261,5,13
2103,3,13
4459,4,13
6499,5,13
5681,3,13
3669,4,13
12037,4,13
1779,4,13
4719,5,13
7183,5,13
3647,5,13
361,5,13
4661,3,13
9141,3,13
7249,5,13
8043,4,13
7333,4,13
2919,2,13
4517,4,13
295,4,13
8565,4,13
1029,4,13
2351,3,13
1505,4,13
2475,3,13
5363,4,13
1013,4,13
3833,4,13
637,2,13
4893,4,13
7551,4,13
1449,3,13
237,3,13
2471,5,13
4707,3,13
5801,5,13
5081,4,13
4403,5,13
1545,5,13
4239,4,13
5843,3,13
3805,4,13
1713,3,13
6181,5,13
1743,4,13
1809,2,13
6479,5,13
5253,5,13
6279,5,13
5063,4,13
5759,4,13
7991,4,13
3359,3,13
4261,3,13
4361,4,13
6071,5,13
1433,4,13
267,3,13
1249,3,13
8825,4,13
75,5,13
371,3,13
213,4,13
8123,5,13
9791,5,13
8759,4,13
3319,4,13
1639,4,13
8421,5,13
2477,5,13
2353,4,13
2835,4,13
1617,3,13
995,3,13
2871,4,13
2061,3,13
603,4,13
29,1,13
69,5,13
21,5,13
609,4,13
457,3,13
595,3,13
949,3,13
295,3,13
655,3,13
839,3,13
543,3,13
955,3,13
1753,4,13
459,3,13
3677,4,13
1131,3,13
1825,3,13
1633,3,13
821,4,13
143,2,13
149,3,13
619,4,13
369,4,13
1067,3,13
483,4,13
425,4,13
165,3,13
291,4,13
283,4,13
439,3,13
1233,3,13
465,4,13
269,3,13
291,3,13
987,3,13
463,3,13
411,4,13
1589,4,13
2089,3,13
385,3,13
1965,3,13
1077,4,13
1323,4,13
1277,4,13
1123,4,13
305,4,13
789,4,13
363,4,13
1405,4,13
357,5,13
901,4,13
1947,3,13
537,3,13
459,4,13
441,4,13
855,4,13
845,5,13
963,3,13
269,3,13
619,3,13
57,5,13
443,3,13
163,5,13
927,4,13
107,5,13
713,4,13
917,3,13
825,3,13
213,3,13
395,4,13
613,4,13
965,4,13
295,3,13
353,4,13
435,3,13
1309,3,13
919,3,13
807,4,13
1143,4,13
213,2,13
1281,3,13
273,2,13
91,2,13
207,4,13
427,3,13
583,4,13
343,5,13
539,3,13
247,4,13
219,3,13
429,3,13
1041,2,13
249,4,13
79,3,13
105,4,13
1795,3,13
1361,3,13
495,3,13
291,4,13
203,3,13
277,3,13
2115,4,13
1289,3,13
1189,3,13
829,3,13
1337,3,13
1677,3,13
1761,3,13
569,4,13
301,4,13
273,4,13
951,4,13
89,4,13
263,3,13
797,3,13
1253,4,13
1443,3,13
161,5,13
6555,4,14
7701,4,14
14695,5,14
13659,5,14
8107,5,14
3553,5,14
4969,5,14
7149,5,14
5901,4,14
12245,4,14
3131,4,14
9249,5,14
4929,4,14
8467,5,14
2055,5,14
3479,4,14
11493,5,14
6867,4,14
5987,4,14
4495,3,14
3101,3,14
13987,4,14
11725,4,14
3323,4,14
4285,3,14
10375,4,14
4127,3,14
15317,3,14
4529,5,14
3063,3,14
5645,4,14
2949,5,14
4675,5,14
4359,4,14
19963,5,14
15417,5,14
3305,4,14
10445,5,14
4317,5,14
6127,4,14
1781,4,14
2655,3,14
7297,5,14
12137,4,14
2959,3,14
11431,5,14
26561,5,14
6771,4,14
25403,5,14
16033,4,14
5373,5,14
4951,4,14
3999,4,14
2279,4,14
19393,4,14
17631,5,14
14563,4,14
14467,4,14
6291,5,14
17999,5,14
6887,5,14
18993,5,14
13823,5,14
9803,4,14
8669,4,14
5595,4,14
9717,4,14
4991,4,14
15063,5,14
9495,4,14
20125,5,14
12315,4,14
7855,3,14
6395,4,14
6679,4,14
10135,4,14
10587,4,14
13647,5,14
13025,4,14
6529,5,14
17713,4,14
4377,4,14
2473,5,14
10507,5,14
6927,4,14
6901,5,14
9535,4,14
14705,5,14
23621,5,14
4187,5,14
5649,4,14
12351,5,14
5119,3,14
5105,5,14
4523,4,14
13241,4,14
6571,3,14
9941,4,14
9709,5,14
7959,4,14
6709,3,14
11365,4,14
5551,4,14
7465,4,14
21595,5,14
4955,4,14
4029,5,14
8105,4,14
5371,4,14
10325,4,14
493,4,14
11449,5,14
6509,5,14
6451,4,14
5977,5,14
13483,4,14
8193,4,14
2247,4,14
7551,4,14
5465,3,14
18159,5,14
14311,4,14
18773,4,14
4587,5,14
16901,4,14
18345,4,14
5105,3,14
4193,4,14
14875,4,14
569,5,14
15405,5,14
1775,4,14
681,5,14
1661,5,14
6731,5,14
5499,5,14
8417,5,14
8841,4,14
6391,3,14
1345,3,14
11943,4,14
4621,5,14
8485,3,14
9011,4,14
6743,4,14
10105,4,14
5105,5,14
5237,4,14
12165,5,14
12755,5,14
4987,4,14
3447,4,14
8065,3,14
3851,5,14
12271,4,14
16611,3,14
11941,4,14
12679,4,14
7825,4,14
1097,3,14
13487,5,14
23963,5,14
9899,4,14
9369,5,14
15245,5,14
18487,4,14
5925,5,14
7079,5,14
17117,4,14
9711,5,14
3893,5,14
13333,4,14
13201,4,14
2511,4,14
13917,3,14
6283,4,14
7641,4,14
939,2,14
11415,5,14
1537,5,14
5875,5,14
725,3,14
9897,5,14
5737,4,14
8125,4,14
1177,3,14
15827,4,14
4083,3,14
8343,4,14
3915,4,14
9315,5,14
19787,5,14
18099,4,14
7965,4,14
11407,5,14
4781,4,14
8953,4,14
9655,4,14
14857,5,14
6911,4,14
8273,5,14
26727,5,14
12795,5,14
11381,4,14
12119,5,14
7897,4,14
1943,5,14
8297,4,14
13517,3,14
15223,4,14
15319,4,14
18109,5,14
17017,5,14
11801,4,14
3007,5,14
7607,5,14
12053,4,14
5729,5,14
6945,5,14
20183,4,14
20455,4,14
1077,5,14
1149,5,14
1715,3,14
3231,3,14
1517,5,14
1121,5,14
185,2,14
5107,5,14
1031,4,14
9271,5,14
3729,4,14
3435,4,14
6679,3,14
12521,4,14
4413,4,14
2235,4,14
7041,5,14
3789,5,14
9589,4,14
233,6,14
24723,5,14
25725,5,14
5655,4,14
20127,5,14
5303,5,14
19975,4,14
16331,5,14
20649,4,14
5839,4,14
1735,2,14
8085,3,14
28827,4,14
12381,4,14
11047,3,14
6301,5,14
8851,4,14
33819,5,14
10203,5,14
4885,4,14
2147,3,14
9565,4,14
12887,4,14
1877,3,14
12745,4,14
9335,4,14
19967,5,14
7749,3,14
6425,4,14
10943,4,14
13843,3,14
6123,5,14
6347,3,14
3485,5,14
6327,4,14
3765,3,14
19927,5,14
11861,5,14
8177,5,14
6217,4,14
8865,4,14
897,3,14
559,2,14
31109,5,14
22547,5,14
4699,5,14
3599,5,14
21119,4,14
8705,5,14
10511,4,14
9833,5,14
9067,4,14
7301,5,14
11879,4,14
9261,3,14
6391,3,14
11729,5,14
3843,5,14
2345,4,14
10537,4,14
3597,3,14
5679,4,14
2233,3,14
5539,4,14
8845,5,14
1629,5,14
10067,4,14
6711,4,14
18297,5,14
10831,5,14
3571,4,14
5157,3,14
10687,5,14
3851,4,14
8511,4,14
9903,4,14
6603,4,14
11623,5,14
5553,4,14
3097,3,14
7335,5,14
3039,4,14
4887,4,14
1663,5,14
3551,5,14
6037,3,14
7203,4,14
17833,5,14
7151,4,14
6029,5,14
7319,4,14
7867,4,14
4451,4,14
749,5,14
37,3,14
8215,5,14
785,5,14
5639,6,14
247,6,14
221,5,14
1297,4,14
2437,4,14
2707,5,14
2113,5,14
1181,3,14
1843,4,14
3561,4,14
2103,4,14
3413,4,14
2667,5,14
2051,4,14
2453,4,14
3657,4,14
3225,3,14
3353,4,14
1887,4,14
2465,4,14
1041,4,14
3253,4,14
1853,4,14
4451,4,14
2755,4,14
143,2,14
1675,5,14
4155,4,14
1951,3,14
5457,3,14
1075,3,14
1395,4,14
2337,4,14
1753,4,14
725,3,14
1637,4,14
1003,4,14
543,3,14
905,3,14
2963,4,14
639,3,14
1677,4,14
4249,4,14
541,2,14
1975,5,14
631,3,14
137,5,14
2487,4,14
1487,3,14
3307,3,14
1061,3,14
1169,3,14
3625,4,14
485,4,14
1667,4,14
347,5,14
1825,5,14
205,3,14
827,5,14
499,4,14
1267,3,14
393,3,14
179,3,14
291,3,14
2713,4,14
1655,3,14
2867,4,14
2057,4,14
1187,4,14
1815,4,14
221,5,14
1713,4,14
1403,3,14
2157,3,14
2481,4,14
1379,4,14
1523,3,14
1403,3,14
619,3,14
3023,4,14
2349,3,14
2449,4,14
937,5,14
2681,4,14
1303,4,14
1029,4,14
1921,4,14
1549,3,14
5089,4,14
867,4,14
1317,4,14
1317,4,14
2583,4,14
631,3,14
2359,3,14
1977,4,14
3471,3,14
3417,4,14
1997,4,14
2259,4,14
1479,3,14
1583,4,14
697,4,14
2299,4,14
2827,3,14
409,4,14
1189,5,14
3679,4,14
1389,4,14
4533,5,14
2255,4,14
827,3,14
1373,4,14
1885,3,14
2219,3,14
2439,4,14
1113,4,14
8101,4,14
3785,4,14
3625,3,14
2017,4,14
1491,4,14
3311,4,14
1371,4,14
3071,4,14
1421,4,14
1105,4,14
1291,4,14
269,4,14
177,4,14
1193,3,14
915,4,14
2093,4,14
1771,4,14
2481,5,14
1385,4,14
2013,4,14
559,4,14
331,3,14
2473,4,14
2105,5,14
215,1.5,14
881,3,14
1897,4,14
255,3,14
1241,4,14
1049,3,14
653,4,14
361,3,14
3825,4,14
1203,4,14
643,3,14
355,3,14
3467,3,14
1589,4,14
281,5,14
865,4,14
2397,4,14
2491,4,14
583,4,14
3347,5,14
827,4,14
957,3,14
1433,4,14
1373,3,14
525,5,14
2933,4,14
1671,3,14
1285,3,14
4837,3,14
535,4,14
485,2,14
1625,3,14
5285,4,14
489,4,14
4271,4,14
2611,3,14
2129,4,14
3713,4,14
877,3,14
1195,4,14
1155,3,14
1747,4,14
1501,4,14
3833,4,14
569,3,14
1013,5,14
917,4,14
1839,3,14
3423,5,14
2715,4,14
709,3,14
643,4,14
157,4,14
567,5,14
715,5,14
1021,4,14
3917,4,14
2137,4,14
4605,4,14
1317,3,14
1069,4,14
801,4,14
6189,5,14
109,3,14
2271,4,14
503,3,14
253,4,14
1239,3,14
687,4,14
339,3,14
1053,3,14
105,4,14
2935,4,14
1865,4,14
1071,3,14
3891,4,14
1081,3,14
1263,3,14
893,3,14
1711,3,14
3329,4,14
2689,4,14
783,2,14
1641,4,14
577,4,14
2735,4,14
535,5,14
2853,4,14
499,3,14
3725,4,14
4111,4,14
4111,4,14
313,3,14
2151,3,14
2655,4,14
651,3,14
983,4,14
257,5,14
423,3,14
2075,4,14
349,3,14
1041,4,14
1561,3,14
61,2,14
511,3,14
497,3,14
3263,4,14
1029,2,14
2101,4,14
2451,3,14
1595,4,14
255,3,14
189,4,14
2039,4,14
1457,4,14
8059,4,14
2783,4,14
2331,4,14
1537,3,14
5721,4,14
5635,4,14
1617,4,14
4743,4,14
1461,4,14
1501,3,14
409,2,14
1303,3,14
5573,4,14
1611,4,14
409,3,14
3985,4,14
285,3,14
283,3,14
1769,4,14
1047,3,14
3071,3,14
1837,3,14
1977,4,14
2609,3,14
573,4,14
1189,3,14
255,3,14
3063,4,14
1305,4,14
551,4,14
2485,4,14
821,3,14
585,3,14
2487,4,14
973,4,14
581,4,14
2279,3,14
1255,4,14
3721,4,14
721,3,14
1617,4,14
999,3,14
1507,3,14
2083,3,14
2053,4,14
1813,2.5,14
3663,5,14
1197,3,14
1899,4,14
5397,4,14
1085,4,14
321,4,14
1577,4,14
1977,4,14
5617,4,14
1481,3,14
4837,5,14
929,3,14
1693,5,14
1755,4,14
571,3,14
389,4,14
469,4,14
2625,4,14
2915,3,14
469,3,14
2625,4,14
2383,4,14
277,4,14
971,4,14
3359,4,14
3481,5,14
799,4,14
3015,3,14
3803,4,14
2515,3,14
1415,4,14
1785,5,14
685,4,14
1065,3,14
1351,5,14
295,4,14
547,5,14
1753,4,14
377,4,14
309,5,14
1609,4,14
981,4,14
1669,5,14
501,5,14
1789,5,14
3237,4,14
151,4,14
2589,3,14
1425,4,14
1295,4,14
2421,4,14
1137,3,14
141,3,14
585,3,14
535,4,14
2133,4,14
4201,4,14
741,5,14
675,4,14
621,5,14
5371,3,14
19885,5,15
34531,5,15
9485,4,15
4115,5,15
16435,5,15
6085,4,15
20883,5,15
12187,3,15
6551,5,15
5817,4,15
9731,3,15
16355,4,15
10209,5,15
12717,4,15
7803,4,15
22763,4,15
26155,4,15
26155,4,15
29865,5,15
1869,6,15
26703,4,15
22431,5,15
17119,5,15
17265,4,15
39709,5,15
33569,4,15
4811,4,15
31539,5,15
29751,4,15
31557,4,15
38759,5,15
14601,4,15
7059,5,15
20773,4,15
31319,5,15
35515,4,15
4263,6,15
6405,5,15
8681,4,15
21363,5,15
38861,4,15
9309,5,15
2989,3,15
28389,5,15
28677,4,15
1813,3,15
12787,5,15
1011,3,15
27769,5,15
23563,5,15
13965,5,15
1933,5,15
19347,5,15
10823,5,15
6017,4,15
31307,5,15
5327,4,15
8103,4,15
15309,4,15
44891,4,15
26323,5,15
35283,4,15
22667,5,15
12627,5,15
17877,5,15
25709,5,15
17499,4,15
28571,4,15
15477,4,15
46535,5,15
12091,5,15
23375,4,15
11997,4,15
42233,5,15
46659,5,15
13157,5,15
28847,4,15
6065,5,15
20985,4,15
19349,5,15
6755,4,15
13225,4,15
10145,5,15
4987,3,15
28681,5,15
9421,4,15
18557,5,15
13561,4,15
19155,5,15
18175,4,15
31701,5,15
16777,4,15
13269,4,15
8783,5,15
367,3,15
37969,5,15
20275,5,15
22101,4,15
50851,5,15
18045,4,15
13407,4,15
20545,5,15
20361,5,15
28763,5,15
30609,4,15
1625,5,15
21833,5,15
2629,5,15
2629,5,15
12623,4,15
36457,5,15
12449,5,15
3679,5,15
14455,4,15
35273,4,15
39479,5,15
20945,4,15
24473,4,15
20047,4,15
2973,4,15
13583,4,15
43877,5,15
13467,5,15
24511,4,15
7239,3,15
21779,5,15
20533,4,15
11923,4,15
10877,5,15
7029,4,15
21865,5,15
11947,4,15
26861,5,15
19637,5,15
31463,5,15
13487,4,15
22655,5,15
43351,5,15
27541,5,15
7319,4,15
8863,4,15
7083,4,15
50515,5,15
1613,5,15
9829,6,15
14889,5,15
3079,5,15
21123,4,15
2265,3,15
20923,4,15
9027,3,15
21711,4,15
31161,4,15
8311,5,15
18421,5,15
30187,5,15
32963,4,15
3995,5,15
25493,4,15
18971,4,15
8533,4,15
18931,4,15
13873,4,15
33727,4,15
8475,4,15
9151,5,15
9231,5,15
34743,4,15
8075,5,15
3677,3,15
1949,5,15
14843,5,15
1881,5,15
11025,4,15
11761,4,15
14753,5,15
10905,4,15
21247,5,15
19789,5,15
18647,5,15
6629,5,15
26719,5,15
5671,4,15
27777,5,15
21129,4,15
22871,4,15
13905,5,15
6535,5,15
17563,5,15
12889,5,15
36787,5,15
23795,5,15
4005,5,15
16313,5,15
26279,4,15
21869,4,15
17701,4,15
13623,4,15
28613,5,15
27253,4,15
17157,4,15
15133,5,15
20117,3,15
15215,5,15
37391,4,15
45175,5,15
25083,5,15
64783,5,15
28271,4,15
10905,4,15
13067,4,15
19761,5,15
12243,4,15
909,3,15
5741,3,15
32151,4,15
26339,4,15
22867,5,15
9393,4,15
6085,4,15
9505,3,15
9779,5,15
31245,5,15
17721,5,15
15429,5,15
24559,4,15
52423,4,15
7327,4,15
22397,4,15
26605,4,15
21587,4,15
32381,5,15
22825,5,15
12871,5,15
8669,3,15
36609,4,15
46069,5,15
31547,4,15
5025,4,15
8481,3,15
3785,5,15
8009,4,15
25683,5,15
35741,5,15
8451,4,15
21981,4,15
5863,3,15
3615,3,15
6829,5,15
19969,5,15
21807,5,15
34763,4,15
17543,4,15
9607,5,15
32597,4,15
17157,4,15
14129,5,15
5625,5,15
2393,4,15
2933,3,15
11193,4,15
367,2,15
21467,4,15
14759,4,15
20627,4,15
14375,4,15
19553,4,15
6423,3,15
23475,5,15
10259,4,15
5477,3,15
6931,6,15
38203,4,15
15913,5,15
11193,4,15
4573,4,15
8521,4,15
70159,5,15
15963,4,15
21003,4,15
22845,4,15
12581,4,15
23903,4,15
16229,5,15
28333,5,15
41183,5,15
48509,4,15
67309,5,15
58189,5,15
20373,5,15
31099,4,15
17381,5,15
25401,4,15
45501,5,15
29751,5,15
31923,5,15
27915,4,15
49913,5,15
39457,5,15
18715,5,15
25119,4,15
17643,5,15
60869,5,15
2749,6,15
4191,5,15
22943,5,15
839,6,15
6699,5,15
13375,4,15
15791,5,15
32555,5,15
26523,4,15
4743,3,15
12791,4,15
34663,5,15
19797,4,15
20453,5,15
30445,4,15
32659,5,15
30021,3,15
43453,5,15
19991,4,15
11943,4,15
12595,6,15
9495,3,15
7821,4,15
5529,6,15
8289,5,15
22537,5,15
15839,5,15
36165,5,15
14933,5,15
13757,5,15
33559,5,15
30513,4,15
39147,4,15
46165,4,15
26593,5,15
17155,5,15
34271,5,15
11513,5,15
10467,6,15
36469,5,15
13275,5,15
39833,5,15
17215,3,15
46449,5,15
36407,6,15
14109,5,15
10035,5,15
20869,5,15
6799,5,15
21193,5,15
14317,4,15
6045,5,15
5713,6,15
5367,6,15
34905,5,15
28183,4,15
31051,5,15
14613,6,15
13663,6,15
18245,4,15
7037,6,15
35245,5,15
7843,5,15
10333,5,15
10627,6,15
24339,5,15
9117,5,15
23439,5,15
10423,6,15
1989,5,15
27513,5,15
8399,5,15
27475,5,15
37645,6,15
39635,6,15
13809,5,15
42487,5,15
44149,5,15
6463,5,15
7749,5,15
14041,5,15
10435,4,15
5627,6,15
12377,5,15
44593,6,15
8549,5,15
96847,6,15
32509,5,15
24361,4,15
29109,5,15
19003,4,15
67687,6,15
8351,4,15
19613,4,15
14287,4,15
44361,5,15
5489,5,15
16457,5,15
44511,5,15
37371,5,15
59407,6,15
10925,5,15
24669,6,15
31765,5,15
23603,4,15
21517,4,15
39289,4,15
31139,4,15
15375,5,15
51809,5,15
69367,5,15
6361,5,15
22919,5,15
6597,5,15
47013,5,15
19393,4,15
8243,5,15
103339,5,15
12667,4,15
19871,5,15
9267,3,15
10679,3,15
42215,5,15
39089,5,15
21157,6,15
45873,4,15
34395,4,15
7533,6,15
12451,5,15
6379,3,15
3579,4,15
20913,4,15
26107,4,15
9889,5,15
59655,5,15
40591,5,15
32609,6,15
2013,4,15
5095,4,15
4301,5,15
24977,4,15
14481,4,15
17593,5,15
17345,4,15
25501,5,15
48363,5,15
37231,6,15
7773,5,15
18241,4,15
12323,5,15
27907,3,15
3697,3,15
7383,5,15
17937,5,15
6045,5,15
21577,4,15
35929,6,15
47659,4,15
41393,5,15
17059,5,15
18485,6,15
5699,6,15
6213,4,15
43767,5,15
39319,5,15
33003,5,15
23883,5,15
17291,5,15
1813,4,15
39697,4,15
32541,4,15
84549,6,15
7873,6,15
9627,5,15
21943,5,15
11427,5,15
46035,6,15
4733,5,15
9097,6,15
14997,5,15
16623,4,15
3301,4,15
4725,4,15
10277,5,15
10327,3,15
16935,5,15
2615,3,15
37955,4,15
9,7,15
3673,4,15
7911,4,15
7439,4,15
5645,4,15
5587,4,15
3621,4,15
3063,4,15
3655,4,15
4089,5,15
5031,4,15
8747,4,15
5457,5,15
1909,4,15
4679,4,15
709,4,15
2949,3,15
2423,4,15
1497,3,15
1329,3,15
1073,3,15
187,4,15
2605,4,15
4993,4,15
7377,5,15
2215,4,15
5677,4,15
3775,4,15
1533,4,15
7679,5,15
715,4,15
2145,3,15
2683,5,15
5803,5,15
3445,4,15
2609,4,15
3643,4,15
11307,4,15
2425,4,15
1647,4,15
3201,4,15
2797,5,15
6643,4,15
1941,5,15
1927,4,15
1911,4,15
1361,4,15
949,3,15
1127,4,15
10779,5,15
2159,4,15
689,4,15
443,4,15
43,3,15
3831,4,15
4933,4,15
3801,4,15
4665,4,15
3909,4,15
1683,4,15
5671,4,15
1935,5,15
219,3,15
1237,4,15
3385,4,15
5571,4,15
3385,4,15
5875,3,15
10087,4,15
3685,4,15
5401,4,15
747,3,15
379,3.5,15
3133,3,15
8511,4,15
2969,4,15
3103,3,15
3763,3,15
1611,4,15
1215,5,15
965,5,15
2601,4,15
2023,4,15
3545,4,15
2093,5,15
13993,4,15
7433,4,15
5697,5,15
1947,4,15
5007,5,15
1415,3,15
3663,4,15
8207,4,15
2537,5,15
4853,5,15
10635,4,15
11379,4,15
3567,4,15
451,4,15
1495,4,15
11105,3,15
4869,5,15
16249,4,15
12073,4,15
14309,4,15
6577,5,15
3833,4,15
2687,5,15
6647,4,15
2429,3,15
1801,3,15
2419,3,15
4137,4,15
815,4,15
8857,5,15
899,6,15
3371,4,15
4829,4,15
6843,4,15
3163,4,15
3065,4,15
3343,5,15
2003,4,15
2901,4,15
3689,4,15
8547,4,15
5277,4,15
1785,4,15
8547,4,15
8061,5,15
2373,5,15
7367,4,15
1085,3,15
2707,3,15
721,4,15
1323,3,15
925,5,15
3603,3,15
1589,4,15
8637,4,15
1889,3,15
4087,4,15
6697,4,15
4525,4,15
1497,4,15
5537,5,15
7087,5,15
6513,3,15
2625,3,15
709,4,15
3329,4,15
879,3,15
695,4,15
1979,4,15
6329,4,15
1431,4,15
1243,3,15
669,4,15
2645,3,15
2919,4,15
12279,5,15
12619,4,15
2737,5,15
9965,4,15
5283,4,15
1379,4,15
5833,4,15
6921,5,15
1757,4,15
4523,4,15
4817,5,15
623,2.5,15
1281,4,15
1149,5,15
421,4,15
813,5,15
1603,4,15
413,3.5,15
1363,3,15
1343,3,15
1681,3,15
1239,3,15
7857,4,15
241,3,15
3801,4,15
623,4,15
2213,4,15
1523,4,15
2585,4,15
1113,3,15
13567,4,15
4277,4,15
99,5,15
10387,4,15
2505,3,15
1277,4,15
6357,3,15
3519,4,15
2727,5,15
1829,3,15
971,5,15
9225,4,15
6069,3,15
8089,4,15
2859,4,15
6485,4,15
539,3,15
4781,4,15
3485,4,15
1013,4,15
3167,3,15
581,3,15
3771,3,15
1167,3,15
3423,3,15
1883,4,15
549,4,15
101,4,15
9177,4,15
2813,4,15
3617,3,15
4087,4,15
765,4,15
9655,4,15
2077,3,15
91,6,15
2071,5,15
9101,4,15
2515,4,15
985,4,15
1775,3,15
2943,4,15
2075,4,15
2787,5,15
7231,4,15
1357,4,15
4451,4,15
2965,3,15
1733,3,15
3385,3,15
4763,4,15
1941,4,15
7071,4,15
2249,4,15
4805,4,15
5323,4,15
2939,6,15
5277,4,15
1931,3,15
4887,3,15
1485,4,15
1335,4,15
6619,4,15
2993,3,15
1775,5,15
5631,5,15
943,2.5,15
10651,4,15
1703,5,15
20081,4,16
32671,5,16
15447,5,16
10607,5,16
24115,4,16
28673,5,16
18417,5,16
29043,4,16
35629,4,16
60647,5,16
8161,5,16
29701,5,16
45311,6,16
14151,4,16
33879,5,16
3933,6,16
28033,4,16
29207,5,16
44683,5,16
58071,6,16
84299,5,16
23121,4,16
1561,3,16
24073,4,16
24593,6,16
39105,5,16
37055,5,16
43285,4,16
36103,4,16
68465,5,16
60147,4,16
78937,5,16
25907,4,16
24069,4,16
52287,5,16
7039,6,16
28503,5,16
36931,4,16
91339,5,16
70969,5,16
33041,6,16
33553,5,16
13901,5,16
18823,5,16
107063,6,16
67131,5,16
33183,6,16
24685,6,16
82351,6,16
58005,5,16
79845,5,16
63393,5,16
7907,5,16
36289,4,16
31471,5,16
22177,4,16
33799,5,16
40283,5,16
61747,5,16
18839,5,16
13789,6,16
10283,4,16
37367,4,16
66471,5,16
81259,5,16
26433,5,16
46061,6,16
10175,5,16
49229,6,16
44515,5,16
38979,6,16
13521,5,16
51065,5,16
78689,5,16
60743,6,16
22711,5,16
15457,3,16
20367,5,16
31267,4,16
51549,4,16
23375,5,16
13779,6,16
53831,5,16
46399,5,16
12827,5,16
23541,6,16
34297,5,16
37387,4,16
70839,6,16
36001,5,16
46551,4,16
29753,6,16
21655,5,16
21711,5,16
23847,4,16
34183,5,16
63323,5,16
6377,5,16
11807,3,16
21073,5,16
51527,5,16
67651,5,16
29429,4,16
39733,5,16
79553,4,16
10783,5,16
79131,5,16
47671,4,16
18147,6,16
69351,5,16
40459,5,16
46675,4,16
33481,5,16
19951,6,16
30219,6,16
80481,5,16
51523,5,16
81815,5,16
57345,5,16
33015,4,16
20191,5,16
33669,5,16
25023,5,16
26647,6,16
42385,5,16
12615,5,16
11753,3,16
42249,5,16
52431,5,16
71299,5,16
20253,6,16
24649,5,16
14815,4,16
63071,5,16
46769,5,16
30769,6,16
29535,6,16
55487,5,16
35181,4,16
10491,6,16
61537,5,16
11717,4,16
69943,5,16
100701,5,16
92911,5,16
74305,6,16
41403,6,16
18281,4,16
34169,5,16
43987,5,16
20321,6,16
10895,5,16
7793,4,16
35307,5,16
18305,5,16
57749,5,16
124753,5,16
57329,5,16
99245,6,16
26555,5,16
39533,5,16
6883,5,16
18637,4,16
32547,5,16
65339,4,16
111277,6,16
17909,6,16
47537,5,16
6419,6,16
25495,5,16
74875,5,16
76163,5,16
74497,6,16
52149,5,16
59037,6,16
169717,6,16
13771,3,16
38871,5,16
44175,5,16
106805,5,16
89239,5,16
23645,5,16
35095,5,16
21767,4,16
45757,4,16
59291,4,16
23431,4,16
66759,5,16
50931,5,16
16503,6,16
62701,4,16
6111,3,16
32027,6,16
89777,5,16
62901,6,16
8591,5,16
44739,4,16
35053,4,16
28423,5,16
24535,5,16
78419,6,16
41719,4,16
44189,5,16
34157,4,16
34525,5,16
30627,4,16
10679,4,16
64007,6,16
33903,6,16
35071,5,16
42311,4,16
22141,5,16
39847,6,16
59977,4,16
23431,5,16
87327,5,16
40273,5,16
36349,5,16
12113,4,16
44677,4,16
30805,5,16
3107,3,16
82029,5,16
3091,5,16
35263,6,16
48817,4,16
73229,5,16
69761,4,16
34663,6,16
47347,4,16
9767,4,16
71843,5,16
90697,5,16
75593,5,16
74129,5,16
93487,5,16
9949,5,16
76127,5,16
53299,4,16
26129,5,16
108649,5,16
71189,4,16
27575,4,16
41463,6,16
37455,5,16
14741,4,16
42791,5,16
49721,5,16
71859,6,16
33673,5,16
60283,4,16
38043,5,16
28257,6,16
132403,5,16
89349,5,16
85173,6,16
20545,5,16
116633,5,16
18001,4,16
34315,5,16
140531,6,16
53431,5,16
19743,4,16
33915,5,16
28263,5,16
15223,4,16
1431,6,16
37931,4,16
41927,5,16
15643,4,16
13059,5,16
49339,6,16
76933,6,16
35439,5,16
47965,6,16
26117,5,16
24005,6,16
204405,6,16
107639,6,16
34291,6,16
55163,5,16
41153,4,16
82321,5,16
44739,6,16
81133,5,16
8293,6,16
55311,5,16
53519,5,16
447,6,16
3677,4,16
111687,5,16
5227,5,16
16211,5,16
3515,3,16
525,2,16
27333,4,16
34555,5,16
52941,6,16
25801,4,16
65091,6,16
50189,6,16
78159,6,16
15373,6,16
23617,4,16
39269,5,16
27785,5,16
81383,5,16
43063,5,16
33607,5,16
1591,5,16
49561,5,16
52295,5,16
21073,4,16
38045,5,16
58043,6,16
53317,6,16
25317,4,16
10753,6,16
155181,5,16
2957,3,16
47979,4,16
63269,4,16
33117,5,16
63745,5,16
3429,6,16
4579,4,16
82025,6,16
71931,6,16
45877,5,16
87433,5,16
217819,5,16
25689,5,16
32799,5,16
35533,5,16
72483,5,16
60065,5,16
47131,5,16
57579,5,16
100547,5,16
18643,5,16
1385,6,16
26143,5,16
89851,4,16
53883,5,16
129583,5,16
141739,5,16
83969,5,16
34367,5,16
26395,6,16
38361,5,16
16789,3,16
190975,6,16
45469,6,16
94947,5,16
14581,5,16
70183,5,16
101099,5,16
141477,6,16
63359,4,16
75995,5,16
44291,5,16
70731,6,16
16903,6,16
3585,4,16
34277,5,16
6637,3,16
25861,4,16
12435,5,16
94943,5,16
23027,4,16
58173,4,16
27365,4,16
34551,6,16
105047,6,16
45465,5,16
114615,5,16
102205,5,16
51645,4,16
16397,3,16
9033,4,16
11191,5,16
23977,5,16
22283,6,16
73853,6,16
105681,4,16
55541,4,16
30473,5,16
33439,5,16
112649,5,16
70999,5,16
106081,5,16
72705,6,16
132463,6,16
25281,5,16
77907,6,16
7241,3,16
24677,4,16
811,2,16
1853,5,16
3959,5,16
3591,2,16
15801,4,16
97243,5,16
35253,6,16
19383,4,16
9061,6,16
30789,5,16
74847,6,16
3447,6,16
38023,6,16
1745,4,16
13853,6,16
17125,5,16
24247,6,16
36439,5,16
47031,5,16
17697,6,16
52227,6,16
1361,3,16
95795,5,16
25767,4,16
54851,5,16
4525,4,16
40375,4,16
18601,5,16
63357,4,16
9359,4,16
98635,5,16
29189,5,16
23683,6,16
25063,6,16
22515,5,16
3309,3,16
3019,5,16
1185,3,16
28529,5,16
6069,5,16
5415,5,16
13077,5,16
895,4,16
8633,4,16
2279,5,16
5503,4,16
8855,4,16
4651,4,16
2455,3,16
5269,4,16
16103,5,16
1683,4,16
7073,5,16
5091,5,16
6979,4,16
5853,5,16
3385,4,16
9147,3,16
28929,4,16
18473,4,16
8789,4,16
2525,5,16
14819,4,16
3585,4,16
19483,4,16
4357,4,16
3519,4,16
15235,5,16
5913,4,16
3967,4,16
2579,5,16
2895,5,16
1309,3,16
4237,4,16
461,6,16
3139,5,16
9037,4,16
4623,4,16
13025,4,16
2609,5,16
5481,5,16
17691,5,16
8145,6,16
13355,5,16
7199,4,16
4511,4,16
5017,3,16
11221,4,16
3121,4,16
5451,4,16
13133,5,16
12925,4,16
8475,5,16
11819,5,16
3701,5,16
8191,4,16
2305,4,16
18707,4,16
3611,4,16
13599,4,16
6291,4,16
4189,4,16
5575,3,16
8707,6,16
5597,4,16
10289,5,16
2189,4,16
1061,3,16
8555,4,16
30021,4,16
6247,5,16
25889,4,16
21401,4,16
6971,5,16
3691,5,16
3373,4,16
6799,5,16
19169,5,16
8773,5,16
2729,5,16
4563,5,16
8735,6,16
27103,5,16
16349,4,16
2235,4,16
4133,6,16
7341,4,16
10879,4,16
6745,5,16
1863,4,16
2643,5,16
4347,4,16
5551,5,16
3803,5,16
4221,4,16
17277,4,16
1439,4,16
5965,4,16
2145,3.5,16
17779,4,16
10161,5,16
6475,5,16
2187,3,16
2091,4,16
1655,3,16
25073,4,16
2971,5,16
4345,6,16
5585,5,16
38983,4,16
5003,4,16
4205,4,16
5629,4,16
5777,3.5,16
1723,5,16
4121,4,16
15713,5,16
967,3,16
2709,4,16
4217,4,16
4891,4,16
21145,4,16
7089,4,16
3043,5,16
13509,4,16
30323,5,16
9307,5,16
6221,5,16
5139,5,16
11081,4,16
1669,5,16
12461,4,16
5637,5,16
7669,5,16
5989,4,16
7813,4,16
14693,4,16
7877,4,16
31183,4,16
8611,5,16
713,6,16
1165,3,16
1021,3,16
4557,3,16
5685,4,16
5577,4,16
5569,4,16
4893,3,16
2633,5,16
3467,5,16
7077,4,16
7715,5,16
7491,5,16
11429,5,16
4355,4,16
5135,4,16
7211,3,16
6687,4,16
4957,4,16
28449,4,16
847,5,16
9345,4,16
2379,4,16
21223,4,16
551,2,16
1257,5,16
1815,4,16
4931,5,16
7825,5,16
4691,4,16
5517,4,16
5613,5,16
14695,4,16
5747,5,16
6791,5,16
2063,4,16
4565,4,16
9761,4,16
851,3,16
3475,4,16
4869,4,16
6893,4,16
4847,4,16
4819,5,16
2719,5,16
12749,5,16
505,5,16
7443,4,16
4145,4,16
3091,4,16
1661,3,16
241,2,16
327,2,16
5149,5,16
2021,3,16
1843,6,16
5193,4,16
19197,5,16
4019,3,16
6273,4,16
3529,5,16
5759,5,16
1795,3,16
3133,4,16
4501,4,16
5113,4,16
5947,4,16
37873,5,16
20885,5,16
3285,4,16
2503,4,16
9663,5,16
2113,4,16
10321,5,16
29935,5,16
9939,5,16
1151,2.5,16
11073,5,16
20023,5,16
3235,5,16
3399,5,16
2035,4,16
1063,4,16
10853,4,16
11057,4,16
7941,4,16
9757,4,16
2861,3.5,16
15127,4,16
2981,5,16
14399,4,16
6939,5,16
15551,4,16
13745,4,16
12913,4,16
4393,3,16
2823,4,16
8281,4,16
5419,5,16
5729,4,16
573,2,16
1111,2,16
13477,4,16
869,3,16
9003,4,16
5703,5,16
7149,4,16
13509,4,16
10203,4,16
2889,3,16
2217,3.5,16
5027,5,16
12401,5,16
2263,6,16
8311,5,16
7665,4,16
3097,4,16
12177,5,16
2831,4,16
4657,5,16
2949,5,16
3855,4,16
6079,3,16
10727,4,16
13593,5,16
3507,4,16
5767,4,16
28459,5,16
8395,4,16
11643,4,16
26347,4,16
245,4,16
24639,5,16
12835,5,16
4805,4,16
1617,4,16
3155,4,16
5307,4,16
6085,4,16
15985,5,16
1905,4,16
10461,5,16
573,2,16
10789,5,16
20297,4,16
15633,4,16
4881,4,16
2679,3,16
15669,5,16
14871,4,16
10653,5,16
2129,4,16
3535,6,16
3973,5,16
1635,3,16
2591,4,16
3705,4,16
3343,4,16
4903,4,16
16931,4,16
1139,4,16
1441,4,16
3505,4,16
7433,4,16
1913,4,16
9913,5,16
1043,4,16
5987,5,16
3911,5,16
4483,3,16
1193,3,16
1193,4,16
8277,4,16
4609,4,16
14251,5,16
8077,4,16
797,3,16
957,3,16
1961,4,16
8651,4,16
1791,4,16
35073,5,16
3869,4,16
269,4,16
955,3,16
775,2.5,16
17581,4,16
14257,4,16
1593,4,16
10145,5,16
8171,6,16
4481,4,16
5493,4,16
4671,3,16
11385,4,16
2589,4,16
1471,4,16
3473,4,16
15311,4,16
11557,6,16
12953,4,16
10313,6,16
3309,4,16
4491,4,16
2251,5,16
763,4,16
3643,4,16
4823,4,16
2793,5,16
8937,4,16
5441,3,16
9551,4,16
933,3,16
13133,4,16
985,5,16
2847,5,16
4019,5,16
4019,5,16
3893,4,16
11343,4,16
4807,5,16
4793,4,16
20839,4,16
