4,2,3
4,0,4
11,4,5
5,2,5
5,0,6
11,2,6
11,0,6
29,6,7
6,2,7
14,4,7
7,2,7
11,4,7
11,2,7
11,0,7
6,0,8
29,4,8
7,0,8
14,2,8
34,4,8
13,2,8
29,2,8
13,0,8
29,0,8
34,2,8
12,2,8
11,0,8
10,0,8
7,2,8
22,4,8
19,2,8
19,0,8
14,0,8
34,6,8
14,0,8
14,2,8
76,8,9
7,2,9
37,6,9
17,4,9
9,2,9
30,6,9
15,4,9
13,2,9
31,6,9
19,4,9
29,4,9
12,2,9
18,4,9
12,0,9
11,2,9
28,6,9
29,2,9
15,4,9
9,0,9
29,4,9
8,2,9
34,2,9
16,4,9
34,0,9
20,2,9
29,2,9
29,0,9
34,2,9
34,2,9
34,0,9
29,2,9
21,2,9
19,0,9
19,0,9
12,2,9
34,4,9
12,0,9
22,4,9
18,2,9
14,2,9
18,0,9
14,2,9
34,4,9
14,0,9
14,2,9
7,0,9
21,2,9
11,2,9
20,4,9
7,0,10
76,6,10
9,0,10
17,2,10
76,4,10
34,4,10
13,2,10
37,4,10
76,2,10
13,0,10
18,2,10
35,2,10
12,0,10
21,4,10
34,2,10
17,2,10
76,0,10
13,2,10
27,2,10
15,2,10
29,4,10
35,0,10
29,2,10
15,2,10
25,4,10
31,0,10
23,2,10
16,0,10
29,2,10
12,2,10
15,0,10
22,0,10
9,0,10
15,0,10
11,0,10
13,2,10
16,0,10
14,2,10
22,4,10
26,2,10
29,2,10
29,0,10
29,0,10
29,2,10
29,0,10
91,6,10
91,4,10
91,0,10
61,6,10
33,4,10
35,2,10
31,2,10
25,4,10
37,2,10
23,4,10
25,4,10
29,2,10
22,0,10
34,2,10
34,0,10
42,4,10
86,4,10
26,4,10
86,2,10
34,2,10
50,6,10
9,2,10
13,0,10
29,2,10
34,2,10
34,0,10
24,4,10
34,2,10
15,2,10
29,0,10
34,4,10
34,2,10
34,4,10
101,0,10
55,6,10
21,0,10
46,2,10
21,2,10
24,2,10
48,4,10
21,0,10
24,0,10
19,0,10
21,2,10
26,0,10
61,0,10
15,4,10
22,2,10
61,2,10
23,2,10
34,0,10
22,2,10
30,4,10
76,0,10
61,4,10
31,4,10
23,0,10
26,2,10
56,0,10
19,2,10
56,2,10
19,0,10
19,2,10
71,0,10
19,2,10
25,4,10
30,2,10
20,2,10
14,0,10
16,0,10
31,2,10
17,2,10
31,0,10
16,0,10
29,4,10
17,2,10
20,0,10
27,0,10
91,8,10
41,2,10
41,2,10
41,4,10
39,6,10
13,0,10
17,0,10
13,2,10
11,0,10
15,2,10
33,6,10
19,0,10
14,2,10
14,0,10
34,2,10
86,6,10
16,0,10
26,0,10
42,6,10
26,2,10
20,2,10
11,2,10
7,0,10
10,2,10
31,2,10
31,4,10
19,4,10
21,2,10
101,6,10
35,0,10
29,4,10
31,0,10
19,2,10
18,4,10
21,0,10
18,2,10
19,4,10
23,4,10
19,2,10
14,2,10
15,0,10
9,2,10
21,2,11
43,4,11
101,2,11
27,0,11
34,0,11
20,2,11
91,2,11
27,0,11
91,4,11
29,2,11
26,0,11
26,2,11
13,0,11
101,0,11
101,2,11
33,0,11
21,2,11
51,2,11
71,2,11
49,4,11
23,2,11
101,4,11
33,2,11
71,0,11
71,2,11
71,0,11
24,2,11
61,0,11
18,2,11
21,0,11
53,4,11
49,2,11
91,2,11
91,2,11
91,0,11
21,0,11
39,0,11
33,0,11
55,0,11
91,4,11
27,2,11
34,2,11
92,6,11
116,0,11
25,2,11
38,2,11
116,0,11
19,4,11
49,4,11
17,2,11
34,2,11
20,0,11
50,4,11
17,2,11
91,2,11
31,0,11
116,2,11
38,0,11
15,2,11
57,4,11
23,2,11
91,6,11
25,4,11
32,4,11
13,2,11
61,2,11
24,0,11
50,2,11
21,0,11
15,2,11
46,2,11
50,0,11
30,0,11
91,4,11
26,2,11
61,0,11
18,2,11
18,2,11
61,2,11
48,0,11
46,2,11
91,2,11
91,4,11
30,0,11
28,2,11
86,2,11
30,0,11
86,0,11
19,2,11
25,2,11
15,0,11
91,2,11
28,0,11
43,6,11
17,4,11
29,0,11
34,2,11
12,0,11
61,2,11
38,4,11
28,2,11
35,2,11
13,0,11
18,0,11
44,4,11
86,0,11
30,2,11
86,2,11
86,0,11
29,0,11
27,2,11
58,0,11
58,4,11
39,2,11
47,0,11
43,4,11
18,4,11
31,2,11
16,0,11
22,4,11
29,2,11
21,2,11
33,4,11
61,6,11
61,2,11
91,0,11
61,4,11
29,0,11
63,4,11
24,2,11
71,2,11
30,2,11
22,2,11
48,2,11
20,0,11
14,2,11
21,2,11
11,0,11
86,2,11
35,4,11
24,2,11
86,6,11
28,4,11
29,4,11
16,2,11
56,2,11
61,2,11
29,2,11
21,2,11
19,4,11
61,2,11
22,0,11
31,0,11
16,2,11
45,2,11
101,2,11
76,2,11
91,2,11
29,2,11
61,0,11
39,4,11
33,2,11
61,2,11
33,0,11
38,0,11
16,2,11
26,0,11
18,0,11
19,0,11
50,0,11
32,2,11
25,2,11
27,2,11
76,2,11
76,0,11
76,2,11
76,4,11
25,2,11
76,4,11
76,0,11
29,2,11
76,4,11
27,2,11
76,2,11
23,0,11
37,6,11
25,0,11
31,2,11
56,0,11
33,0,11
43,6,11
25,4,11
27,2,11
86,4,11
13,0,11
56,2,11
40,2,11
25,2,11
29,2,11
23,4,11
15,0,11
25,2,11
76,6,11
25,4,11
26,2,11
23,4,11
19,4,11
19,0,11
15,0,11
13,2,11
28,4,11
28,4,11
15,0,11
56,4,11
56,2,11
71,2,11
21,2,11
13,2,11
28,4,11
91,2,11
23,0,11
86,6,11
29,4,11
34,4,11
15,2,11
53,6,11
21,0,11
15,2,11
13,2,11
116,2,11
86,2,11
56,0,11
77,8,11
41,6,11
34,6,11
22,4,11
19,4,11
32,2,11
79,8,11
37,6,11
37,6,11
20,4,11
48,6,11
40,6,11
17,4,11
8,2,11
46,2,11
23,0,11
101,4,11
71,0,11
71,2,11
71,0,11
71,2,11
61,2,11
18,0,11
91,0,11
37,2,11
91,6,11
37,4,11
50,4,11
23,2,11
94,8,11
48,2,11
23,0,11
30,0,11
31,2,11
56,2,11
48,2,11
19,0,11
30,2,11
21,0,11
30,2,11
71,0,11
43,4,11
37,4,11
61,2,11
22,0,11
53,2,11
19,0,11
71,2,11
46,2,11
36,2,11
41,2,11
11,0,11
56,2,11
41,0,11
41,0,11
61,0,11
34,0,11
61,6,11
29,4,11
91,4,11
25,2,11
51,4,11
17,2,11
24,2,11
59,6,11
25,4,11
61,0,11
33,2,11
37,4,11
36,0,11
53,4,11
50,2,11
76,4,11
33,2,11
76,6,11
23,4,11
31,4,11
13,2,11
45,2,11
21,0,11
41,2,11
71,0,11
91,0,11
49,0,11
44,6,11
53,6,11
31,4,11
41,4,11
26,2,11
35,2,11
17,2,11
23,2,11
61,0,11
30,2,11
47,4,11
40,4,11
91,4,11
31,2,11
56,0,11
15,0,11
79,8,11
42,6,11
45,6,11
25,4,11
70,8,11
39,6,11
46,6,11
20,4,11
20,4,11
11,2,11
41,4,11
19,2,11
86,4,11
34,2,11
36,4,11
16,2,11
32,0,11
32,0,11
20,2,11
50,6,11
34,4,11
82,8,11
43,6,11
43,6,11
45,6,11
24,4,11
23,4,11
27,4,11
15,2,11
12,2,11
97,8,11
50,6,11
27,4,11
199,10,11
15,2,11
27,4,11
19,2,11
31,0,11
31,2,11
35,0,11
23,2,11
19,4,11
101,4,11
31,4,11
31,2,11
11,0,11
91,6,11
41,4,11
41,2,11
29,4,11
9,2,11
13,0,11
41,4,11
11,2,11
31,0,11
31,2,11
101,4,11
31,2,11
31,2,11
31,0,11
101,6,11
15,0,11
21,2,11
39,4,11
29,2,11
23,0,11
21,2,11
61,0,11
61,4,11
71,2,11
31,0,11
13,2,11
61,0,11
61,2,11
71,4,11
61,0,11
61,4,11
71,2,11
61,0,11
61,2,11
71,4,11
28,0,11
16,0,11
11,0,11
41,0,11
41,2,11
41,0,11
41,2,11
41,0,11
41,2,11
91,6,11
41,2,11
41,4,11
91,2,11
91,4,11
15,0,11
15,2,11
41,4,11
22,0,11
34,2,11
21,0,11
21,2,11
33,4,11
41,4,11
76,2,11
76,4,11
76,0,11
76,0,11
76,2,11
116,4,11
116,6,11
116,4,11
17,2,11
39,2,11
116,6,11
26,2,11
20,0,11
10,2,11
26,0,11
16,0,11
28,2,11
86,6,11
26,4,11
34,4,11
18,2,11
31,2,11
51,6,11
20,0,11
31,4,11
22,2,11
21,0,11
34,0,11
22,2,11
8,0,11
9,2,11
11,2,11
29,4,11
86,6,11
26,4,11
28,2,11
86,4,11
18,4,11
31,4,11
18,0,11
33,2,11
31,2,11
13,2,11
15,0,11
21,0,11
14,0,11
19,2,11
41,4,11
41,0,11
61,2,11
21,4,11
16,2,11
18,0,11
19,2,11
16,2,11
59,6,11
31,2,11
26,2,11
41,2,11
26,0,11
19,2,11
11,0,11
48,4,11
18,2,11
25,4,11
40,6,11
29,4,11
17,2,11
7,0,11
12,2,11
10,0,11
14,0,11
20,0,11
31,4,11
33,0,11
31,2,11
56,4,11
34,2,11
50,4,11
21,2,11
61,2,11
61,2,11
61,0,11
31,2,11
20,2,11
26,0,11
16,0,11
58,4,11
18,2,11
41,2,11
25,2,11
24,2,11
16,4,11
16,0,11
71,2,11
31,2,11
21,2,11
57,6,11
18,2,11
23,4,11
31,0,11
71,4,11
46,4,11
28,4,11
20,2,11
41,2,11
46,2,11
34,0,11
49,6,11
25,4,11
43,0,11
30,4,11
46,2,11
46,4,11
101,0,12
101,4,12
71,0,12
71,0,12
91,0,12
27,4,12
31,0,12
31,0,12
116,0,12
21,4,12
90,6,12
15,2,12
101,2,12
59,6,12
71,2,12
54,2,12
62,6,12
71,0,12
101,2,12
71,4,12
19,2,12
53,4,12
19,2,12
101,0,12
91,2,12
73,4,12
91,0,12
53,2,12
39,2,12
71,2,12
34,0,12
71,2,12
71,0,12
71,0,12
48,2,12
91,4,12
161,8,12
30,4,12
42,2,12
37,2,12
67,2,12
91,4,12
31,2,12
57,2,12
21,0,12
34,0,12
116,2,12
24,2,12
48,2,12
25,2,12
29,0,12
67,6,12
24,4,12
36,2,12
48,2,12
86,4,12
61,0,12
53,4,12
91,2,12
51,2,12
30,0,12
34,2,12
33,4,12
49,2,12
91,0,12
14,2,12
91,0,12
53,6,12
86,2,12
86,2,12
50,2,12
56,2,12
58,2,12
40,0,12
63,6,12
58,6,12
78,4,12
20,2,12
49,0,12
19,0,12
24,2,12
40,4,12
23,2,12
38,2,12
26,2,12
71,0,12
45,2,12
27,4,12
40,0,12
24,2,12
32,0,12
40,4,12
51,2,12
66,6,12
46,2,12
32,0,12
26,0,12
33,0,12
139,8,12
61,6,12
86,6,12
86,4,12
48,2,12
25,2,12
60,4,12
36,4,12
33,2,12
47,4,12
27,2,12
61,2,12
45,2,12
34,2,12
40,6,12
28,2,12
31,2,12
61,2,12
98,4,12
39,2,12
19,0,12
76,0,12
58,0,12
30,2,12
67,6,12
58,2,12
76,0,12
31,0,12
67,4,12
21,2,12
61,2,12
29,0,12
61,2,12
50,0,12
39,0,12
31,0,12
32,0,12
26,2,12
76,2,12
76,2,12
76,0,12
59,6,12
52,0,12
35,2,12
76,4,12
27,4,12
21,2,12
33,2,12
39,2,12
40,4,12
23,2,12
29,0,12
29,2,12
50,4,12
36,0,12
32,4,12
19,2,12
47,4,12
27,2,12
76,4,12
25,2,12
28,4,12
19,2,12
76,4,12
56,0,12
26,4,12
76,4,12
21,2,12
56,2,12
61,2,12
128,8,12
60,6,12
74,4,12
76,0,12
92,4,12
76,0,12
76,2,12
21,0,12
71,6,12
41,6,12
65,4,12
32,4,12
25,0,12
40,2,12
25,2,12
29,2,12
43,2,12
47,4,12
39,4,12
23,2,12
55,0,12
32,2,12
67,2,12
27,0,12
43,2,12
18,4,12
48,2,12
30,2,12
86,4,12
47,4,12
43,2,12
75,4,12
15,0,12
116,4,12
56,2,12
86,2,12
41,2,12
56,2,12
34,2,12
27,0,12
26,2,12
29,2,12
35,2,12
17,2,12
31,2,12
21,2,12
23,0,12
56,2,12
67,2,12
41,2,12
32,4,12
61,2,12
20,0,12
15,0,12
17,2,12
61,2,12
15,0,12
18,2,12
71,4,12
30,2,12
45,4,12
39,2,12
17,0,12
72,6,12
27,0,12
239,2,12
90,0,12
77,6,12
40,2,12
49,2,12
35,0,12
35,0,12
39,2,12
36,2,12
244,2,12
41,2,12
31,2,12
91,2,12
31,0,12
32,2,12
33,2,12
41,0,12
32,0,12
49,2,12
44,2,12
24,0,12
71,0,12
45,4,12
61,2,12
41,2,12
39,2,12
184,2,12
67,0,12
36,2,12
14,0,12
71,2,12
31,4,12
43,2,12
47,4,12
22,0,12
41,0,12
49,0,12
36,4,12
62,4,12
67,0,12
47,4,12
38,4,12
28,0,12
56,4,12
67,4,12
27,2,12
76,0,12
76,6,12
39,4,12
57,4,12
35,2,12
41,2,12
30,2,12
55,2,12
20,0,12
229,2,12
43,2,12
79,4,12
40,2,12
23,0,12
86,6,12
25,4,12
29,2,12
32,4,12
46,4,12
19,2,12
179,2,12
58,0,12
149,4,12
34,2,12
22,0,12
55,2,12
28,0,12
58,2,12
54,2,12
33,0,12
21,2,12
61,2,12
61,0,12
61,4,12
50,4,12
17,2,12
51,0,12
41,2,12
25,2,12
61,2,12
45,4,12
29,2,12
61,2,12
47,2,12
164,6,12
71,0,12
56,0,12
69,4,12
70,2,12
38,0,12
35,2,12
50,2,12
50,4,12
37,4,12
23,2,12
11,0,12
33,0,12
169,2,12
66,0,12
67,0,12
43,2,12
55,0,12
25,2,12
31,2,12
36,2,12
14,2,12
29,2,12
42,2,12
50,0,12
21,2,12
49,2,12
40,2,12
60,2,12
154,4,12
154,2,12
119,6,12
94,2,12
106,0,12
184,2,12
91,2,12
38,0,12
124,0,12
91,0,12
40,2,12
229,4,12
87,2,12
32,0,12
49,4,12
26,2,12
110,6,12
30,0,12
179,2,12
46,0,12
119,0,12
56,2,12
179,0,12
104,4,12
74,2,12
169,0,12
71,2,12
68,2,12
70,2,12
42,4,12
31,0,12
48,0,12
199,0,12
36,0,12
41,0,12
45,4,12
22,2,12
37,0,12
224,0,12
98,2,12
12,0,12
31,0,12
41,2,12
41,2,12
33,2,12
11,0,12
34,2,12
116,2,12
49,2,12
31,4,12
31,2,12
31,0,12
31,0,12
43,4,12
79,4,12
32,2,12
31,4,12
73,4,12
61,0,12
31,0,12
26,2,12
9,2,12
41,0,12
91,6,12
41,2,12
94,8,12
27,0,12
73,2,12
61,6,12
41,2,12
101,2,12
31,0,12
31,0,12
22,4,12
26,2,12
116,4,12
76,0,12
76,0,12
31,2,12
61,2,12
109,4,12
40,2,12
41,2,12
51,6,12
16,2,12
61,4,12
61,0,12
61,0,12
61,2,12
61,2,12
34,0,12
22,2,12
28,0,12
30,4,12
20,2,12
10,0,12
31,2,12
23,4,12
18,2,12
33,2,12
31,2,12
22,2,12
14,0,12
20,2,12
18,0,12
47,4,12
16,2,12
20,2,12
19,2,12
19,2,12
23,4,12
19,0,12
56,6,12
56,2,12
23,0,12
23,2,12
19,2,12
27,4,12
22,4,12
71,2,12
32,2,12
26,0,12
23,2,12
43,4,12
31,0,12
80,8,12
30,0,12
20,0,12
22,0,12
31,0,12
25,4,12
31,2,12
14,2,12
63,4,12
26,0,12
29,2,12
17,2,12
28,2,12
11,0,12
17,2,12
71,4,12
75,6,12
71,6,12
56,6,12
31,0,12
17,0,12
31,2,12
61,4,12
73,6,12
35,4,12
61,6,12
15,0,12
20,4,12
27,2,12
18,0,12
26,4,12
26,0,12
38,4,12
24,2,12
22,0,12
16,2,12
22,4,12
71,0,12
28,2,12
56,6,12
44,2,12
44,0,12
52,0,12
63,4,12
20,2,12
16,0,12
26,0,12
46,2,12
56,2,12
35,2,12
52,6,12
31,0,12
25,2,12
36,2,12
36,0,12
19,0,12
32,4,12
26,0,12
38,2,12
26,2,12
34,2,12
15,4,12
20,4,12
60,0,12
86,6,12
21,2,12
14,0,12
23,0,12
23,4,12
19,2,12
65,0,12
17,0,12
31,0,12
34,2,12
13,2,12
14,4,12
18,2,12
41,4,12
15,0,12
12,2,12
34,2,12
27,4,12
27,0,12
13,2,12
24,2,12
15,2,12
9,2,12
30,0,12
37,2,12
66,4,12
64,2,12
224,8,12
104,6,12
92,8,12
34,2,12
46,0,12
24,0,12
24,0,12
50,6,12
19,2,12
50,6,12
19,0,12
23,0,12
21,0,12
19,4,12
48,6,12
48,4,12
37,4,12
23,2,12
43,2,12
28,2,12
23,2,12
61,2,12
34,2,12
34,2,12
54,0,12
29,2,12
61,4,12
46,0,12
31,2,12
56,0,12
18,0,12
58,2,12
101,0,13
36,2,13
67,2,13
71,0,13
42,4,13
101,0,13
71,0,13
122,6,13
84,2,13
101,4,13
49,0,13
71,2,13
101,2,13
71,2,13
71,0,13
93,6,13
59,4,13
91,0,13
49,4,13
29,2,13
63,2,13
35,2,13
41,4,13
91,2,13
27,4,13
116,2,13
57,0,13
239,4,13
78,2,13
78,4,13
35,2,13
36,2,13
23,2,13
29,0,13
69,2,13
71,0,13
86,4,13
92,4,13
15,0,13
101,0,13
86,2,13
91,2,13
304,2,13
55,4,13
73,2,13
104,6,13
85,4,13
85,4,13
57,2,13
209,0,13
70,2,13
64,0,13
64,0,13
52,0,13
50,2,13
48,2,13
44,4,13
131,4,13
52,2,13
63,0,13
60,0,13
71,0,13
36,0,13
57,2,13
179,2,13
101,0,13
101,4,13
108,6,13
156,6,13
150,0,13
149,0,13
84,0,13
36,0,13
89,2,13
50,4,13
52,4,13
91,0,13
77,2,13
78,0,13
224,2,13
33,2,13
224,2,13
87,4,13
116,0,13
70,2,13
27,2,13
43,4,13
239,4,13
239,2,13
44,0,13
73,2,13
83,0,13
314,2,13
31,4,13
91,4,13
91,0,13
63,4,13
28,2,13
55,2,13
79,4,13
91,2,13
91,2,13
58,4,13
51,4,13
31,4,13
25,0,13
69,2,13
69,2,13
36,4,13
15,2,13
164,4,13
91,0,13
63,0,13
83,2,13
74,2,13
244,0,13
33,2,13
59,4,13
24,2,13
49,2,13
34,0,13
57,4,13
30,2,13
184,0,13
91,0,13
51,4,13
64,2,13
71,2,13
43,2,13
38,2,13
56,4,13
56,0,13
46,2,13
63,2,13
48,4,13
66,0,13
84,0,13
85,2,13
85,4,13
40,0,13
33,2,13
56,2,13
53,2,13
37,2,13
31,4,13
61,2,13
91,0,13
61,0,13
45,6,13
179,2,13
55,4,13
29,4,13
41,2,13
184,4,13
52,0,13
59,2,13
55,2,13
25,0,13
78,4,13
20,2,13
43,0,13
22,2,13
65,4,13
26,4,13
78,6,13
214,0,13
179,0,13
35,2,13
38,2,13
85,2,13
69,2,13
61,0,13
39,2,13
43,0,13
25,2,13
239,0,13
118,4,13
57,2,13
179,2,13
48,0,13
68,2,13
28,0,13
126,2,13
21,0,13
86,4,13
39,4,13
61,0,13
82,0,13
37,0,13
91,2,13
61,0,13
59,4,13
149,0,13
73,0,13
29,0,13
76,2,13
45,0,13
76,2,13
53,4,13
47,4,13
38,2,13
74,2,13
76,0,13
141,2,13
35,2,13
49,2,13
55,2,13
41,2,13
49,2,13
15,0,13
49,6,13
76,4,13
33,0,13
100,2,13
67,2,13
179,0,13
60,2,13
51,2,13
194,2,13
40,2,13
13,0,13
35,0,13
61,2,13
32,0,13
63,0,13
74,4,13
83,0,13
24,2,13
40,2,13
30,0,13
119,2,13
76,2,13
171,2,13
87,4,13
76,4,13
78,6,13
76,2,13
34,0,13
27,4,13
149,0,13
44,2,13
30,0,13
33,4,13
54,0,13
38,0,13
49,4,13
39,2,13
56,2,13
50,0,13
30,0,13
83,4,13
149,4,13
15,0,13
21,2,13
179,0,13
134,0,13
64,2,13
164,0,13
106,2,13
45,0,13
56,2,13
149,2,13
27,2,13
127,2,13
54,2,13
91,2,13
104,0,13
40,2,13
49,2,13
24,0,13
21,0,13
41,2,13
28,2,13
55,4,13
32,2,13
35,2,13
28,2,13
21,4,13
78,2,13
35,4,13
39,4,13
65,2,13
39,2,13
45,2,13
30,2,13
32,0,13
61,6,13
36,4,13
52,0,13
80,4,13
53,6,13
25,2,13
52,6,13
199,8,13
59,6,13
28,4,13
77,2,13
31,4,13
76,2,13
36,2,13
101,6,13
80,4,13
17,0,13
16,2,13
43,0,13
18,0,13
101,6,13
69,2,13
139,4,13
184,2,13
73,6,13
31,4,13
57,2,13
63,0,13
39,2,13
85,6,13
55,4,13
18,0,13
244,0,13
214,0,13
229,4,13
58,0,13
55,2,13
55,0,13
61,6,13
29,4,13
25,4,13
58,6,13
77,6,13
53,6,13
47,6,13
44,6,13
123,4,13
45,2,13
269,0,13
80,2,13
199,4,13
209,0,13
284,6,13
259,2,13
86,0,13
149,4,13
179,2,13
126,2,13
179,4,13
179,6,13
86,4,13
229,0,13
43,0,13
70,0,13
69,2,13
142,0,13
224,0,13
194,2,13
79,2,13
29,2,13
134,2,13
239,2,13
239,0,13
43,2,13
71,2,13
40,4,13
134,0,13
134,2,13
31,0,13
111,2,13
61,2,13
25,0,13
35,4,13
30,0,13
43,2,13
58,2,13
52,2,13
143,2,13
73,4,13
59,2,13
179,0,13
119,2,13
30,2,13
55,2,13
59,2,13
25,0,13
139,4,13
54,2,13
119,2,13
68,0,13
123,4,13
43,2,13
91,0,13
108,2,13
139,0,13
111,2,13
40,0,13
52,2,13
33,2,13
36,2,13
55,6,13
121,0,13
239,0,13
41,4,13
93,4,13
27,0,13
47,0,13
151,2,13
66,0,13
74,2,13
41,2,13
184,2,13
73,2,13
184,2,13
65,2,13
45,0,13
68,2,13
31,2,13
33,0,13
57,4,13
31,2,13
78,0,13
39,2,13
67,2,13
37,2,13
80,0,13
78,4,13
127,4,13
65,4,13
36,0,13
43,0,13
31,2,13
143,6,13
52,0,13
229,4,13
63,2,13
49,2,13
100,2,13
80,0,13
19,0,13
101,6,13
46,4,13
119,0,13
93,4,13
33,2,13
47,0,13
43,2,13
149,4,13
49,2,13
65,0,13
104,2,13
42,0,13
54,2,13
19,0,13
115,8,13
51,6,13
36,4,13
111,0,13
149,4,13
109,2,13
47,0,13
80,4,13
104,4,13
34,2,13
46,2,13
25,0,13
125,6,13
134,2,13
134,2,13
164,2,13
239,6,13
94,6,13
104,6,13
106,2,13
55,0,13
37,0,13
60,4,13
97,2,13
93,6,13
36,2,13
127,2,13
77,6,13
81,0,13
43,2,13
43,2,13
103,6,13
66,0,13
38,4,13
44,4,13
52,0,13
53,4,13
40,2,13
151,4,13
33,2,13
104,2,13
61,0,13
194,2,13
244,2,13
57,0,13
77,6,13
52,2,13
60,4,13
104,2,13
76,4,13
48,4,13
164,2,13
184,2,13
154,2,13
66,0,13
59,0,13
86,0,13
46,4,13
37,2,13
95,4,13
179,2,13
107,6,13
42,2,13
27,4,13
43,0,13
208,10,13
53,6,13
100,8,13
110,0,13
91,0,13
33,4,13
48,4,13
65,2,13
81,2,13
119,4,13
115,6,13
133,8,13
43,2,13
90,6,13
90,6,13
39,4,13
111,8,13
15,2,13
215,10,13
254,10,13
101,4,13
38,4,13
40,2,13
24,4,13
36,2,13
25,4,13
19,4,13
61,0,13
61,0,13
67,4,13
41,2,13
71,0,13
34,2,13
43,2,13
76,2,13
116,4,13
16,2,13
40,4,13
71,4,13
104,2,13
31,2,13
81,4,13
96,4,13
33,0,13
99,6,13
108,2,13
64,2,13
76,2,13
112,0,13
64,2,13
35,0,13
26,2,13
31,4,13
66,6,13
50,2,13
54,4,13
57,2,13
48,2,13
169,6,13
139,2,13
88,2,13
71,2,13
93,6,13
41,2,13
81,2,13
184,4,13
224,6,13
184,0,13
76,2,13
62,0,13
75,4,13
62,4,13
83,4,13
334,2,13
25,2,13
42,2,13
31,2,13
239,2,13
42,2,13
274,6,13
134,2,13
274,6,13
41,4,13
31,2,13
80,2,13
58,0,13
100,4,13
214,4,13
214,6,13
54,0,13
114,6,13
21,0,13
39,2,13
20,2,13
64,0,13
59,2,13
18,0,13
25,2,13
20,2,13
13,2,13
49,0,13
46,4,13
63,0,13
169,6,13
27,4,13
83,2,13
38,2,13
31,0,13
29,2,13
145,8,13
31,0,13
100,4,13
41,2,13
21,2,13
33,2,13
40,2,13
26,2,13
24,0,13
31,2,13
15,2,13
18,2,13
37,4,13
45,2,13
15,2,13
44,4,13
79,2,13
79,0,13
79,2,13
79,6,13
79,4,13
24,2,13
31,2,13
104,4,13
19,2,13
244,6,13
68,2,14
103,4,14
199,0,14
199,2,14
209,2,14
284,2,14
259,0,14
199,4,14
82,2,14
67,0,14
96,0,14
199,2,14
66,6,14
304,2,14
186,6,14
107,4,14
244,2,14
63,0,14
144,4,14
53,2,14
39,4,14
56,0,14
69,2,14
131,2,14
48,2,14
146,2,14
94,4,14
104,4,14
334,0,14
50,4,14
224,6,14
194,2,14
149,4,14
64,0,14
109,0,14
184,2,14
65,0,14
169,2,14
156,4,14
61,2,14
77,2,14
41,2,14
184,2,14
69,0,14
38,2,14
169,0,14
83,2,14
47,2,14
87,2,14
123,2,14
274,6,14
70,4,14
81,0,14
64,2,14
60,2,14
119,2,14
96,4,14
105,0,14
179,0,14
164,0,14
209,2,14
169,0,14
229,2,14
103,2,14
62,4,14
113,2,14
118,4,14
54,6,14
194,0,14
53,0,14
95,4,14
122,2,14
86,2,14
39,2,14
51,4,14
53,0,14
56,2,14
124,0,14
71,2,14
184,4,14
94,2,14
65,2,14
284,4,14
214,4,14
52,0,14
179,2,14
44,2,14
104,0,14
74,2,14
151,6,14
110,0,14
179,0,14
33,2,14
153,2,14
68,4,14
94,2,14
76,6,14
108,2,14
224,0,14
113,4,14
49,2,14
63,2,14
123,2,14
97,2,14
112,0,14
131,4,14
304,2,14
86,6,14
141,6,14
76,0,14
84,6,14
164,2,14
239,2,14
121,0,14
166,4,14
31,2,14
49,0,14
65,4,14
41,2,14
26,4,14
119,2,14
92,2,14
88,2,14
153,4,14
80,2,14
54,2,14
66,2,14
80,4,14
37,2,14
233,6,14
98,2,14
84,0,14
224,6,14
224,4,14
166,2,14
224,2,14
169,4,14
56,0,14
75,6,14
45,2,14
31,0,14
145,6,14
39,2,14
40,2,14
41,2,14
36,0,14
155,2,14
61,0,14
134,2,14
169,0,14
78,0,14
59,4,14
51,2,14
164,2,14
41,0,14
108,6,14
44,6,14
31,2,14
49,2,14
41,2,14
90,2,14
95,0,14
102,4,14
209,0,14
199,0,14
97,0,14
194,4,14
164,2,14
55,2,14
153,2,14
199,4,14
93,4,14
93,4,14
85,2,14
87,6,14
65,0,14
61,4,14
32,2,14
133,4,14
198,8,14
121,6,14
39,2,14
149,0,14
73,0,14
66,2,14
36,2,14
88,4,14
22,2,14
44,2,14
77,4,14
224,2,14
194,2,14
35,0,14
70,6,14
229,2,14
59,4,14
52,2,14
47,2,14
149,0,14
73,0,14
149,2,14
104,2,14
109,2,14
43,2,14
169,0,14
59,2,14
196,8,14
154,2,14
36,2,14
73,4,14
64,4,14
109,2,14
139,2,14
60,2,14
184,4,14
139,0,14
55,0,14
139,2,14
169,4,14
38,2,14
65,2,14
175,6,14
169,2,14
30,0,14
43,2,14
153,6,14
161,8,14
19,0,14
164,4,14
83,6,14
119,2,14
62,2,14
60,0,14
62,4,14
182,8,14
44,2,14
68,4,14
224,4,14
246,4,14
57,2,14
319,6,14
111,2,14
85,2,14
65,0,14
184,0,14
244,4,14
23,0,14
64,4,14
43,0,14
147,2,14
51,4,14
38,0,14
39,0,14
97,0,14
41,2,14
203,2,14
192,8,14
109,2,14
85,4,14
72,0,14
46,0,14
109,6,14
103,6,14
38,4,14
57,2,14
49,0,14
74,2,14
36,0,14
35,2,14
34,2,14
42,2,14
194,4,14
85,6,14
132,8,14
131,4,14
58,0,14
214,0,14
109,4,14
169,2,14
45,4,14
32,2,14
45,4,14
29,2,14
74,0,14
209,0,14
169,2,14
155,2,14
77,2,14
118,4,14
33,2,14
93,4,14
39,2,14
91,0,14
29,0,14
42,0,14
86,2,14
134,2,14
179,2,14
100,0,14
76,0,14
43,2,14
100,2,14
50,2,14
47,4,14
84,2,14
179,8,14
37,2,14
215,8,14
113,2,14
94,2,14
57,4,14
36,0,14
143,2,14
65,2,14
31,0,14
58,2,14
55,4,14
92,0,14
45,2,14
38,0,14
91,0,14
107,2,14
71,0,14
166,2,14
149,2,14
113,6,14
44,0,14
91,4,14
44,0,14
146,4,14
61,0,14
36,0,14
50,0,14
230,0,14
53,4,14
111,2,14
187,4,14
257,0,14
596,2,14
261,4,14
104,4,14
53,4,14
199,2,14
199,4,14
60,0,14
79,2,14
79,2,14
74,2,14
53,0,14
209,2,14
33,2,14
34,4,14
32,2,14
31,2,14
32,2,14
44,0,14
59,4,14
86,0,14
79,2,14
61,4,14
57,4,14
91,4,14
74,0,14
179,2,14
32,2,14
22,0,14
52,0,14
194,2,14
94,0,14
98,2,14
78,2,14
48,0,14
109,2,14
43,4,14
32,2,14
15,0,14
91,4,14
45,2,14
33,0,14
41,2,14
46,0,14
334,6,14
29,2,14
304,8,14
164,2,14
65,0,14
72,2,14
56,2,14
164,0,14
64,0,14
169,2,14
169,4,14
194,6,14
209,6,14
74,0,14
181,2,14
71,4,14
33,2,14
24,2,14
31,6,14
44,0,14
74,4,14
43,2,14
124,0,14
124,2,14
80,2,14
124,0,14
284,8,14
71,2,14
29,2,14
44,0,14
53,2,14
74,0,14
37,4,14
29,2,14
51,2,14
49,0,14
88,0,14
34,4,14
224,6,14
51,0,14
62,2,14
70,0,14
32,0,14
41,0,14
32,0,14
109,8,14
32,4,14
81,2,14
64,4,14
61,0,14
58,2,14
71,0,14
43,2,14
92,2,14
119,0,14
167,8,14
39,4,14
104,2,14
42,4,14
74,2,14
88,4,14
184,2,14
149,4,14
64,0,14
34,4,14
209,2,14
53,0,14
42,2,14
54,4,14
149,2,14
48,2,14
100,4,14
93,0,14
92,2,14
40,2,14
47,4,14
144,6,14
158,6,14
149,4,14
154,0,14
184,2,14
124,0,14
184,2,14
57,4,14
104,2,14
91,6,14
73,0,14
46,4,14
254,0,14
71,4,14
244,4,14
56,4,14
67,2,14
83,2,14
29,2,14
44,2,14
194,2,14
59,0,14
52,2,14
79,2,14
29,0,14
64,0,14
29,4,14
122,8,14
34,2,14
164,6,14
50,6,14
28,0,14
50,2,14
35,2,14
49,4,14
239,6,14
61,0,14
89,2,14
64,4,14
67,4,14
214,0,14
49,4,14
38,2,14
59,2,14
59,2,14
173,6,14
59,2,14
35,0,14
58,0,14
53,2,14
109,4,14
21,2,14
37,4,14
60,4,14
116,2,14
63,2,14
25,2,14
94,0,14
91,0,14
20,0,14
124,2,14
46,2,14
96,0,14
94,0,14
62,0,14
49,0,14
121,4,14
31,4,14
21,2,14
59,2,14
48,2,14
22,2,14
44,4,14
79,4,14
114,0,14
146,2,14
86,4,14
57,2,14
59,2,14
67,0,14
29,2,14
57,4,14
41,6,14
139,2,14
41,0,14
63,4,14
26,0,14
123,8,14
27,0,14
86,2,14
51,6,14
38,0,14
97,6,14
58,6,14
94,4,14
31,2,14
58,4,14
50,2,14
35,2,14
34,2,14
39,2,14
43,4,14
38,2,14
30,2,14
79,2,14
71,4,14
67,0,14
146,2,14
61,4,14
29,0,14
52,2,14
96,4,14
96,4,14
33,2,14
21,4,14
58,2,14
29,2,14
49,2,14
121,2,14
25,2,14
75,4,14
52,4,14
63,2,14
27,4,14
17,0,14
26,0,14
34,0,14
23,0,14
33,2,14
43,0,14
30,0,14
34,2,14
31,0,14
59,4,14
109,2,14
111,6,14
38,0,14
41,4,14
31,0,14
18,0,14
29,2,14
35,2,14
104,2,14
33,2,14
51,0,14
45,4,14
15,2,14
17,2,14
119,0,14
42,4,14
25,2,14
84,0,14
34,2,14
34,0,14
41,4,14
50,0,14
34,0,14
19,0,14
61,4,14
45,0,14
79,2,14
29,0,14
50,6,14
25,4,14
89,4,14
74,0,14
106,4,14
42,2,14
55,2,14
64,4,14
43,6,14
57,4,14
23,2,14
83,4,14
72,2,14
86,4,14
94,0,14
82,2,14
154,4,14
89,0,14
79,2,14
119,0,14
149,4,14
65,4,14
45,2,14
67,2,14
164,4,14
64,0,14
38,2,14
60,4,14
124,2,14
49,2,14
139,2,14
18,2,14
149,2,14
79,0,14
29,0,14
89,4,14
52,2,14
111,4,14
26,2,14
24,0,14
94,2,14
78,4,14
82,6,14
62,2,14
59,2,14
169,2,14
75,4,14
20,0,14
71,2,14
46,2,14
56,4,14
184,0,14
56,6,14
50,4,14
80,0,14
91,6,14
178,8,14
109,0,14
115,8,14
179,4,14
45,4,14
68,6,14
104,0,14
194,8,14
164,4,14
45,0,14
85,6,14
21,2,14
39,6,14
71,4,14
83,2,14
164,2,14
55,0,14
35,2,14
170,0,14
164,2,14
164,2,14
83,6,14
89,0,14
239,6,14
62,4,14
304,0,15
201,0,15
86,2,15
269,4,15
284,0,15
85,0,15
199,2,15
51,4,15
221,4,15
82,2,15
49,4,15
54,2,15
146,6,15
72,2,15
132,2,15
118,2,15
172,4,15
172,4,15
244,0,15
466,6,15
178,2,15
134,2,15
155,0,15
50,2,15
125,2,15
73,4,15
137,6,15
259,2,15
253,8,15
167,4,15
229,2,15
53,4,15
152,6,15
54,2,15
151,2,15
120,0,15
581,6,15
213,2,15
92,0,15
304,0,15
131,4,15
160,0,15
106,6,15
254,2,15
60,0,15
59,4,15
269,2,15
36,2,15
179,0,15
177,2,15
189,2,15
360,6,15
167,4,15
334,2,15
126,4,15
146,2,15
123,4,15
75,2,15
59,4,15
202,4,15
92,2,15
91,4,15
259,0,15
213,4,15
178,0,15
199,2,15
58,2,15
132,2,15
97,0,15
92,0,15
334,2,15
43,2,15
60,4,15
109,2,15
111,0,15
226,2,15
140,6,15
239,2,15
103,2,15
314,2,15
82,6,15
58,0,15
226,4,15
46,4,15
224,0,15
56,2,15
244,2,15
69,2,15
274,0,15
55,2,15
136,0,15
151,6,15
111,4,15
244,4,15
36,2,15
154,0,15
125,4,15
32,2,15
91,0,15
69,2,15
71,0,15
184,0,15
184,2,15
184,0,15
79,2,15
151,6,15
274,0,15
303,10,15
303,10,15
39,2,15
119,0,15
167,2,15
315,6,15
48,2,15
156,4,15
81,0,15
63,0,15
81,2,15
49,2,15
77,2,15
88,2,15
78,4,15
184,0,15
159,4,15
37,2,15
214,2,15
47,4,15
43,4,15
153,6,15
84,2,15
95,2,15
115,2,15
244,2,15
138,2,15
82,2,15
51,0,15
184,2,15
76,2,15
141,4,15
82,2,15
66,4,15
100,0,15
95,2,15
210,4,15
431,0,15
185,2,15
201,4,15
51,2,15
30,4,15
78,2,15
31,2,15
79,0,15
118,4,15
152,4,15
111,4,15
143,0,15
97,2,15
239,6,15
21,2,15
61,0,15
63,2,15
39,2,15
67,4,15
115,4,15
186,6,15
104,0,15
184,2,15
47,0,15
128,6,15
24,2,15
207,4,15
224,2,15
382,2,15
49,2,15
60,4,15
109,0,15
53,2,15
113,2,15
155,2,15
171,0,15
134,2,15
171,2,15
61,0,15
153,2,15
103,4,15
109,2,15
183,6,15
324,6,15
148,2,15
79,4,15
78,2,15
149,0,15
209,0,15
108,4,15
97,4,15
42,0,15
59,2,15
39,2,15
75,2,15
38,2,15
51,2,15
131,6,15
63,4,15
83,0,15
76,2,15
141,2,15
127,0,15
69,2,15
37,2,15
109,0,15
144,6,15
74,2,15
44,4,15
43,0,15
41,4,15
77,0,15
40,4,15
108,4,15
84,2,15
105,4,15
93,6,15
159,2,15
130,4,15
186,0,15
89,2,15
91,2,15
99,6,15
71,2,15
83,2,15
109,2,15
39,4,15
123,2,15
179,2,15
115,6,15
52,4,15
79,4,15
149,0,15
99,2,15
58,4,15
65,4,15
151,6,15
57,6,15
179,2,15
181,2,15
71,2,15
105,4,15
49,2,15
61,4,15
164,4,15
164,0,15
65,2,15
141,6,15
109,4,15
308,4,15
278,8,15
105,2,15
154,0,15
151,6,15
93,6,15
51,4,15
61,2,15
25,2,15
142,2,15
131,2,15
39,2,15
36,2,15
73,4,15
33,2,15
108,0,15
59,2,15
50,2,15
481,2,15
47,2,15
99,0,15
61,2,15
88,6,15
72,4,15
62,2,15
45,0,15
41,0,15
42,0,15
45,0,15
42,2,15
164,2,15
125,2,15
139,0,15
53,0,15
67,2,15
111,2,15
229,0,15
113,2,15
244,2,15
49,4,15
108,2,15
199,0,15
199,0,15
53,2,15
126,2,15
89,0,15
199,4,15
41,2,15
149,4,15
91,0,15
317,2,15
169,6,15
96,2,15
317,6,15
158,2,15
111,4,15
136,4,15
131,2,15
56,2,15
29,0,15
64,2,15
128,2,15
64,0,15
169,0,15
67,0,15
61,2,15
79,4,15
130,2,15
89,4,15
52,4,15
451,0,15
34,4,15
43,0,15
421,2,15
173,2,15
180,4,15
128,2,15
100,2,15
190,2,15
202,4,15
76,2,15
36,2,15
127,2,15
147,6,15
109,2,15
103,2,15
102,4,15
210,0,15
586,2,15
100,0,15
190,0,15
82,2,15
56,4,15
99,2,15
346,0,15
130,2,15
154,2,15
95,2,15
154,2,15
156,0,15
71,0,15
187,2,15
826,2,15
506,2,15
66,2,15
72,4,15
225,4,15
611,2,15
346,0,15
148,0,15
616,0,15
164,6,15
278,0,15
141,0,15
356,4,15
65,2,15
295,6,15
182,2,15
721,2,15
235,4,15
119,2,15
373,10,15
118,4,15
241,0,15
241,2,15
100,2,15
63,2,15
77,0,15
411,8,15
199,2,15
158,2,15
69,2,15
244,6,15
172,4,15
153,2,15
143,0,15
111,2,15
98,2,15
74,2,15
118,2,15
146,0,15
153,0,15
88,4,15
52,2,15
82,6,15
68,0,15
195,2,15
130,2,15
149,0,15
169,2,15
211,2,15
248,0,15
616,2,15
100,0,15
66,4,15
51,2,15
55,4,15
32,0,15
164,0,15
92,2,15
69,2,15
175,6,15
106,2,15
171,6,15
80,0,15
73,4,15
168,0,15
42,0,15
107,0,15
117,2,15
65,0,15
63,4,15
149,0,15
105,2,15
217,0,15
78,2,15
33,0,15
431,4,15
126,2,15
111,6,15
64,4,15
71,4,15
31,4,15
143,4,15
83,0,15
139,0,15
281,0,15
70,0,15
60,2,15
236,8,15
28,0,15
82,6,15
130,4,15
93,0,15
111,0,15
73,2,15
183,4,15
176,2,15
79,2,15
153,0,15
53,4,15
79,0,15
132,0,15
239,6,15
120,4,15
105,4,15
121,2,15
75,2,15
111,0,15
169,2,15
311,0,15
421,4,15
105,2,15
59,2,15
187,4,15
72,2,15
115,0,15
91,0,15
97,4,15
76,4,15
154,6,15
104,0,15
481,4,15
253,2,15
168,6,15
88,6,15
416,0,15
188,2,15
476,2,15
85,2,15
49,0,15
93,4,15
128,0,15
161,2,15
47,4,15
81,0,15
17,0,15
28,2,15
1364,14,15
104,0,15
56,2,15
79,0,15
49,0,15
140,0,15
124,0,15
79,0,15
32,2,15
229,4,15
39,4,15
149,2,15
224,0,15
62,6,15
41,0,15
91,6,15
37,0,15
116,2,15
61,0,15
36,0,15
39,2,15
74,6,15
54,4,15
104,0,15
184,4,15
163,2,15
64,0,15
79,0,15
136,4,15
134,0,15
131,2,15
48,2,15
175,4,15
110,2,15
37,2,15
71,4,15
79,4,15
43,0,15
71,4,15
75,2,15
67,0,15
301,2,15
32,2,15
287,6,15
101,4,15
45,2,15
149,2,15
89,2,15
89,2,15
95,0,15
45,0,15
101,2,15
101,2,15
35,2,15
78,2,15
119,0,15
101,2,15
112,2,15
73,2,15
42,2,15
59,2,15
221,6,15
39,2,15
74,0,15
85,4,15
41,4,15
85,4,15
108,4,15
119,0,15
55,0,15
61,0,15
38,2,15
63,0,15
164,4,15
106,4,15
64,2,15
59,0,15
53,2,15
87,0,15
113,4,15
153,6,15
77,0,15
119,0,15
59,6,15
347,2,15
65,4,15
101,4,15
229,2,15
113,6,15
181,2,15
94,2,15
371,0,15
113,2,15
224,2,15
226,6,15
184,0,15
108,4,15
154,0,15
56,0,15
104,2,15
90,0,15
169,2,15
41,2,15
193,6,15
61,2,15
224,4,15
88,4,15
149,6,15
254,4,15
76,2,15
54,4,15
164,0,15
119,0,15
106,2,15
131,2,15
581,4,15
123,2,15
61,2,15
86,4,15
164,2,15
40,6,15
163,4,15
71,4,15
105,6,15
63,2,15
43,0,15
149,2,15
80,2,15
43,0,15
161,2,15
109,2,15
106,2,15
49,2,15
38,0,15
43,0,15
49,2,15
239,2,15
41,2,15
37,0,15
139,2,15
139,2,15
74,2,15
50,2,15
41,4,15
44,2,15
169,0,15
151,0,15
72,2,15
32,0,15
118,6,15
58,2,15
46,2,15
61,6,15
134,2,15
79,2,15
129,2,15
58,2,15
59,4,15
47,4,15
41,4,15
111,2,15
71,4,15
121,8,15
48,2,15
116,6,15
81,2,15
75,4,15
104,0,15
91,4,15
33,0,15
259,4,15
42,0,15
56,2,15
108,6,15
121,4,15
207,4,15
65,0,15
151,0,15
32,0,15
42,0,15
56,2,15
30,2,15
128,2,15
43,2,15
79,2,15
68,6,15
170,6,15
116,6,15
49,0,15
134,2,15
89,2,15
91,0,15
331,8,15
83,4,15
22,0,15
59,4,15
38,2,15
121,2,15
184,2,15
47,2,15
144,6,15
64,2,15
45,2,15
47,0,15
55,0,15
21,2,15
32,2,15
68,4,15
114,2,15
165,2,15
59,2,15
36,2,15
24,2,15
32,2,15
37,0,15
47,2,15
48,0,15
71,6,15
26,0,15
134,2,15
74,4,15
63,2,15
83,0,15
28,0,15
24,0,15
601,2,15
119,2,15
46,2,15
158,2,15
202,4,15
33,2,15
124,0,15
134,6,15
214,6,15
74,0,15
169,2,15
124,0,15
29,0,15
61,0,15
49,0,15
53,2,15
119,2,15
91,2,15
50,4,15
79,2,15
109,0,15
326,2,15
42,2,15
22,0,15
31,4,15
76,0,15
48,6,15
124,4,15
42,2,15
214,0,15
214,2,15
32,0,15
47,4,15
109,6,15
146,4,16
119,0,16
105,2,16
179,2,16
141,4,16
143,2,16
383,4,16
47,2,16
55,2,16
179,2,16
197,6,16
188,2,16
346,2,16
113,2,16
107,4,16
626,0,16
60,2,16
149,2,16
140,6,16
541,2,16
87,4,16
118,2,16
36,0,16
60,4,16
821,2,16
153,2,16
163,2,16
166,6,16
59,0,16
195,2,16
260,8,16
185,2,16
233,6,16
51,0,16
107,2,16
601,2,16
151,0,16
129,4,16
83,2,16
107,0,16
821,0,16
140,0,16
275,0,16
203,4,16
361,0,16
199,2,16
526,2,16
841,0,16
496,0,16
241,0,16
85,2,16
187,2,16
393,10,16
97,2,16
274,2,16
46,2,16
269,4,16
207,4,16
274,0,16
189,2,16
716,2,16
158,2,16
155,4,16
235,2,16
187,2,16
155,2,16
380,2,16
259,6,16
506,4,16
259,0,16
481,2,16
169,6,16
109,6,16
97,0,16
511,2,16
411,0,16
141,6,16
149,0,16
152,2,16
89,2,16
174,4,16
646,2,16
254,2,16
269,0,16
336,8,16
356,6,16
88,2,16
45,0,16
297,0,16
142,2,16
168,6,16
661,4,16
221,0,16
407,4,16
113,6,16
111,2,16
129,0,16
237,2,16
58,2,16
234,2,16
193,4,16
120,2,16
57,0,16
224,2,16
105,2,16
219,4,16
124,0,16
118,4,16
332,2,16
215,6,16
145,0,16
68,2,16
187,2,16
422,4,16
481,2,16
93,2,16
161,0,16
122,2,16
154,0,16
65,0,16
216,2,16
112,4,16
244,2,16
611,2,16
163,2,16
125,6,16
68,4,16
296,4,16
137,0,16
107,2,16
436,4,16
226,0,16
65,0,16
108,2,16
180,2,16
506,2,16
568,0,16
90,0,16
52,0,16
409,2,16
179,0,16
68,2,16
104,0,16
206,4,16
98,4,16
416,0,16
551,4,16
136,2,16
330,4,16
170,2,16
452,4,16
169,4,16
105,0,16
172,2,16
230,8,16
81,2,16
80,2,16
101,0,16
371,2,16
99,4,16
83,0,16
203,2,16
76,2,16
434,0,16
81,4,16
192,2,16
641,6,16
104,0,16
566,6,16
145,4,16
93,0,16
95,0,16
251,2,16
117,4,16
521,2,16
393,2,16
70,4,16
142,2,16
158,0,16
185,4,16
255,2,16
208,2,16
305,4,16
65,2,16
112,2,16
84,4,16
50,2,16
119,0,16
129,0,16
611,4,16
89,2,16
53,0,16
481,4,16
97,0,16
442,4,16
121,4,16
44,2,16
113,4,16
337,2,16
179,6,16
601,4,16
70,6,16
219,2,16
178,6,16
150,0,16
60,2,16
159,6,16
367,2,16
401,2,16
149,2,16
95,2,16
139,0,16
431,0,16
139,6,16
153,0,16
100,0,16
97,2,16
75,0,16
61,4,16
72,4,16
122,4,16
51,4,16
119,0,16
165,6,16
386,2,16
81,6,16
111,2,16
111,4,16
476,4,16
84,0,16
63,2,16
129,2,16
93,2,16
97,2,16
97,2,16
63,0,16
183,4,16
209,0,16
73,0,16
124,0,16
164,2,16
99,2,16
75,0,16
331,4,16
145,2,16
93,4,16
186,2,16
117,2,16
451,2,16
90,4,16
69,0,16
281,2,16
356,2,16
240,2,16
152,4,16
257,0,16
141,4,16
97,2,16
79,4,16
197,0,16
169,2,16
108,4,16
93,2,16
123,0,16
226,6,16
39,2,16
476,4,16
98,4,16
290,4,16
155,6,16
254,4,16
378,0,16
228,2,16
184,0,16
240,4,16
197,2,16
751,4,16
151,2,16
301,0,16
611,2,16
160,2,16
56,2,16
108,0,16
335,2,16
54,2,16
526,6,16
115,4,16
86,4,16
407,8,16
81,4,16
103,2,16
121,4,16
141,4,16
57,4,16
30,2,16
40,2,16
250,2,16
671,2,16
245,8,16
406,2,16
701,2,16
341,0,16
686,2,16
99,4,16
412,10,16
242,4,16
153,2,16
238,2,16
173,6,16
301,2,16
123,0,16
204,6,16
109,4,16
172,2,16
331,2,16
275,4,16
249,8,16
491,6,16
124,0,16
75,0,16
33,0,16
70,2,16
137,4,16
79,4,16
569,4,16
199,8,16
388,0,16
506,0,16
152,2,16
217,4,16
85,4,16
299,4,16
269,6,16
156,2,16
182,2,16
146,2,16
172,0,16
101,2,16
105,0,16
224,2,16
286,6,16
145,6,16
65,4,16
150,4,16
78,2,16
56,0,16
147,4,16
106,2,16
511,2,16
82,0,16
120,6,16
251,0,16
526,2,16
68,2,16
155,4,16
96,0,16
125,4,16
136,0,16
86,2,16
182,2,16
117,6,16
161,2,16
551,4,16
83,4,16
87,2,16
78,4,16
67,2,16
171,2,16
119,2,16
39,0,16
191,6,16
61,2,16
346,6,16
371,2,16
71,4,16
117,4,16
183,2,16
72,2,16
53,2,16
73,0,16
162,4,16
145,0,16
361,4,16
421,0,16
189,4,16
102,6,16
121,0,16
180,4,16
220,2,16
73,0,16
97,2,16
356,2,16
221,4,16
208,8,16
182,4,16
49,2,16
61,0,16
34,2,16
255,8,16
268,8,16
60,2,16
59,2,16
60,2,16
496,4,16
119,4,16
303,4,16
175,4,16
155,4,16
231,2,16
391,4,16
128,6,16
301,4,16
129,0,16
231,2,16
122,0,16
89,0,16
342,4,16
274,0,16
54,0,16
114,4,16
128,6,16
160,4,16
87,6,16
62,0,16
137,2,16
63,2,16
124,2,16
84,2,16
93,0,16
171,2,16
150,0,16
149,0,16
50,0,16
334,0,16
17,0,16
235,4,16
73,4,16
79,6,16
176,0,16
121,2,16
94,0,16
236,0,16
124,4,16
124,0,16
96,2,16
74,0,16
124,0,16
119,2,16
154,2,16
166,2,16
254,6,16
71,4,16
175,2,16
124,2,16
139,0,16
194,2,16
70,2,16
92,2,16
211,4,16
62,0,16
134,4,16
149,0,16
49,4,16
35,6,16
102,2,16
91,0,16
83,2,16
176,4,16
129,4,16
70,0,16
71,4,16
811,8,16
301,4,16
93,2,16
33,2,16
169,2,16
559,10,16
431,6,16
341,4,16
721,2,16
73,2,16
165,6,16
79,2,16
115,2,16
53,4,16
39,2,16
185,0,16
256,0,16
64,6,16
138,0,16
136,4,16
194,6,16
48,4,16
131,2,16
72,4,16
59,0,16
98,2,16
79,0,16
68,2,16
92,2,16
466,2,16
43,2,16
109,2,16
195,2,16
71,0,16
59,2,16
209,4,16
269,0,16
102,2,16
139,4,16
154,0,16
151,2,16
173,4,16
239,4,16
241,0,16
253,0,16
221,4,16
371,2,16
496,4,16
153,2,16
209,6,16
59,4,16
491,2,16
119,6,16
55,2,16
103,2,16
80,2,16
138,0,16
62,4,16
91,6,16
209,6,16
74,0,16
142,0,16
65,2,16
184,6,16
115,0,16
128,0,16
172,0,16
117,2,16
93,2,16
511,4,16
78,2,16
121,4,16
222,8,16
558,4,16
183,4,16
229,6,16
67,0,16
79,4,16
122,0,16
401,2,16
149,6,16
49,4,16
253,4,16
164,2,16
164,4,16
164,2,16
55,2,16
85,0,16
56,0,16
271,4,16
73,4,16
124,4,16
154,6,16
259,4,16
147,4,16
80,2,16
327,0,16
27,2,16
209,6,16
176,4,16
169,0,16
53,4,16
118,2,16
141,0,16
47,2,16
101,2,16
408,8,16
68,0,16
33,2,16
53,0,16
92,6,16
87,2,16
101,2,16
93,0,16
177,4,16
181,0,16
63,2,16
134,0,16
67,2,16
144,0,16
65,2,16
91,2,16
53,2,16
112,4,16
113,2,16
101,2,16
117,4,16
79,2,16
149,2,16
164,4,16
61,2,16
224,4,16
71,0,16
77,4,16
161,0,16
143,2,16
224,2,16
239,4,16
163,4,16
257,2,16
207,4,16
125,6,16
71,4,16
137,8,16
31,2,16
87,4,16
64,6,16
75,6,16
81,4,16
241,2,16
209,4,16
391,0,16
266,6,16
50,2,16
89,0,16
41,2,16
18,2,16
22,0,16
61,0,16
121,0,16
45,4,16
429,6,16
121,0,16
124,2,16
100,2,16
79,2,16
244,2,16
163,4,16
74,4,16
116,0,16
116,4,16
159,2,16
176,2,16
341,4,16
256,2,16
64,2,16
81,4,16
356,2,16
56,0,16
376,6,16
128,2,16
95,0,16
84,2,16
133,2,16
151,2,16
159,6,16
252,6,16
43,2,16
62,4,16
49,4,16
57,2,16
74,2,16
67,2,16
49,2,16
62,4,16
169,0,16
59,0,16
116,0,16
23,4,16
90,2,16
111,0,16
50,0,16
91,2,16
151,2,16
176,4,16
135,2,16
33,2,16
43,0,16
91,6,16
39,2,16
82,4,16
185,0,16
59,2,16
101,4,16
42,4,16
43,2,16
60,2,16
272,2,16
194,2,16
371,2,16
115,4,16
61,2,16
35,2,16
181,2,16
94,0,16
139,2,16
164,4,16
70,0,16
41,2,16
55,2,16
451,0,16
100,4,16
39,0,16
149,2,16
43,2,16
46,0,16
154,4,16
133,4,16
108,2,16
77,2,16
73,4,16
81,4,16
70,6,16
99,2,16
151,2,16
334,2,16
85,4,16
334,4,16
23,0,16
132,2,16
64,2,16
41,2,16
157,2,16
78,0,16
182,0,16
75,2,16
140,6,16
75,2,16
511,8,16
159,4,16
123,2,16
73,0,16
61,2,16
43,0,16
221,2,16
25,0,16
176,0,16
159,0,16
40,2,16
53,2,16
121,2,16
122,4,16
103,4,16
100,0,16
203,4,16
56,0,16
42,0,16
90,0,16
62,2,16
84,2,16
111,0,16
65,4,16
70,0,16
29,0,16
79,2,16
34,2,16
78,2,16
179,2,16
74,2,16
71,4,16
50,2,16
59,2,16
63,2,16
26,0,16
34,0,16
79,2,16
389,4,16
94,4,16
36,0,16
64,2,16
55,0,16
161,2,16
63,4,16
81,2,16
47,0,16
331,4,16
131,6,16
541,2,16
111,4,16
71,2,16
175,0,16
68,4,16
51,4,16
47,0,16
183,8,16
125,4,16
90,2,16
78,0,16
35,0,16
156,2,16
416,4,16
226,2,16
316,0,16
162,2,16
27,0,16
46,0,16
199,2,16
64,4,16
68,4,16
