7,0,3
5,2.02988321282,4
9,0,5
7,2.82812208833,5
7,3.1639632289,6
7,4.4008325161,6
7,5.69302109128,6
9,2e-7,7
7,3.33174423164,7
11,4.592125697,7
11,5.1379412019,7
9,6.4435373809,7
9,7.0849259535,7
11,7.6433751724,7
7,3.4272052463,8
9,4.9352426783,8
9,5.2386841008,8
11,5.50048641635,8
13,6.9971891478,8
11,7.4752374295,8
9,7.0221965891,8
11,7.8013412244,8
9,7.58818022364,8
15,8.651148558,8
11,8.2863168178,8
13,8.9358569275,8
13,8.5312322015,8
11,9.217800316,8
19,9.9306482938,8
13,10.5790219169,8
13,10.9859076063,8
19,12.3509062092,8
15,0,8
11,4.1249032518,8
11,6.7837135198,8
9,0,9
7,3.4866601463,9
11,4.99485640413,9
11,5.5565188163,9
11,5.69844175094,9
11,7.2036007616,9
9,8.0148614578,9
11,8.1923479624,9
11,8.0168155657,9
15,8.7734572821,9
11,8.2885890429,9
13,8.8366423439,9
13,9.1350940379,9
15,8.954989262,9
13,9.8854986603,9
15,9.88300696,9
13,9.4745804535,9
13,10.057729636,9
15,10.032547448,9
13,9.6443040738,9
17,10.183265536,9
15,10.6207270212,9
17,10.611348294,9
19,10.8337291089,9
17,11.390305148,9
15,10.595840515,9
15,10.9999809583,9
17,11.5631770163,9
17,12.2058561651,9
19,11.954526968,9
19,11.686312208,9
19,13.0998998459,9
19,13.280455636,9
25,14.3445813878,9
17,7.9405792478,9
15,9.8845786531,9
19,10.9894495926,9
21,12.932858702,9
21,12.810310003,9
27,15.0183428579,9
19,12.098936026,9
9,4.0568602242,9
9,5.90408585851,9
9,7.40676757237,9
11,8.6020311664,9
11,4.75170196552,9
15,10.0499578613,9
17,9.5318798358,9
15,9.4270736278,9
7,3.5261959907,10
11,5.1148414603,10
11,5.7321047868,10
11,5.8171296928,10
11,7.37393513427,10
13,8.3909376067,10
13,9.1159063956,10
9,6.0832348371,10
11,8.2940996752,10
13,9.1805736441,10
15,9.3704424414,10
15,9.8174951907,10
19,10.57848019,10
15,10.937689414,10
13,8.973449326,10
13,9.546642305,10
13,8.5367555992,10
17,10.639844271,10
13,9.8447713027,10
11,8.3173787184,10
11,9.6751411442,10
15,9.9818665179,10
17,11.3932246349,10
17,10.9774547368,10
19,11.8757796037,10
19,11.352017558,10
19,12.3841319661,10
17,10.264674947,10
19,11.602905247,10
23,11.8287575695,10
19,11.044264031,10
19,12.0909368719,10
21,11.5356739323,10
11,8.4222666679,10
17,10.394496786,10
15,10.4761855403,10
17,10.9658105324,10
19,11.3493135472,10
17,11.5895187274,10
23,12.8887403303,10
21,12.376615499,10
27,13.2398483668,10
21,12.6025961143,10
25,12.968994205,10
29,13.7160759848,10
17,7.7169998093,10
17,9.3851941567,10
15,10.378901449,10
23,11.4531933662,10
17,11.1988897921,10
25,12.6313795199,10
19,11.537548182,10
25,12.8868474202,10
17,10.5913111336,10
21,12.185540627,10
19,12.3988021558,10
27,13.5885585022,10
23,12.7213306985,10
23,13.3899441414,10
27,13.9800415357,10
15,8.4585802676,10
15,10.141469036,10
25,11.5116912918,10
15,10.8680927131,10
21,12.0764614345,10
23,13.029268871,10
19,12.4216305054,10
17,11.6370352293,10
27,14.1265051707,10
21,12.5108877304,10
25,13.385228746,10
21,12.929594687,10
25,13.706880842,10
23,12.0060369984,10
25,13.4307487843,10
23,11.512860414,10
21,12.074711681,10
25,12.502099197,10
19,12.5402952185,10
27,13.3940444715,10
25,14.4926670316,10
19,12.4314795313,10
23,14.258051849,10
27,14.7098987816,10
17,11.7977736599,10
25,14.34125614,10
23,14.2736445981,10
33,15.6466491718,10
31,15.566058923,10
23,13.8661498633,10
21,13.4870224203,10
27,14.8553501716,10
17,13.0164671649,10
21,13.311566525,10
29,15.0478528846,10
31,15.1778514277,10
31,14.8527467084,10
27,14.4129190236,10
27,14.334344519,10
19,12.8108825665,10
29,14.6875068376,10
21,13.7273432971,10
23,13.8747895699,10
25,14.107126688,10
29,15.181695505,10
23,13.933018994,10
31,15.352852697,10
15,12.9046239529,10
25,14.900208603,10
25,14.7774626651,10
23,14.265023013,10
27,14.755884076,10
33,16.4734736615,10
27,15.3049043434,10
37,16.6380380564,10
29,15.4238665073,10
31,16.125443524,10
29,15.5452149057,10
31,15.9386941263,10
35,16.2713682822,10
35,16.9748770322,10
31,16.410823159,10
37,17.085709483,10
17,0,10
15,4.6119613745,10
17,6.9042561238,10
15,8.8968167596,10
15,5.86053930174,10
11,8.9015166373,10
13,6.77819889005,10
13,9.4650216573,10
9,4.05686022424,10
11,7.7983002322,10
15,8.3929225083,10
15,10.6871749683,10
9,7.74627454623,10
11,9.2505562627,10
13,10.4672462427,10
13,4.85117075733,10
13,5.2125668223,10
7,7.9364742292,10
17,6.7708167807,10
11,9.07089927,10
19,10.7965949841,10
7,5.04489916292,10
13,10.5610167549,10
9,9.417590916,10
15,10.2602434363,10
15,11.4427267789,10
11,10.0813628566,10
17,11.8430447517,10
21,8.5360653472,10
15,7.3743438893,10
17,9.2498874439,10
9,9.250541613,10
13,11.1633906422,10
17,12.665333285,10
19,12.2712363584,10
15,11.7406410379,10
7,9.2039166061,10
9,5.6387729489,10
15,10.6933605467,10
21,13.2900030686,10
17,12.5066879309,10
13,11.60308465,10
37,15.6438748417,11
39,16.5881285059,11
33,15.5500298075,11
25,14.1846224387,11
39,15.5012280953,11
37,15.843962448,11
23,13.5337608551,11
33,14.9161851677,11
15,11.3849850792,11
29,14.6473479227,11
31,14.723913275,11
29,14.261766027,11
17,10.735423359,11
35,16.4065722209,11
29,15.128809655,11
33,14.45791993,11
37,16.101276406,11
39,16.0299593212,11
41,17.7862653976,11
33,15.3455371203,11
23,12.6394143264,11
27,14.6532728222,11
31,14.3487806314,11
43,17.9005581498,11
41,17.786265398,11
43,17.9005581498,11
41,17.019211259,11
33,15.879937783,11
29,15.718146009,11
45,17.347783795,11
35,15.4015885303,11
41,16.0546665053,11
25,13.8945620052,11
29,14.9741512703,11
31,15.3716803409,11
33,15.1597193981,11
29,13.338428221,11
37,15.6825658421,11
29,14.0334129389,11
23,12.8866759899,11
33,14.685443776,11
29,14.5336008778,11
49,16.3093198865,11
33,15.5977141458,11
25,13.212342585,11
27,13.06336076,11
33,15.597714146,11
31,15.118084339,11
33,15.1714491959,11
23,13.4737186538,11
35,15.1158729988,11
39,16.824255724,11
25,14.4160262614,11
39,16.7028912584,11
23,11.6846141704,11
31,14.5405858717,11
37,14.735401221,11
25,12.8069118213,11
11,8.5671613763,11
23,13.0589813933,11
31,14.3182759478,11
15,10.6386212519,11
27,14.0116429411,11
27,14.0131392696,11
17,10.686500306,11
31,15.8010591707,11
35,16.0997938711,11
27,14.700257745,11
39,16.740275151,11
43,17.4335108698,11
41,17.3873093755,11
41,17.1729889733,11
47,18.4184085903,11
21,12.3051584396,11
21,12.6919564974,11
39,16.9805132046,11
37,15.2573285948,11
33,15.3316327184,11
37,16.8714020743,11
37,16.51612416,11
33,16.0509673268,11
25,13.88825994,11
29,14.770315231,11
29,13.8695704445,11
31,14.0551141455,11
23,13.557360491,11
37,15.1380715584,11
27,14.1444103555,11
31,14.728081872,11
21,12.5187522513,11
35,15.132711528,11
29,14.2422418427,11
23,13.1111949813,11
29,14.4580456522,11
21,11.7606850785,11
37,14.8743968728,11
19,12.1699852873,11
25,12.021711939,11
35,16.608597211,11
41,16.175511492,11
49,18.5209505598,11
29,14.686109322,11
27,13.221837613,11
35,15.7183393409,11
31,14.7170008078,11
23,13.4001218463,11
33,14.3063609531,11
27,14.23678351,11
31,15.1191270696,11
27,13.471654337,11
29,13.6745003315,11
35,16.342975588,11
29,15.6778311564,11
45,17.558362781,11
33,16.428298344,11
39,17.0879707604,11
33,14.5969667607,11
25,13.34965123,11
25,12.0579780971,11
29,14.3126452347,11
37,14.7555257262,11
37,16.459423222,11
39,15.9713280151,11
43,17.5239680022,11
49,18.645495339,11
39,17.209201201,11
37,16.6559488544,11
43,15.694316644,11
31,15.5089284684,11
35,15.9906358068,11
35,16.9145940381,11
39,16.778822444,11
25,12.9477946092,11
37,15.484062343,11
45,17.6563585372,11
49,18.0711194078,11
27,15.5094892668,11
47,18.0471431402,11
25,13.730539084,11
15,10.6274961814,11
25,14.9455563073,11
15,11.4137894629,11
25,13.608420466,11
19,11.8228580914,11
29,12.3910776154,11
33,16.2882197282,11
43,17.2352756294,11
35,15.772817129,11
37,16.266319991,11
35,16.2111300625,11
37,16.1582319131,11
31,15.641350474,11
25,13.4112858226,11
21,11.5462346652,11
53,18.5384357448,11
29,14.085633035,11
39,16.8127595544,11
31,16.2349532997,11
33,14.4088730503,11
39,17.098517193,11
17,11.0125693285,11
45,18.2450339,11
33,15.919292822,11
47,18.3584972752,11
25,12.5728525346,11
17,10.3670781482,11
31,15.503183879,11
35,16.368944112,11
33,16.1442993652,11
51,19.2051071754,11
49,18.671206879,11
41,17.2020353109,11
43,16.745582495,11
19,12.1343424373,11
27,13.9605343139,11
27,14.1347788315,11
25,13.045037167,11
35,14.6423649964,11
13,10.0674254534,11
23,12.7427818874,11
25,13.8790350662,11
17,11.269287252,11
33,14.430442634,11
21,12.4498525222,11
29,13.8722288467,11
25,13.6435153691,11
33,14.9449804407,11
15,10.658860423,11
41,17.3741603158,11
21,12.2348913486,11
21,12.3995473696,11
29,13.2007598665,11
25,13.353162453,11
25,13.796811542,11
15,9.3133692251,11
39,17.285519786,11
43,17.4105931061,11
33,15.065955176,11
25,13.9644336864,11
25,13.7590705486,11
29,12.6076110174,11
31,14.871122022,11
15,10.261331859,11
27,13.6080158898,11
23,12.879837056,11
23,12.7355549891,11
27,13.9792284963,11
47,17.3022803022,11
23,11.5224314442,11
21,10.8804743675,11
45,17.7092062649,11
41,17.5099487862,11
25,11.7947414285,11
35,16.7321609249,11
39,17.2795328928,11
41,17.246192208,11
41,16.7439518533,11
29,13.4577847478,11
23,12.6214634364,11
25,12.2428196225,11
29,13.8903308345,11
19,12.698136058,11
25,13.0758567016,11
13,9.3622369607,11
23,11.5144267794,11
39,17.349486765,11
41,16.8089509808,11
21,11.4893426599,11
15,9.2744158627,11
37,14.7354012211,11
33,16.4522958018,11
47,18.729559373,11
11,7.4400121192,11
17,11.8445058344,11
27,13.7186953697,11
27,13.6546527689,11
17,10.8467108673,11
53,19.573726277,11
19,10.6980651536,11
25,13.7014182472,11
13,9.0332841114,11
19,11.4767284876,11
41,17.3477020285,11
23,12.4730777456,11
11,8.5005839133,11
7,3.55381991851,11
41,17.7144912486,11
31,15.7969538089,11
25,13.8029972867,11
37,16.9234902697,11
37,16.8559288089,11
37,16.9234902697,11
37,16.855928809,11
37,17.307403388,11
37,16.7428819011,11
25,13.730082559,11
23,11.987721108,11
19,12.5200927609,11
21,11.8188868978,11
35,15.9423485573,11
27,14.8138761185,11
31,13.720439897,11
35,16.235341603,11
29,14.8554963022,11
57,20.2285700119,11
51,19.5157631767,11
37,17.338213512,11
39,18.0173445,11
41,17.032426283,11
49,18.789011351,11
45,17.7392681473,11
47,18.4007937269,11
49,18.650513753,11
39,16.9486128064,11
45,18.3555862618,11
35,16.9206772131,11
43,17.2111525577,11
23,14.415976156,11
35,15.3110325762,11
43,18.311092358,11
33,16.6493724694,11
43,17.62948817,11
49,19.26434379,11
47,18.3328397396,11
41,17.8935730344,11
51,19.3323265954,11
57,20.2067067599,11
39,17.551461374,11
37,17.344209674,11
29,14.579913085,11
39,16.2254977713,11
21,13.4595926675,11
37,16.0734792318,11
29,15.5091566017,11
35,15.7452224053,11
53,18.851260209,11
35,16.2797824463,11
29,14.341754318,11
45,17.9978752289,11
57,19.8328838541,11
45,18.3942869094,11
43,17.7790123731,11
35,16.2483408247,11
37,17.2512367071,11
27,13.523847403,11
21,11.9837752878,11
15,10.8655492549,11
23,12.820679221,11
15,10.1293336601,11
25,11.8940786492,11
33,16.0409283012,11
23,13.3553124368,11
47,18.9578337634,11
43,18.2725217977,11
31,15.8582476622,11
35,16.060550596,11
39,17.2773181419,11
31,16.233238173,11
33,15.7363678761,11
33,16.2583155519,11
47,17.6972228106,11
23,13.4472711051,11
31,15.0339305645,11
29,14.412592238,11
45,18.689330092,11
57,19.235624253,11
41,17.6919348861,11
47,17.4304911615,11
19,14.4186843781,11
35,16.0067795424,11
53,19.7120465547,11
19,10.2750992752,11
13,8.78087299,11
21,11.733803113,11
13,9.9980010358,11
25,12.7190595138,11
19,11.542018579,11
13,10.1171412449,11
23,12.9962340178,11
17,10.4619455151,11
11,5.8387546286,11
11,5.8936270443,11
33,16.4335868338,11
27,14.215956919,11
21,14.689751257,11
33,15.4926605663,11
39,17.560012045,11
43,17.9314163727,11
51,19.324263731,11
45,18.525264024,11
35,17.1581968842,11
35,16.150985431,11
35,15.1817103544,11
13,8.423244315,11
21,12.314988694,11
23,13.0500099302,11
11,6.102803165,11
17,9.6718805839,11
17,9.7684862371,11
21,12.2200101055,11
17,8.765193679,11
15,6.2970196529,11
11,5.1402065631,11
17,9.8326799201,11
29,12.7680747671,11
9,0,11
11,9.7004774764,11
19,12.5931738692,11
15,11.5633543073,11
17,12.5530574707,11
23,14.1155831965,11
13,11.406953378,11
23,13.8902290682,11
17,13.0980494422,11
17,10.317504563,11
21,13.5825405062,11
19,13.0518140358,11
5,8.0703133581,11
11,6.56631160282,11
15,10.8396605273,11
11,9.9480467091,11
11,10.7763575467,11
15,11.3587808532,11
13,10.1472698783,11
9,4.7698896023,11
7,9.4105654867,11
17,12.4679853116,11
19,13.189019383,11
21,10.8083240482,11
11,9.905485566,11
15,12.1829539794,11
15,11.7289013332,11
17,9.3336768785,11
11,8.0616459501,11
17,11.7973859547,11
17,9.73656555,11
15,10.5313844228,11
25,13.9389693799,11
17,12.6361613174,11
17,11.2191177254,11
29,15.794506071,11
23,14.482843438,11
9,9.9652450421,11
11,4.12490325181,11
21,12.7511257456,11
27,15.4046936813,11
23,13.7623119991,11
17,11.2191177254,11
29,15.7945060706,11
23,14.482843438,11
21,12.7511257456,11
27,15.4046936813,11
23,13.7623119991,11
11,9.9960396254,11
13,6.9091101321,11
9,10.2067650006,11
11,9.5042153907,11
19,12.58770356,11
13,10.3948496875,11
17,11.4400790927,11
21,12.846177386,11
13,10.337213833,11
13,5.8605393017,11
13,9.9783302859,11
17,11.8950163396,11
13,9.4871610638,11
17,8.275143802,11
15,9.6144562618,11
15,9.8999617546,11
13,7.2396520759,11
15,11.4167453632,11
25,14.434139496,11
13,10.650322386,11
21,13.336420695,11
17,11.9560492158,11
13,6.721993288,11
29,13.5931203961,11
31,14.6933600094,11
27,10.4045367402,11
27,10.40453674,11
29,13.5931203961,11
31,12.3124579795,11
31,11.960381646,11
31,12.3124579795,11
13,6.75197109994,11
19,10.834307537,11
29,10.9559655331,11
7,8.6899863753,11
21,12.0122016233,11
13,11.4315969453,11
15,11.726685319,11
11,11.7194755782,11
17,12.3434206058,11
9,7.4448364196,11
19,12.7807670858,11
15,11.0273882834,11
17,9.9035154583,11
9,8.7707685526,11
19,12.5838720629,11
19,14.0065220919,11
13,11.1971415517,11
9,9.0469957345,11
15,10.1830095522,11
27,13.7590471081,11
19,11.6343543952,11
17,11.573623858,11
15,11.1670241433,11
11,7.24432035087,11
21,13.41618972,11
15,7.34941599622,11
25,13.642095873,11
13,9.9962874004,11
15,9.2729205302,11
23,14.6101514387,11
19,13.086946668,11
15,12.549436862,11
11,8.6124939641,11
19,13.3685536913,11
13,11.016388303,11
19,12.891371562,11
27,14.7633893162,11
7,7.7544537602,11
11,11.3951847369,11
11,8.8825642419,11
23,14.36817488,11
17,12.7750539416,11
15,12.270947399,11
15,9.7304954604,11
21,13.5240334663,11
19,13.6990525478,11
21,14.0835460343,11
23,10.763876755,11
19,13.1289761757,11
13,12.2619286708,11
17,11.7204020914,11
17,13.3478918673,11
23,14.372309463,11
9,10.266827761,11
15,10.9920402766,11
17,13.0489324662,11
13,8.0398755969,11
21,13.794814975,11
19,12.3640612618,11
13,7.77671151289,11
11,5.5697154383,11
21,11.4115512266,11
13,7.8034944955,11
15,11.18083695,11
7,9.3137681046,11
21,13.8021246265,11
13,9.0120715494,11
21,14.496953054,11
17,12.651668655,11
27,15.461720863,11
17,11.136256335,11
23,14.7873167991,11
19,12.433909373,11
19,12.4339093727,11
21,13.0744970955,11
25,15.3090275836,11
17,12.3848060905,11
25,15.3971577628,11
21,14.7470628727,11
19,12.7254139067,11
25,15.1809941552,11
21,14.3017671098,11
19,13.727562853,11
21,13.1068761212,11
21,13.1502423526,11
31,15.816873297,11
21,14.195407328,11
27,14.2087215208,11
27,15.0132170138,11
19,10.817292528,11
25,13.6098042261,11
21,13.606648537,11
15,13.391480356,11
19,13.5803664566,11
31,16.7284050472,11
21,13.982076611,11
21,14.5344848718,11
29,16.091722813,11
33,16.9983382324,11
27,14.7988728577,11
19,12.696529344,11
19,11.3450038487,11
33,16.3896767726,11
19,11.4109294144,11
29,16.3840371986,11
37,17.099956866,11
57,18.4603520487,12
43,16.859535763,12
65,20.011425617,12
65,20.011425617,12
49,17.4656298298,12
49,17.3165431731,12
39,15.371521343,12
55,17.8110361746,12
53,17.7549522369,12
43,16.666516091,12
41,16.8808904915,12
19,10.8977367267,12
55,18.1476580409,12
51,18.1923250086,12
45,18.0733576891,12
35,16.039727028,12
45,17.333486394,12
67,20.3085565072,12
43,17.094909665,12
59,19.1772447974,12
59,18.695994307,12
49,18.425031895,12
39,16.1736683103,12
45,16.9694458812,12
57,18.742377557,12
57,19.024250581,12
51,17.7636588905,12
59,18.5909476933,12
41,16.085845228,12
63,19.386119573,12
35,15.2194080934,12
63,19.3861195727,12
57,19.551318072,12
57,19.5513180723,12
51,18.6151819384,12
45,16.6288251578,12
25,11.8740449492,12
29,13.580781023,12
29,13.5111258,12
39,15.6495481073,12
65,19.884074905,12
27,15.1907067339,12
33,14.7725260001,12
33,15.3707956555,12
47,16.4704067471,12
51,16.5026823827,12
45,17.372238123,12
59,18.3492536533,12
67,19.7541519251,12
43,16.296445445,12
41,16.5763561027,12
33,15.1287487897,12
51,17.2595108525,12
37,15.9551710935,12
59,19.1834745595,12
27,14.9979127846,12
73,20.6693789106,12
53,18.5816559567,12
45,17.0053872426,12
67,19.3328454557,12
35,15.6169736268,12
41,15.5375116244,12
19,12.6325833096,12
59,19.075571229,12
39,16.2546754581,12
27,13.6885711931,12
47,17.6040158562,12
33,15.6274976366,12
31,15.1719296117,12
47,17.1898341977,12
53,18.6443076751,12
49,18.669774264,12
61,19.621303042,12
35,16.82564196,12
57,19.47836898,12
51,17.7372014217,12
37,16.18463167,12
39,15.450505729,12
61,19.1850139656,12
39,15.3417975613,12
37,15.3200380527,12
47,18.100061987,12
55,18.6395283687,12
73,20.363568969,12
49,16.533059086,12
61,19.8011258328,12
53,18.9126227604,12
29,14.2173809341,12
49,18.971700612,12
63,19.539832716,12
69,19.22397388,12
61,19.396709065,12
67,20.608018489,12
31,15.325934412,12
61,19.884656308,12
75,21.339236301,12
61,19.621002296,12
87,22.163242669,12
33,14.4723380718,12
39,16.1063857552,12
31,15.083662471,12
27,14.016028727,12
39,16.3151942446,12
39,15.5143859095,12
45,18.177608248,12
71,20.4202675905,12
49,18.109742899,12
53,18.41647294,12
43,16.2500087065,12
69,20.4098437226,12
49,18.374379392,12
73,20.2416421548,12
31,16.2652117686,12
59,18.541862414,12
43,16.6341898154,12
51,18.434390291,12
19,11.374650985,12
35,15.0350438864,12
21,11.877095134,12
57,19.2093104837,12
37,17.102724347,12
51,17.727772419,12
71,20.917523002,12
47,18.8403645219,12
57,18.7770667289,12
83,22.022538923,12
33,16.2413039317,12
51,18.0912676453,12
47,18.5939591662,12
53,16.241112563,12
53,18.7123222058,12
67,20.567037885,12
73,21.354619487,12
59,18.655202216,12
63,18.3922005745,12
65,20.206768672,12
27,14.7634735936,12
45,16.6003997591,12
41,16.397757187,12
25,13.1961012472,12
51,18.5470750319,12
41,15.5799381318,12
29,14.205646341,12
33,15.193876176,12
35,14.919076831,12
37,15.0691553735,12
63,19.4430319257,12
23,14.002704231,12
29,13.3779671727,12
41,14.982097979,12
31,14.1781759372,12
49,18.455313826,12
51,18.609411344,12
39,16.4761211541,12
27,14.5383293334,12
57,19.6673785421,12
53,18.863798781,12
57,18.289529972,12
45,16.5310646343,12
27,14.2868593526,12
37,15.087672226,12
47,17.1645222087,12
59,20.567546531,12
41,16.418841927,12
35,15.543740182,12
55,17.1145918774,12
71,21.2355575406,12
41,17.694983466,12
27,13.7689783255,12
45,16.898640745,12
37,15.8924658529,12
41,15.9668517527,12
15,10.316459941,12
35,15.541112623,12
31,14.621541963,12
49,16.1792809505,12
51,18.4913685924,12
41,17.632147639,12
45,18.008956654,12
59,19.5039459298,12
47,17.951708294,12
25,12.8922557474,12
35,14.3071981051,12
27,13.6064409265,12
51,18.510459419,12
51,18.428710756,12
23,13.1743577238,12
35,13.9353414964,12
55,19.426839745,12
63,19.5340565988,12
33,16.7168851496,12
43,17.153300874,12
59,19.350876942,12
63,19.63880991,12
55,19.5613458109,12
25,13.172340597,12
29,14.7070381253,12
55,18.9598761776,12
61,19.6500035062,12
51,18.7231817435,12
23,11.000619331,12
37,16.4286088043,12
79,21.6262374142,12
49,18.4105676625,12
77,21.7242465804,12
59,20.140350828,12
81,21.675158614,12
43,15.9557940192,12
45,15.9996400279,12
43,15.784083425,12
21,12.33848806,12
19,11.0210417009,12
35,15.7307572296,12
43,16.0215919437,12
43,17.034639582,12
45,18.3342242375,12
37,15.892949392,12
27,13.456592196,12
35,14.6780794249,12
45,18.0724165655,12
53,18.269513974,12
23,11.7736230727,12
21,11.755282138,12
53,18.796577828,12
51,18.1428318014,12
21,11.766185916,12
63,20.3102214514,12
55,18.9749283761,12
45,18.1913590334,12
41,17.7007832372,12
49,18.274132775,12
27,14.119567726,12
39,16.887154484,12
17,10.8527576211,12
33,14.6950159214,12
31,14.8002073279,12
21,12.2318236181,12
39,16.898149344,12
55,19.231536164,12
79,22.039598887,12
45,18.1163355553,12
85,21.955389227,12
23,11.1953443421,12
77,22.028775227,12
73,21.5416175631,12
49,18.218619779,12
73,21.4390240956,12
75,21.8174234065,12
37,17.6049412327,12
81,22.1609310447,12
67,21.1462929691,12
63,20.4089620834,12
43,17.9675659621,12
47,18.1468514339,12
65,20.3605848324,12
53,19.6384501045,12
41,17.5280048175,12
69,20.843381055,12
77,21.228730354,12
39,16.6674997477,12
47,18.2829614463,12
61,19.915233791,12
51,18.3010568281,12
57,20.0564998219,12
47,18.1461510445,12
51,19.0974793068,12
51,18.9878437872,12
81,21.1926406429,12
71,21.461762393,12
53,19.464841578,12
67,20.5738844532,12
21,14.3094550255,12
59,20.3233403876,12
65,20.735393701,12
61,19.7583007526,12
71,21.364372955,12
57,19.7667998404,12
27,15.37029582,12
45,17.489905412,12
57,19.867962652,12
57,19.6529466667,12
55,18.573496822,12
21,14.265362815,12
83,22.210716893,12
91,22.781325931,12
69,20.466066801,12
27,13.8525188694,12
37,17.580374313,12
21,12.0330810755,12
17,11.4561264118,12
19,13.1223408946,12
23,13.0229885118,12
33,13.5433526801,12
37,16.4864916628,12
49,17.8042218114,12
27,13.2409941,12
65,20.4083353355,12
37,16.7372165216,12
55,18.258506015,12
37,16.3765894177,12
77,21.4336861177,12
27,14.7349238971,12
57,19.9850302672,12
59,19.331228455,12
63,20.3788279668,12
69,20.70116058,12
43,17.88823609,12
67,20.9492116767,12
35,16.7358074479,12
67,20.0879986626,12
65,20.68823139,12
53,19.4139544445,12
43,17.9654336866,12
31,16.849559713,12
47,18.0415282694,12
61,20.154903217,12
63,20.633379164,12
19,13.69592479,12
69,20.770361282,12
61,19.6208916159,12
51,18.500165612,12
53,19.312848829,12
61,20.5210656242,12
21,13.4811995532,12
77,21.6470433422,12
69,21.149689799,12
13,10.2085172396,12
33,14.987341345,12
37,15.068047673,12
15,10.5061880523,12
39,17.006011445,12
31,16.1682121435,12
27,13.131115837,12
31,13.4821919833,12
11,5.90828681953,12
81,22.0593845103,12
41,17.0467779966,12
31,16.2759704824,12
37,16.9573480429,12
55,19.6610916284,12
47,18.0401776001,12
15,13.625267218,12
33,16.066302869,12
77,21.8726994107,12
75,20.8785047799,12
81,22.310745469,12
37,18.1987497525,12
57,19.8876572845,12
59,19.5477189655,12
43,18.3980522685,12
23,15.5686965876,12
59,19.434252797,12
29,14.7359965737,12
31,15.0107927106,12
23,13.0673144964,12
51,18.458479214,12
61,19.5475894956,12
39,16.5073112694,12
49,18.2083712527,12
47,18.6466695149,12
61,19.4225137848,12
49,18.2516409238,12
41,18.2934445966,12
19,11.7022111136,12
29,14.854910564,12
53,19.862464256,12
17,14.214838926,12
35,16.9634504481,12
17,9.3569389821,12
43,17.4764218012,12
37,16.201527389,12
69,20.1979231331,12
57,19.1903309498,12
57,19.782710856,12
37,16.1960700881,12
45,17.679111458,12
31,16.1112131429,12
41,17.127929887,12
31,16.6547881159,12
33,16.6481341603,12
27,15.9656416922,12
31,15.60515552,12
37,16.410132945,12
47,18.7957843128,12
13,9.0511004556,12
37,15.1628737221,12
31,13.9776364191,12
11,6.4266719065,12
17,9.9002124739,12
61,20.071125437,12
21,11.802921307,12
19,13.0526459886,12
13,6.3090903924,12
21,14.4518743136,12
19,13.6205230754,12
17,12.721881945,12
15,11.8123132527,12
17,11.513297203,12
39,16.6421753008,12
31,15.7211590155,12
27,14.3677687382,12
17,12.7003049883,12
17,13.5870558251,12
15,12.373810395,12
45,17.9257766774,12
21,12.4841151311,12
17,11.703875596,12
23,13.7324053154,12
7,9.8759424404,12
31,16.4675403462,12
25,15.444107175,12
25,15.896179486,12
23,14.0033407332,12
15,12.5329044022,12
29,15.5253455432,12
15,11.4322505266,12
21,13.242476676,12
21,10.044499937,12
27,13.4692794316,12
27,14.96118389,12
17,12.6641098975,12
13,10.2590474482,12
31,17.0387074827,12
13,12.9458278269,12
13,12.9458278269,12
17,12.8845173837,12
25,14.0664149501,12
27,13.434559638,12
21,12.933510681,12
27,15.1490176948,12
17,13.3160992234,12
19,14.721206901,12
17,7.6814906181,12
15,9.6358927719,12
17,10.937174699,12
19,11.801946843,12
13,10.140911831,12
23,14.7384668319,12
21,12.9155646038,12
27,16.413527784,12
39,17.807965849,12
21,15.6197450958,12
39,16.3438491118,12
23,14.061906463,12
17,13.26154573,12
11,10.0113281919,12
23,13.1013924209,12
13,12.029085927,12
25,14.832447505,12
11,11.396419164,12
35,16.4753045847,12
11,11.320694146,12
31,16.028505573,12
13,13.0053717913,12
25,14.3453341,12
33,16.50002298,12
17,13.6963820255,12
21,14.4090281722,12
11,12.2799188065,12
27,15.6904876739,12
27,16.5812512795,12
27,16.581251279,12
13,12.7556700964,12
39,17.1939389619,12
15,11.9045728928,12
23,14.4818497498,12
9,8.7998629756,12
9,9.6087417721,12
13,13.1708296518,12
23,14.9529414252,12
23,13.952523812,12
27,15.881728679,12
21,13.115213506,12
25,14.4090985692,12
15,11.4321109614,12
33,16.6062681102,12
25,15.320388964,12
23,9.5421207783,12
19,12.1918407623,12
19,14.3292583136,12
21,12.3137276044,12
15,13.6960383966,12
13,11.942901965,12
27,15.4624178759,12
11,8.5620421365,12
23,14.8239406763,12
29,16.1003309615,12
17,12.0923850132,12
33,16.16019038,12
25,14.700852684,12
9,10.7667232939,12
31,16.3943301252,12
23,14.9832932445,12
19,12.8892362256,12
15,12.5997918278,12
15,11.864522208,12
27,15.6491585103,12
35,17.01403736,12
15,14.283067192,12
15,12.416827514,12
21,9.1825793262,12
33,16.752446198,12
13,11.5066074202,12
7,11.4081339071,12
13,11.330922981,12
13,10.838861951,12
17,14.533745052,12
7,10.565799046,12
25,14.6211780034,12
29,15.991625597,12
19,12.2045429305,12
19,11.2910912872,12
13,10.4420005531,12
41,17.5700037287,12
33,16.7819749224,12
15,11.2299744437,12
35,16.786873805,12
15,12.3803114558,12
15,11.601499579,12
39,17.456947527,12
31,16.0847689343,12
19,14.5095651981,12
15,9.7571676138,12
23,15.0538654276,12
15,12.50899213,12
27,15.725197313,12
17,11.958912843,12
19,11.4667091554,12
21,14.043016386,12
21,14.48919829,12
15,9.2838574894,12
15,8.0109527536,12
25,14.6996960603,12
35,16.4022031037,12
13,13.6946729284,12
19,11.3349600774,12
23,15.0849873379,12
13,11.806720483,12
27,15.3843521843,12
29,15.8407699496,12
31,15.8376981697,12
31,15.4873531133,12
13,10.594686645,12
11,8.623584959,12
41,16.8852880125,12
19,14.0085373018,12
35,16.7909593646,12
27,15.4420693426,12
33,17.113662104,12
27,16.0146117823,12
37,16.9990569484,12
35,17.071126679,12
25,15.1172622275,12
17,11.9290608882,12
29,15.873155427,12
33,14.8654568284,12
23,13.333850365,12
19,13.5987550541,12
13,12.355931937,12
39,17.867342597,12
17,11.8398453884,12
23,14.26741992,12
15,11.3274302515,12
21,12.7896208736,12
35,17.227621506,12
33,16.698457736,12
17,10.2536085854,12
11,8.3663981885,12
17,7.3975397834,12
17,8.5017825212,12
17,10.4475398226,12
11,10.233653669,12
25,14.509209896,12
15,11.4769008253,12
21,13.7507449485,12
17,8.3723810731,12
29,15.6191515936,12
21,13.4360135415,12
33,16.137707522,12
37,16.7119452393,12
25,15.7535100948,12
33,16.8077789812,12
13,10.2220733666,12
15,12.219335011,12
13,10.9701882214,12
29,15.427320493,12
27,15.2557897917,12
25,15.17506024,12
35,16.0451481028,12
19,13.426811851,12
21,13.0546770444,12
33,15.1645593184,12
17,12.7719390088,12
17,12.992241267,12
19,12.6802841287,12
21,13.1043600601,12
27,15.3858247993,12
35,16.9485877758,12
25,15.996507775,12
31,16.4882674747,12
83,20.518355434,13
53,17.0292047659,13
73,20.2917284338,13
83,21.2888379662,13
65,19.159293375,13
75,19.959022289,13
105,22.4336309098,13
51,18.1288199917,13
65,19.4680727311,13
61,18.9893387699,13
77,19.6553824429,13
105,22.3988822699,13
67,19.244501429,13
105,22.3988822699,13
83,21.288837966,13
65,20.170158671,13
47,18.007578359,13
75,19.9608430379,13
61,19.111441512,13
61,18.1057377932,13
67,19.3431827094,13
67,18.3140482763,13
85,21.603726054,13
87,20.6532907977,13
67,19.1976433168,13
67,19.5296972652,13
65,18.7786988383,13
23,13.9720569508,13
51,17.8910360255,13
33,16.1291434398,13
63,18.689019104,13
39,15.542804969,13
71,19.321414202,13
55,18.29472995,13
35,15.981750589,13
97,22.206513892,13
69,19.9181283738,13
59,18.480939182,13
19,11.005438775,13
77,19.9549750447,13
57,19.151567755,13
59,18.7121181502,13
65,20.0797485535,13
65,19.0574416946,13
81,20.7983970199,13
81,20.57078361,13
91,22.5940051226,13
91,22.594005123,13
85,21.6910350682,13
71,20.61195369,13
65,20.588737183,13
89,22.1031460404,13
89,22.1031460404,13
71,20.010440354,13
83,20.7017130731,13
69,19.1948569663,13
77,20.4019010026,13
63,19.8311974782,13
55,18.2703568188,13
83,21.5694154825,13
83,21.425780456,13
71,20.0744038896,13
61,18.6390926161,13
69,19.8568744368,13
79,21.350667347,13
69,19.69284574,13
77,19.7374171732,13
89,20.4526932563,13
51,18.348366201,13
61,19.1804672353,13
73,20.9617776311,13
65,19.6128239263,13
45,16.3746635927,13
57,19.441961422,13
79,19.756238271,13
75,21.3541537657,13
79,20.289863062,13
59,19.8078603252,13
71,19.9636203787,13
73,20.751007714,13
45,16.1838455318,13
69,20.578527544,13
113,23.910203712,13
81,20.34321361,13
91,22.132872438,13
77,19.6694502244,13
35,17.0379143257,13
27,14.5736755842,13
41,16.8362753592,13
31,13.724054493,13
65,19.5382461219,13
59,18.530847817,13
45,17.0867863699,13
57,17.8072398936,13
51,18.112405102,13
65,18.800627052,13
89,21.469009649,13
57,18.0005046691,13
63,18.3643125506,13
103,23.443666127,13
53,17.762773781,13
63,18.4538720003,13
51,17.394380738,13
57,18.2216590002,13
55,18.163041993,13
57,16.9358113451,13
95,21.779472672,13
95,21.779472672,13
37,15.4486506518,13
19,10.984271765,13
33,16.5007603848,13
101,21.6297891841,13
83,21.1498383602,13
79,21.289892491,13
29,15.9417517709,13
37,15.6515397203,13
25,13.6278975501,13
55,18.867545253,13
59,17.491892074,13
61,19.8978297382,13
55,17.331881289,13
87,21.279639369,13
49,16.193480554,13
65,19.987288227,13
89,21.571359599,13
37,16.140532081,13
69,20.596559101,13
101,22.671233983,13
95,21.7071275393,13
65,19.4586396406,13
67,20.4535970728,13
93,22.0676937795,13
113,24.0085902398,13
79,21.5727353216,13
71,19.34035914,13
65,19.0113008123,13
47,17.4568748213,13
39,16.4614652946,13
41,16.73263824,13
45,16.9071918498,13
67,19.733607138,13
99,22.0539837154,13
71,19.933545451,13
67,20.074601687,13
43,15.9194766215,13
95,22.496376224,13
91,21.6488657817,13
91,21.6019901781,13
53,19.8906952331,13
91,22.5811724792,13
81,20.4893794811,13
65,18.9411609404,13
119,23.903359486,13
45,18.480058956,13
99,22.675995408,13
65,20.3081997931,13
69,20.731152711,13
61,18.5683855011,13
91,21.9690061556,13
31,15.1165471717,13
125,24.041562501,13
63,19.410084302,13
27,16.2338104141,13
55,17.546232085,13
39,15.9067680211,13
75,21.033668055,13
69,20.4893763667,13
57,18.179340454,13
105,22.490023789,13
47,17.66793059,13
75,21.152008038,13
85,21.480085365,13
83,21.6879934001,13
109,23.2472957684,13
115,23.976376787,13
63,20.130642112,13
65,19.5613285637,13
61,19.8694114601,13
71,20.5131998602,13
53,19.3547163348,13
39,17.8544369589,13
63,18.6384942537,13
51,16.674483961,13
61,18.855940675,13
55,18.1349406812,13
67,20.666963013,13
113,23.0987725918,13
77,21.2724231093,13
81,21.7585649987,13
71,20.7131273993,13
91,21.4250796394,13
121,24.44234161,13
55,18.9239662498,13
37,15.9998585918,13
57,17.269560995,13
81,19.3189813242,13
87,22.4770401127,13
75,19.081062399,13
47,17.060667795,13
47,17.005601765,13
95,22.4328462187,13
49,18.2241722514,13
71,19.218692996,13
59,19.578615263,13
97,22.4716528619,13
73,20.240292242,13
73,20.2509609476,13
93,22.0481958565,13
49,18.498333163,13
73,18.1268015999,13
63,18.9082596646,13
35,16.5308925856,13
49,16.579196763,13
29,15.4775968055,13
55,18.162870585,13
63,19.71638945,13
57,19.7269351546,13
59,19.513729527,13
77,20.88219643,13
19,12.6596980231,13
29,12.516597835,13
99,22.5215641513,13
73,20.4699740733,13
95,22.449872887,13
77,20.9774194627,13
45,18.34124101,13
49,17.9946725211,13
59,18.046490249,13
37,16.5912623289,13
83,21.1580710805,13
35,17.7109952086,13
63,18.7657687475,13
57,19.5199132595,13
45,17.209771748,13
55,17.704581698,13
81,20.4654334853,13
59,18.3409809578,13
83,20.8432271002,13
95,22.0896499159,13
73,21.393892445,13
115,23.9710786372,13
93,22.7800912855,13
79,21.6393082491,13
41,17.7745165001,13
87,21.740276019,13
83,21.9216066144,13
75,20.564551806,13
87,21.6921108214,13
87,22.2135489694,13
129,24.5318427566,13
49,17.5700060505,13
53,18.6407740212,13
83,20.761248838,13
67,19.3120637525,13
63,19.91357028,13
81,21.5362157443,13
51,19.054049114,13
87,22.5412550739,13
71,20.7362210228,13
77,21.3290359563,13
59,19.510457523,13
49,18.509825253,13
27,15.5974062764,13
67,21.3733694103,13
103,23.0491164946,13
71,20.834591342,13
73,20.807938831,13
89,22.2211213143,13
99,22.8456830021,13
115,24.0312763365,13
41,17.194893557,13
97,22.91116624,13
67,19.704880185,13
69,20.299244897,13
59,18.234050059,13
15,11.0068873488,13
63,17.8778818736,13
63,17.7317437649,13
45,16.684882953,13
85,20.90070026,13
83,21.0440364793,13
41,17.227962706,13
85,22.4169694382,13
77,20.305098136,13
57,17.853016502,13
67,19.0639974764,13
33,15.7010247569,13
45,16.4469328297,13
63,19.0205370299,13
39,17.3812894273,13
49,17.883665129,13
59,16.9889609765,13
51,17.206675253,13
13,8.7654552681,13
21,13.548055204,13
51,17.0003303648,13
35,15.2885192283,13
27,13.7019256981,13
81,21.1276765482,13
109,23.0383031243,13
111,23.640967111,13
35,16.0858465865,13
27,11.919905224,13
25,11.109934377,13
103,22.974229159,13
27,12.0702634168,13
77,21.721993587,13
111,23.6487765022,13
51,18.8085262235,13
73,20.998984332,13
23,13.2683570569,13
49,16.5362048109,13
53,17.729990775,13
73,20.2733413809,13
93,22.1773313337,13
93,22.202983086,13
113,23.875732229,13
73,19.7934317509,13
33,13.1430879622,13
75,21.0336680549,13
35,17.822441739,13
91,22.7542865156,13
85,22.065014841,13
87,22.0195219795,13
39,16.3012646822,13
41,15.063682431,13
27,12.2536696889,13
57,18.9260573425,13
111,23.366034457,13
51,17.4728744324,13
39,16.012183114,13
27,13.404914647,13
47,18.507803627,13
91,21.5263215012,13
39,16.77685632,13
49,18.137589817,13
73,21.216293317,13
59,19.6780935888,13
35,15.237207863,13
43,17.411280988,13
35,15.8854712689,13
47,19.0226611713,13
63,20.098375958,13
65,20.70768092,13
85,22.239804499,13
55,19.7977571568,13
67,20.5503891647,13
71,21.049277211,13
85,21.9088610608,13
55,19.604773917,13
51,19.2580014,13
87,22.3383417111,13
65,19.7028727937,13
59,19.438839332,13
101,23.1473419373,13
45,17.0494076084,13
103,23.24248376,13
31,15.6011193025,13
33,15.3762812555,13
41,16.2126468423,13
73,21.05522553,13
23,12.3201824622,13
101,23.1666373618,13
97,22.9134799865,13
53,17.5503288417,13
103,23.484123983,13
105,23.741051801,13
67,19.3834912019,13
81,21.357877299,13
73,20.403823417,13
75,20.2745625807,13
59,20.6625696681,13
71,21.6749882947,13
57,19.2983784385,13
81,21.828586435,13
55,20.1805536464,13
87,22.8491492538,13
135,25.531991399,13
47,17.5732001661,13
77,21.0945166818,13
77,21.2855375235,13
51,17.9735938088,13
21,15.0945978171,13
49,18.6969800203,13
115,24.6880689335,13
65,20.280215244,13
33,17.3618464077,13
73,20.9753929084,13
97,23.3692576177,13
99,23.501749267,13
77,21.5726451104,13
101,23.494825737,13
87,22.9793887897,13
77,21.931887725,13
97,22.9477672263,13
49,16.9744290634,13
57,18.8132226455,13
65,20.2309140964,13
43,18.011180167,13
79,21.889187607,13
91,22.789838675,13
55,18.0563188209,13
107,23.9906848821,13
79,21.5775899142,13
53,19.422604188,13
141,25.756821401,13
103,23.613131962,13
67,21.02430302,13
119,24.388342599,13
71,21.365985458,13
93,23.1147755583,13
53,19.0160113798,13
47,17.7244055795,13
53,17.6861426791,13
99,23.1720422459,13
33,16.208549888,13
119,24.435097645,13
95,23.1755132779,13
85,22.1314890737,13
41,17.516836399,13
125,24.708291783,13
99,23.4332763443,13
67,21.1443371636,13
39,18.47468278,13
87,22.6816361315,13
117,24.060092438,13
119,24.2176531533,13
39,14.8902860535,13
47,18.5399224651,13
61,19.259417565,13
35,15.0958489021,13
45,16.874513003,13
111,23.9222999349,13
33,14.0808103795,13
121,24.900521573,13
127,24.5509485391,13
71,21.553028793,13
53,18.6226229874,13
105,23.6116864131,13
71,21.413311285,13
97,22.863930728,13
87,21.6988037415,13
87,22.6247100632,13
43,19.16029063,13
53,20.3196745506,13
93,23.203210689,13
89,22.5636056096,13
91,22.5123864168,13
45,19.136627369,13
87,21.0913820695,13
69,20.433653136,13
53,19.0634318156,13
83,21.5893875671,13
103,23.50295752,13
27,16.83539811,13
97,23.3090658424,13
57,19.6287378977,13
75,21.7840252293,13
93,22.774931259,13
101,22.5002920059,13
67,21.497023762,13
133,24.8729744075,13
47,19.022869237,13
79,21.851955913,13
97,23.111446126,13
67,21.3623409022,13
23,15.686247682,13
81,21.2607739044,13
115,23.835403576,13
95,23.0689935944,13
103,23.4338698031,13
101,23.0313149248,13
81,21.045614184,13
73,21.544526064,13
21,13.4154434994,13
107,23.8207670942,13
39,16.8378192527,13
59,19.2874711017,13
43,18.017932154,13
59,19.231202112,13
83,22.0952991276,13
37,17.141145674,13
71,21.0941544644,13
39,16.5687980095,13
81,21.367629099,13
97,23.242807841,13
47,17.789386075,13
23,13.8506635106,13
55,20.486314768,13
91,21.6749946874,13
87,22.7648755348,13
79,21.964031705,13
75,21.87742871,13
45,18.411927325,13
73,21.299820586,13
91,22.5025587322,13
71,21.1815151423,13
53,18.941453715,13
91,23.0791398799,13
45,18.8390497696,13
63,18.8950004891,13
89,22.326579035,13
81,22.1384438374,13
91,22.8324714065,13
81,22.3357151501,13
89,22.0111272694,13
113,23.572454176,13
73,20.2954933605,13
81,21.7300048696,13
71,21.6309980136,13
85,22.1037659867,13
43,18.4033153134,13
23,11.8549693471,13
41,15.7119770117,13
109,23.454316896,13
15,9.0271857339,13
23,12.5479791836,13
17,11.112361264,13
103,23.6875396908,13
111,24.179318501,13
107,23.7669591451,13
65,20.664422599,13
45,18.5061602351,13
105,23.7117101148,13
57,20.6218453071,13
55,19.1427010599,13
61,19.409487157,13
53,18.8634386208,13
39,16.8049674838,13
61,19.6923444467,13
55,19.035241983,13
29,13.9002406147,13
15,6.5108981214,13
13,8.5779923304,13
11,5.2086109485,13
27,16.5918845033,13
27,14.3821322949,13
29,16.372814497,13
37,16.7778539937,13
19,14.836650872,13
29,17.318162564,13
35,16.6101947769,13
25,16.9344969205,13
35,17.9421204389,13
51,18.632668629,13
27,15.1449259893,13
73,21.2856804308,13
41,17.2645441023,13
53,19.181825403,13
49,18.468211324,13
33,17.3320733337,13
19,12.0650863511,13
15,11.8964020867,13
31,17.5503980489,13
29,15.5812379761,13
41,16.9957127949,13
27,14.940677637,13
29,15.577629412,13
17,13.2002604093,13
31,13.8540254494,13
31,14.4392553545,13
25,15.17190856,13
45,18.075408965,13
29,16.5823453781,13
23,14.776803861,13
23,14.8164009713,13
37,17.6677503096,13
27,16.6197306881,13
27,16.4314222615,13
49,18.6338852526,13
57,19.2493097233,13
25,15.8439978593,13
55,19.1663844143,13
37,17.4262678513,13
41,18.347115962,13
41,18.0163583163,13
41,17.638871673,13
25,15.2595971743,13
33,17.004548204,13
25,15.7728698669,13
45,18.244366508,13
37,16.1554070945,13
35,17.8390740089,13
55,18.4429505405,13
33,16.0146295093,13
27,16.248306338,13
25,16.709182774,13
35,17.6906673338,13
45,17.0520426501,13
35,16.7922576074,13
21,14.5314601554,13
25,17.3640835997,13
17,9.9373253765,13
29,13.9000808792,13
31,12.7760952258,13
37,16.560620294,13
29,11.9671597399,13
31,17.2984526795,13
39,16.2607262024,13
41,18.1106072213,13
21,14.178142414,13
31,15.5313499379,13
41,15.380609959,13
37,16.30944855,13
27,14.8330030526,13
33,15.1639132549,13
21,16.381458514,13
45,17.6188766375,13
37,17.826298683,13
35,17.0172751164,13
39,17.582007831,13
17,14.1408797739,13
45,17.3914122032,13
17,14.5362244595,13
15,10.3974448,13
17,13.8992663842,13
25,14.1382034845,13
29,16.7273478303,13
29,15.9260441412,13
29,16.0877424868,13
19,14.141365968,13
17,13.998685643,13
25,15.9270835373,13
41,18.5054317534,13
27,14.632980427,13
11,11.3674817762,13
21,10.8248260811,13
53,18.7784409567,13
45,17.935576091,13
23,16.666900976,13
19,15.1317440645,13
17,13.9416442653,13
19,15.2766083478,13
51,19.810639311,13
41,18.839959859,13
47,18.2076417801,13
35,18.5711635477,13
41,17.9762456879,13
49,18.5059876585,13
49,19.2296974276,13
27,14.9511670031,13
19,14.021197765,13
19,14.2524587661,13
33,15.9160809635,13
11,11.4995572799,13
19,14.2694843391,13
33,17.0933475932,13
45,18.473106668,13
47,18.569072593,13
25,13.5439769227,13
95,21.250024357,14
99,22.2048852519,14
137,24.704708945,14
133,24.5239882054,14
99,22.7167000038,14
67,20.3672841976,14
81,20.7203932663,14
95,22.836670246,14
97,21.3492977626,14
135,23.7643604,14
65,19.315046745,14
107,23.27435003,14
81,20.7383933315,14
105,22.6034707045,14
53,18.262395092,14
67,19.525044005,14
123,24.082863467,14
101,22.4786379969,14
87,21.524027731,14
93,20.438600967,14
75,19.7041295935,14
147,24.7849739231,14
127,23.9381516642,14
65,19.58239628,14
91,20.13143874,14
123,23.8955948276,14
85,19.898991309,14
161,24.9821934513,14
79,21.0638294304,14
75,19.612271229,14
89,21.6271515309,14
63,20.287505758,14
75,20.9205770388,14
81,21.242374044,14
159,25.9520515284,14
139,24.869021474,14
69,19.9047547832,14
117,23.155889198,14
71,21.1382762433,14
95,21.3023601183,14
51,19.0857531618,14
73,19.190997232,14
95,22.3986640392,14
131,24.1588428918,14
79,19.171916224,14
123,23.6166405503,14
189,26.9652326777,14
99,22.1760993074,14
185,26.77880342,14
147,25.494042598,14
81,20.709560869,14
85,20.079230588,14
73,19.9638047753,14
53,18.8803566013,14
165,26.1118733562,14
151,25.8572670523,14
147,24.879178597,14
145,24.637281766,14
89,21.732087471,14
155,25.753409301,14
95,22.574630743,14
157,26.205863344,14
133,25.2929880367,14
117,23.694536224,14
105,22.8229702662,14
83,21.028691357,14
115,23.256525495,14
85,20.1232978229,14
141,25.1423032705,14
119,22.935551206,14
163,26.3926681131,14
127,24.7180158602,14
115,22.936243257,14
95,21.741387664,14
99,22.0314597788,14
125,23.812919176,14
115,23.9993942789,14
131,24.8660231338,14
145,24.4120715704,14
91,23.185154694,14
157,25.714105976,14
77,21.427723052,14
57,19.334421486,14
117,23.188648231,14
99,22.1235070647,14
93,22.74438971,14
117,23.753211696,14
139,24.621836003,14
175,26.8565997613,14
73,20.809025813,14
87,21.0770824132,14
125,23.714589875,14
99,21.698849098,14
79,21.53865354,14
75,20.6999747012,14
133,24.365789531,14
99,22.7154091082,14
121,23.687137747,14
113,23.4959146018,14
103,23.277337404,14
113,22.8265934263,14
131,24.245800784,14
85,21.869714665,14
99,23.55255553,14
167,26.4483278239,14
81,20.9067679593,14
75,20.6929406089,14
107,23.0135972627,14
85,21.971142248,14
117,24.146029524,14
25,14.1840467266,14
119,23.031829543,14
91,20.883442435,14
95,22.13575315,14
87,22.119389573,14
143,24.0360413424,14
107,22.730107664,14
55,18.3748629235,14
107,22.7426473203,14
95,21.309721233,14
153,25.9052402113,14
141,24.879326914,14
161,25.978817913,14
75,21.0464890878,14
155,25.4743222722,14
161,25.869108581,14
97,22.749208375,14
75,20.220920599,14
155,24.53876422,14
31,15.4687302419,14
139,25.0349690483,14
51,17.1173193729,14
31,16.7028293718,14
45,18.534457034,14
91,22.659147063,14
83,20.9357287701,14
103,23.5576705761,14
105,23.3053217011,14
101,22.6277005207,14
53,16.7044117514,14
133,24.180888287,14
77,21.27234479,14
123,23.843500676,14
111,23.493610668,14
99,22.2830638792,14
119,23.784807844,14
81,21.072418613,14
89,20.9175066593,14
125,24.2772977773,14
127,23.949176912,14
79,21.411315809,14
69,20.9992269234,14
123,23.6749223438,14
69,21.079729925,14
135,24.3628408978,14
161,25.490676855,14
127,24.473145358,14
137,24.575403164,14
101,22.9748506596,14
47,16.064998411,14
131,24.1332398644,14
175,26.4019819337,14
111,22.955390952,14
109,23.685995415,14
139,25.1472962251,14
165,25.869081592,14
87,22.9272314092,14
93,23.302627167,14
153,25.1474264599,14
111,23.794876639,14
71,19.2441754426,14
137,24.542032203,14
137,24.6493219277,14
57,18.4618533263,14
149,24.5134992984,14
89,22.383301055,14
109,21.3131384211,14
51,16.6321426135,14
121,24.2959998316,14
51,18.022948012,14
87,22.3018369896,14
37,14.7562860574,14
111,23.4174339438,14
83,22.128953281,14
103,23.1341577592,14
47,17.691699363,14
145,25.097061391,14
93,21.186200907,14
107,23.0161364138,14
73,20.6184608433,14
111,23.0993464251,14
159,26.019512354,14
171,25.7803602195,14
103,22.4094375396,14
121,23.7398416122,14
81,21.4530292273,14
115,24.129476922,14
125,23.324011591,14
139,25.23183716,14
93,23.2057658002,14
103,23.4651847101,14
189,26.8870490458,14
129,25.012000239,14
129,24.745719566,14
123,24.2331308719,14
115,22.649873346,14
55,18.8678992752,14
105,23.132193204,14
161,25.051450258,14
147,25.0094970826,14
145,25.312482251,14
151,26.11256311,14
149,25.791204085,14
137,24.3015386537,14
61,20.8329550377,14
101,22.9403838521,14
141,24.140619624,14
83,22.408479945,14
93,23.1798883204,14
181,26.3456048138,14
171,26.2885085267,14
39,15.694170117,14
37,15.8611352534,14
55,16.7966982638,14
71,18.4736806816,14
47,17.0430818143,14
43,16.3689675269,14
23,12.7817037892,14
81,21.5819847791,14
35,15.4897356514,14
109,23.9135610538,14
75,20.5084229772,14
71,20.3899004978,14
105,21.905416683,14
127,24.5892582871,14
77,21.907895355,14
55,20.345366224,14
99,22.4977639022,14
75,19.9178009004,14
117,24.2793748115,14
21,13.0482249133,14
181,26.8424633604,14
185,26.9713118834,14
91,21.4597847452,14
161,26.009209453,14
83,20.052141073,14
177,26.4872490805,14
145,25.785638215,14
171,26.8009049819,14
87,21.3258292392,14
69,17.6483227328,14
121,22.62615927,14
203,27.8852848651,14
125,24.900996198,14
139,24.481378199,14
89,22.0049918317,14
107,23.8005309388,14
213,28.2872046125,14
113,24.382273889,14
87,21.883071927,14
61,19.183994658,14
111,24.3805017468,14
129,25.1098699451,14
61,19.1826603422,14
139,24.988752625,14
119,24.097698245,14
159,26.6349747416,14
123,22.255363581,14
97,23.0056752008,14
125,24.927638706,14
155,25.163118154,14
87,22.009932902,14
101,22.191411788,14
69,21.304967514,14
91,22.9565455358,14
79,22.243650251,14
163,26.4284613262,14
123,25.132587249,14
101,23.44154343,14
93,22.817136561,14
117,23.114994193,14
39,15.0401149833,14
35,14.0090735698,14
203,28.1120698727,14
171,26.8606346717,14
75,21.0489240586,14
69,20.5408040104,14
181,26.544155368,14
105,23.2748106,14
121,24.428633728,14
111,24.0498203038,14
115,23.822453091,14
95,22.988521336,14
133,24.716096752,14
135,23.981517891,14
103,22.9426595456,14
121,24.538226074,14
69,20.307081978,14
53,19.8665657537,14
123,25.034511737,14
79,21.505515491,14
85,23.2258275582,14
59,20.089135858,14
83,22.4732830726,14
105,24.0205649191,14
49,19.769579129,14
117,24.2508668878,14
95,22.562437489,14
153,26.0290381492,14
117,24.3396408463,14
71,20.782348138,14
97,21.7526757938,14
117,24.164627106,14
71,21.4850817206,14
109,23.3989192272,14
115,23.915164171,14
93,23.2584106656,14
121,24.582823497,14
87,22.7343975329,14
73,21.3399487421,14
95,22.550501649,14
63,18.7703514734,14
77,20.9221583247,14
47,18.5318723225,14
65,21.202810677,14
97,22.6937976,14
93,22.9880859663,14
151,25.9694263182,14
99,22.86175036,14
89,22.482862154,14
97,22.952533727,14
105,23.5439928302,14
73,19.2017841673,14
31,14.9492251924,14
11,6.56860931492,14
103,23.6708325516,14
31,17.5179648341,14
101,21.9645126125,14
27,12.686376682,14
19,13.957538248,14
41,18.1459592014,14
55,19.351081733,14
63,21.5840891281,14
57,21.2597415512,14
41,18.8504671282,14
49,18.573087045,14
69,20.1329795606,14
53,19.5271349435,14
67,21.3253717095,14
63,20.4764955152,14
47,20.748524159,14
57,20.7109183498,14
69,21.3677289938,14
69,21.378929629,14
65,20.8986352547,14
47,19.996961865,14
57,19.3995600592,14
35,16.330036224,14
63,20.665015763,14
49,19.282043499,14
77,20.891896873,14
61,20.114902043,14
19,12.840921158,14
51,20.495964561,14
73,21.956579712,14
59,18.4702325808,14
93,22.6224458642,14
41,18.549212116,14
43,19.734119871,14
59,20.636534754,14
51,19.7872256499,14
31,17.7830512055,14
43,17.7146727593,14
37,17.2634662603,14
29,15.942160012,14
35,18.0139830021,14
65,19.747434332,14
25,17.484819868,14
45,19.6661329777,14
73,22.160169684,14
27,16.9099037952,14
57,19.804833315,14
35,16.298416146,14
25,13.1081059857,14
59,20.8144028553,14
43,19.8308231047,14
65,21.8438220333,14
35,18.863549357,14
43,19.373931893,14
71,20.793946025,14
33,16.9930026768,14
45,18.5664079862,14
27,15.8463903193,14
55,20.305389117,14
21,13.6726653885,14
39,18.1942715339,14
27,15.9651043133,14
47,17.8370430354,14
21,16.025256437,14
15,12.8253359846,14
21,15.6209873519,14
59,20.2734644819,14
51,18.802633858,14
63,20.3313154954,14
55,19.3330856132,14
39,17.67813813,14
49,18.2654663482,14
23,14.4227564539,14
45,19.77415527,14
45,19.0909649943,14
59,18.3130540352,14
57,20.6998321946,14
41,19.3466015732,14
45,18.781514638,14
45,19.0909649943,14
29,17.70109357,14
63,21.4416736559,14
61,19.1993199395,14
57,20.63495096,14
41,17.7643929076,14
63,20.157141011,14
45,19.138902731,14
35,19.0827556934,14
53,19.6053381404,14
49,19.2158819544,14
79,22.082076557,14
39,18.4937322493,14
43,18.953127053,14
43,19.4597839848,14
57,19.7042921892,14
39,17.4299635096,14
65,20.5999107912,14
49,19.5278408771,14
75,21.0328533118,14
65,21.070363915,14
53,20.847076854,14
61,20.3300554357,14
53,18.0949733724,14
45,20.426498673,14
31,17.9555623065,14
57,20.0448397489,14
69,20.7671115455,14
27,16.4873529829,14
43,19.3935830959,14
69,21.1804594322,14
43,19.7159879655,14
81,21.9049220669,14
55,20.00507605,14
31,17.5260325891,14
43,20.087767541,14
49,20.3316256182,14
65,19.945742169,14
57,20.9238324437,14
37,19.3494832457,14
103,23.7486267894,14
69,21.623454433,14
77,20.9075496112,14
57,19.687512056,14
47,20.2880488982,14
63,20.8436268899,14
43,19.151113749,14
69,21.0558350987,14
43,19.138423723,14
41,19.5075378426,14
41,19.068286189,14
23,14.6186354185,14
23,14.0665642562,14
41,19.365425854,14
35,18.484468861,14
53,20.876067115,14
45,20.0247071206,14
63,20.988275318,14
45,19.8769114444,14
51,20.5478950553,14
27,15.7994972457,14
21,14.9525263766,14
59,20.610946953,14
57,19.9506881387,14
19,13.3616719115,14
35,17.1567498,14
51,18.9586788878,14
15,14.8602150242,14
41,18.599412155,14
39,18.005190153,14
41,17.480146651,14
19,15.9551237719,14
69,20.072243135,14
43,19.4508956402,14
33,16.913607954,14
27,15.8336358654,14
73,20.9177193653,14
45,20.3078065899,14
25,13.6952723885,14
33,18.4234651203,14
55,19.801353156,14
57,19.5084070868,14
27,15.4401698693,14
71,21.308174182,14
35,18.0712201976,14
35,19.0342263072,14
45,18.902712412,14
45,18.854442017,14
31,16.7788446081,14
61,20.988725842,14
47,19.6967502208,14
47,18.636683273,14
89,23.0574987891,14
27,16.7608788707,14
29,16.0756512457,14
49,19.3784335974,14
85,22.648411018,14
29,15.5145202812,14
81,21.594187624,14
65,21.0131972083,14
53,20.510417332,14
75,20.9848623045,14
37,17.7263540154,14
37,19.6152579093,14
43,18.959812994,14
47,19.770117143,14
41,20.044039987,14
73,20.852774154,14
21,17.5366720777,14
39,19.1526107891,14
33,18.424746879,14
53,19.6808896407,14
71,21.644440856,14
59,21.030202448,14
29,17.713376274,14
29,17.9130357304,14
17,13.0231280816,14
37,17.49220242,14
43,17.7177219536,14
37,17.5470280427,14
71,21.567048968,14
53,19.847352267,14
75,21.832557799,14
47,18.0230528646,14
37,17.3381038287,14
35,17.2679815003,14
93,22.9721412408,14
15,12.574503141,14
53,19.869811625,14
27,16.6441610956,14
25,14.639185777,14
45,18.7710461796,14
31,17.2804121249,14
23,15.3294569053,14
39,18.1064160101,14
15,11.5597271605,14
59,20.4649297931,14
49,19.056587181,14
41,17.9310269235,14
71,21.802685108,14
39,18.9283125763,14
43,18.514522811,14
33,18.9185315913,14
53,19.064072213,14
65,21.713641992,14
59,20.3813612677,14
41,17.081250528,14
45,19.7927578578,14
27,16.6880862681,14
59,19.7683439119,14
31,15.6099372514,14
63,19.9267271693,14
29,16.468131476,14
67,20.9482110312,14
75,21.46950411,14
75,21.46950411,14
19,15.8444865546,14
55,19.239457093,14
59,20.642623914,14
31,16.8858090176,14
33,19.040111751,14
23,13.6409625535,14
23,16.621145355,14
53,19.116093091,14
23,15.708824635,14
39,18.6563934507,14
45,18.1421246829,14
13,9.9403428207,14
23,17.1973086378,14
23,17.040748049,14
65,21.7992689025,14
43,19.073908287,14
53,19.9972986641,14
61,21.461117685,14
47,19.7029323583,14
15,15.4605304875,14
17,13.618503186,14
51,20.2014375499,14
47,19.4027965781,14
101,23.861973372,14
59,20.3480868188,14
53,21.2718012156,14
51,19.083466009,14
87,23.389925547,14
85,23.0736840347,14
47,20.081163594,14
79,22.7150720453,14
39,20.273881316,14
45,18.0718927105,14
31,15.4760903061,14
41,19.7233582383,14
83,23.4034280782,14
45,19.639248489,14
21,16.268632027,14
71,21.3246011509,14
23,13.5565375689,14
23,13.6898569974,14
45,20.3367854839,14
41,16.374355349,14
71,20.550209351,14
55,18.941225968,14
49,19.1155989083,14
61,20.179054495,14
23,17.5030308988,14
41,18.5482984032,14
19,14.5876337893,14
63,20.570147873,14
45,17.6569607278,14
25,17.372065762,14
59,20.6101438415,14
35,18.0558065161,14
31,16.6550191798,14
57,20.537582937,14
35,18.617938247,14
27,17.5271443348,14
53,21.1527143655,14
41,19.9246376316,14
71,21.2928660844,14
31,18.0386206632,14
47,19.8399187993,14
43,18.1781752095,14
45,19.2402878113,14
51,21.3132424291,14
49,20.7994078394,14
47,20.766165099,14
75,22.3375801147,14
41,18.9173133379,14
51,20.029672165,14
83,22.3685136966,14
41,18.84259246,14
25,14.7287336977,14
45,19.381065792,14
49,19.89836426,14
87,23.0610784575,14
47,19.2980452862,14
83,22.8390993336,14
37,18.579290538,14
57,20.3825806279,14
47,20.1677636243,14
27,17.43113275,14
27,15.9310857522,14
27,16.5364423452,14
59,20.858802397,14
67,21.676115268,14
23,16.8524008507,14
59,20.4642261546,14
57,20.384725309,14
21,15.1816126645,14
33,19.3961237915,14
63,21.4048195773,14
67,22.468471334,14
31,18.0269805378,14
69,21.234242499,14
71,21.923698296,14
57,21.9477280765,14
43,19.8873821773,14
53,19.3025007681,14
31,16.6132036669,14
41,19.182071455,14
45,18.3887739893,14
23,14.6860502957,14
31,15.7388832426,14
47,20.5097486278,14
27,16.1044115343,14
25,15.685775335,14
47,20.466912091,14
33,18.529404733,14
51,19.1780587457,14
29,15.4441803652,14
51,20.5255463043,14
63,21.0458681601,14
13,13.7932385806,14
65,19.6024676253,14
41,19.8770830023,14
39,19.131499968,14
53,21.4825328076,14
43,19.0757723734,14
23,12.7860247141,14
33,15.2716133082,14
33,17.4130522928,14
53,20.9402195088,14
73,22.030105503,14
37,17.9750077173,14
27,18.1287401571,14
27,18.058835154,14
89,22.280122178,14
167,25.0385295069,15
213,27.107694306,15
117,22.5945026185,15
71,20.128102943,15
151,24.521450862,15
105,20.9583267444,15
167,25.6777084737,15
157,24.563807367,15
93,21.796493496,15
97,20.351193098,15
147,23.5748786972,15
153,24.742014605,15
115,24.19440159,15
139,23.355262141,15
111,22.5228461932,15
191,25.923332327,15
189,26.1092229438,15
189,26.1092229438,15
199,26.7528284965,15
53,19.6704374142,15
201,26.4669639845,15
167,25.466876627,15
149,24.430646547,15
155,24.1695250455,15
225,27.8944382218,15
213,27.3696485829,15
81,20.888150735,15
211,26.742808916,15
197,26.5559467752,15
215,26.9270888003,15
237,27.647365016,15
151,25.020238911,15
95,23.5879500621,15
173,25.8945213423,15
203,27.303427324,15
237,27.460596331,15
83,21.660723123,15
87,21.9066418661,15
123,21.909036565,15
171,25.928297978,15
245,27.738203786,15
109,22.5964983436,15
79,20.0796438865,15
193,27.0077439448,15
215,27.0677364658,15
63,19.0613329781,15
127,23.018144945,15
53,17.0583793138,15
191,26.128421036,15
175,26.0433342665,15
135,23.6323383148,15
53,18.474680732,15
155,25.249332801,15
121,22.9485414557,15
99,23.0483877316,15
199,27.1453794614,15
87,21.023718137,15
111,22.668601178,15
147,24.6587981425,15
259,28.6424098337,15
193,25.9556705007,15
221,27.6911288432,15
177,25.906289916,15
125,23.7124544588,15
147,24.595595156,15
185,26.278493229,15
173,24.8952393298,15
211,26.4783599551,15
157,24.5729350977,15
247,28.7172197413,15
125,23.720053969,15
187,25.9177245777,15
129,23.132924757,15
237,28.0723049426,15
249,28.363170541,15
127,23.8678663045,15
197,26.4114644374,15
87,20.365552008,15
171,25.425709675,15
161,24.3642584,15
111,21.2940878767,15
149,23.3093428,15
111,23.4096901234,15
103,21.5127904895,15
193,26.911896444,15
121,23.416833903,15
153,25.557599456,15
149,23.915259115,15
155,25.3955172284,15
163,25.1173912583,15
199,26.647981608,15
147,24.963604919,15
137,24.2466184613,15
101,22.6768417489,15
27,13.971327848,15
227,26.958256158,15
161,24.5701407177,15
189,25.259633661,15
263,28.6245131303,15
167,25.2049633785,15
143,24.7677464303,15
165,25.90480918,15
163,25.913657243,15
195,26.19740208,15
219,26.8757039399,15
45,18.3857249336,15
179,25.669916469,15
69,19.4749486543,15
69,19.4749486543,15
141,24.479836579,15
219,27.724794377,15
123,25.456554383,15
71,21.138276448,15
143,24.507296671,15
213,27.807876657,15
225,28.3959142805,15
179,25.2488980462,15
183,26.478801066,15
171,25.680156821,15
67,20.7150354724,15
145,24.885869777,15
235,28.478698642,15
131,25.6105932543,15
181,25.9959824414,15
123,22.862085686,15
171,26.050623914,15
169,25.7267332153,15
129,23.476540099,15
119,22.9167792824,15
101,23.0713652423,15
167,25.809154397,15
129,25.647976894,15
185,26.860564698,15
157,26.578066469,15
199,27.081377714,15
151,24.7401852738,15
173,26.9996362626,15
241,27.6552507835,15
187,27.262597998,15
99,22.668067696,15
117,23.4249840866,15
99,22.8259138961,15
265,28.4697891011,15
45,18.1080976362,15
119,23.5521802874,15
137,24.593065256,15
61,18.7092326644,15
179,25.3925293575,15
67,18.2407633555,15
183,26.8178580769,15
139,23.7461129316,15
187,25.8253197703,15
217,27.2416210827,15
101,23.0814248627,15
151,25.7260496401,15
197,27.1000418794,15
225,27.1790405669,15
73,22.009680308,15
209,25.9330311026,15
195,24.9715842985,15
115,22.8002722861,15
175,24.8114600776,15
149,24.837586278,15
215,27.595439014,15
103,23.017307447,15
109,22.80961442,15
109,23.8726488764,15
241,28.104744296,15
99,23.2977540536,15
93,20.2808859085,15
47,18.0187496741,15
137,25.2139272921,15
55,19.2752715798,15
133,22.004454196,15
129,24.39535482,15
131,23.6889539193,15
129,22.1374651096,15
161,25.266693352,15
157,25.3221985265,15
155,24.369725233,15
91,22.504996639,15
187,26.0602476508,15
87,20.008327762,15
189,26.017233288,15
171,25.0053928468,15
181,25.278161584,15
133,24.055215824,15
95,21.436190907,15
151,24.658315653,15
125,24.36449781,15
225,27.88068387,15
177,25.379003861,15
69,20.8981119808,15
145,25.4099994194,15
195,26.12458754,15
187,26.0159262603,15
157,24.8826210919,15
145,22.930340053,15
189,27.193488144,15
209,27.343309076,15
155,24.259310539,15
137,25.1875881822,15
197,26.400469688,15
135,25.741882359,15
245,28.012105128,15
255,28.4015337808,15
183,25.6534604294,15
285,30.068201681,15
211,26.207342755,15
131,24.1331786285,15
131,24.2729961133,15
159,26.0337672083,15
133,25.071601736,15
47,15.5746308932,15
105,19.9663517126,15
213,27.8092456022,15
201,26.8860163235,15
165,25.582144818,15
115,23.7805566738,15
91,20.7563734625,15
125,23.9098846585,15
109,24.584952486,15
209,27.6238511771,15
151,25.205864746,15
137,24.660343293,15
183,26.933548533,15
263,29.256039676,15
101,22.5290157406,15
175,26.644631293,15
189,27.3195332553,15
187,26.1060076923,15
209,27.303269552,15
171,26.2140355382,15
125,25.362411164,15
133,23.811173244,15
225,28.0288173307,15
255,28.337523796,15
217,27.4991082639,15
87,21.2759653097,15
125,21.6116169731,15
67,20.67782654,15
105,22.6151901709,15
185,26.060830963,15
221,27.4770854765,15
109,22.8104891283,15
175,25.326146412,15
113,22.391523702,15
85,20.793577418,15
91,22.9001524122,15
163,25.991299156,15
163,26.3693479162,15
213,27.0981958762,15
153,25.197417226,15
107,23.4949019181,15
205,27.0364543923,15
155,25.4035594939,15
135,24.5936378038,15
83,22.4624017894,15
57,19.242625655,15
79,18.5297168241,15
131,23.7001575822,15
45,13.741365978,15
171,25.6391619606,15
149,25.2501304716,15
189,25.837592892,15
153,25.19647387,15
169,25.767394985,15
125,22.529854067,15
173,26.0918790774,15
125,23.741027294,15
111,20.587131507,15
99,23.407208688,15
241,28.0841238639,15
141,25.787339603,15
131,24.060414957,15
85,21.3562701134,15
107,23.050727976,15
311,29.889212171,15
161,25.406393552,15
179,25.5110217427,15
189,26.6003071363,15
135,24.468458465,15
191,26.765342541,15
143,24.1065795954,15
189,27.196914422,15
231,28.4527268163,15
281,29.050499221,15
305,30.1544272207,15
285,29.4719991,15
165,26.0235029741,15
217,27.600232936,15
149,25.736649333,15
187,26.6492003442,15
239,28.447943899,15
199,27.00698583,15
207,27.6566096676,15
209,27.2410336883,15
261,29.0508650319,15
231,27.9711675797,15
155,25.5411654659,15
195,26.3183091832,15
153,25.481850871,15
291,29.278282943,15
61,20.219622411,15
73,20.457947804,15
169,26.0401979558,15
31,17.421831763,15
87,20.9980589313,15
137,24.6648083766,15
143,25.889869046,15
201,27.5296034569,15
199,26.889464572,15
109,21.378320555,15
141,24.6133723306,15
211,27.837709885,15
171,26.048086251,15
159,25.692362098,15
239,27.287858011,15
203,27.584834875,15
241,27.459927372,15
235,28.4946217756,15
165,26.3005878348,15
137,24.264458976,15
131,24.5703429875,15
139,23.4002085698,15
117,22.991335411,15
91,21.8018600693,15
103,22.09195904,15
167,26.234246014,15
139,25.009610933,15
211,27.8983730298,15
139,24.592492662,15
133,24.436409974,15
205,27.3621658045,15
219,27.4504358261,15
243,28.0450057492,15
245,28.9111374524,15
181,25.9783658426,15
145,24.6814986441,15
205,27.1334665106,15
123,24.374609235,15
125,23.6453104419,15
211,28.150051856,15
129,23.8819041685,15
223,28.286208625,15
183,26.014568225,15
243,29.185559974,15
221,27.952729115,15
133,24.6834802228,15
111,23.95529642,15
163,26.154976235,15
91,23.4089351457,15
165,25.9102022763,15
147,24.9801125466,15
87,22.3376773263,15
97,21.4881970573,15
95,22.0346033115,15
209,27.882221655,15
203,27.2847037885,15
199,27.614901806,15
147,24.761448771,15
143,24.7122198604,15
161,26.2029313159,15
107,22.5064376003,15
213,28.174550769,15
107,22.47104569,15
113,24.0121944694,15
129,24.402071137,15
173,26.1172330734,15
109,23.2352216959,15
173,26.727985817,15
133,24.0224017787,15
53,18.8762125592,15
185,26.751284383,15
109,24.039996904,15
189,26.6839307655,15
229,27.9874860879,15
233,27.9837540036,15
129,25.2265640392,15
229,28.9886976852,15
237,29.1165911449,15
91,22.4411849848,15
101,22.665784986,15
133,24.2750463581,15
125,23.5183912946,15
91,23.1435566654,15
123,23.2295936062,15
245,29.03192086,15
101,23.367239414,15
367,31.845320365,15
209,27.354682062,15
183,27.038527834,15
191,27.2044970508,15
183,26.356739646,15
299,30.4190553893,15
107,22.9076263464,15
169,26.500077207,15
139,24.51028628,15
237,29.1472329986,15
81,22.807379884,15
143,25.7586962203,15
241,29.1038448224,15
219,28.398402675,15
283,30.234860336,15
117,24.5046684237,15
181,26.3959236997,15
197,27.085015674,15
177,26.2384146963,15
183,25.87196755,15
233,28.4379701675,15
231,27.746370651,15
141,24.1391545223,15
257,29.46138805,15
297,30.628358726,15
91,21.8280036551,15
169,26.887196268,15
89,23.0436726894,15
243,29.048262303,15
163,26.7751793525,15
101,23.3020006651,15
373,31.8436817347,15
131,24.358100316,15
157,26.385025223,15
135,23.630447668,15
147,24.8611526941,15
235,28.6751930806,15
227,28.5773225716,15
171,26.366109953,15
261,29.2457713279,15
237,27.8791090353,15
101,21.732332921,15
125,23.571815088,15
105,21.807912089,15
73,20.4259650689,15
169,25.7052992772,15
203,26.1316596425,15
111,25.104978347,15
285,29.603883298,15
231,28.7732669344,15
209,27.3845126321,15
59,19.166742239,15
95,21.092189055,15
77,21.324892566,15
205,26.88874282,15
137,24.646349326,15
147,26.000490979,15
161,25.304742219,15
177,27.0615115549,15
249,29.2528847417,15
231,28.3102853365,15
97,24.0984958871,15
163,25.5746831959,15
123,24.778313967,15
233,27.3055653795,15
85,21.6830922433,15
95,23.680912669,15
149,26.436218023,15
87,23.2720554155,15
167,26.349451482,15
217,28.5350993513,15
271,29.114998749,15
231,28.688344155,15
149,26.0045025575,15
161,26.3677607017,15
87,23.700529751,15
91,24.015840427,15
237,28.7676420608,15
221,28.403142676,15
207,27.795259988,15
171,26.477941443,15
145,25.5953919879,15
53,19.3376369095,15
237,28.535627224,15
205,27.7524134214,15
341,31.020725182,15
111,22.9951351202,15
113,24.2000724306,15
167,26.8557453578,15
119,24.409426426,15
251,29.13129091,15
77,21.8355739283,15
117,23.8140266321,15
135,26.1658946783,15
157,25.363295719,15
67,21.027433557,15
81,21.943525371,15
113,24.2049436172,15
145,23.812514748,15
143,25.905511113,15
81,21.4880563022,15
249,28.225650546,15
9,0,15
75,21.3295088524,15
109,23.607647499,15
103,23.1143642071,15
91,23.4385936,15
87,22.481158087,15
75,21.6058781707,15
59,22.4803518233,15
69,21.0059019202,15
79,23.351542513,15
79,22.259300753,15
109,24.030352007,15
85,22.1779182199,15
49,18.2281109622,15
79,21.9357997124,15
31,17.7270444167,15
71,19.5068734887,15
57,20.529567144,15
45,19.7876655946,15
53,18.8834944099,15
39,18.8462278678,15
15,13.8043542919,15
57,19.550660647,15
87,22.60810515,15
99,24.8054156381,15
61,20.8892518626,15
89,22.436790127,15
67,22.2021804526,15
47,18.6601886356,15
103,23.5743589841,15
37,17.7512161244,15
57,20.865264188,15
59,21.059373737,15
89,23.0176871861,15
69,21.1100167457,15
61,20.5911946014,15
61,23.2156743965,15
127,24.315054432,15
55,19.864972828,15
45,18.058053111,15
65,21.049363372,15
63,20.054748441,15
93,23.935767359,15
53,21.2004524171,15
49,18.9480971175,15
53,20.4821454774,15
41,20.0033142268,15
39,18.3745158954,15
35,18.5445813404,15
115,24.0863448176,15
53,20.9153242519,15
29,17.479862123,15
25,16.3787142116,15
17,9.1219639604,15
75,22.2116255219,15
77,23.114602961,15
69,22.5401130946,15
77,23.447445259,15
71,22.5392571321,15
49,20.4198558779,15
89,23.1451573476,15
57,20.420492705,15
17,12.9231868983,15
41,20.105828701,15
65,21.301024663,15
85,22.889001444,15
65,21.301024663,15
101,22.7231469066,15
117,24.569664636,15
71,21.3012955715,15
87,22.6696810843,15
33,17.930721171,15
25,16.182870539,15
67,21.562517121,15
105,23.8593477267,15
61,21.985140636,15
59,22.6361327002,15
73,22.203692538,15
47,19.0550204648,15
49,19.79861659,15
39,18.444876099,15
57,19.8720392753,15
53,21.1032185251,15
67,21.531263833,15
59,20.471565168,15
137,25.033455318,15
105,23.210904165,15
87,23.5399830931,15
55,21.241335947,15
79,23.343137435,15
41,20.446055915,15
77,22.6479744568,15
101,23.9420325037,15
63,20.794498976,15
81,22.6051997365,15
125,24.1159576802,15
123,24.8281309619,15
67,22.372024818,15
25,16.2030713775,15
45,19.3118597581,15
133,24.911425459,15
83,23.749883898,15
147,26.3575135719,15
123,24.7863048507,15
137,25.386164258,15
91,22.967060973,15
69,21.71872623,15
57,22.364443808,15
95,23.4394215279,15
59,21.9126713532,15
43,20.7395437852,15
55,21.6066919006,15
71,22.6596632188,15
33,17.1575049483,15
105,23.72547604,15
53,18.704654828,15
63,20.9770673706,15
79,20.654923694,15
93,22.9822958331,15
65,22.305094714,15
61,20.9121011899,15
73,22.615939221,15
49,20.8726291142,15
63,21.789212913,15
69,21.3300694712,15
107,23.0863899957,15
81,22.6372903097,15
49,19.2598897257,15
107,23.086389996,15
103,23.751182029,15
61,19.854641259,15
101,24.385049097,15
37,18.9867897159,15
63,21.533007097,15
31,18.1186600447,15
37,20.3300588146,15
37,18.5770471752,15
77,21.5763464941,15
45,19.761698905,15
107,23.9318497641,15
47,20.6780196004,15
71,22.448649396,15
95,24.2297576376,15
75,22.886091234,15
41,20.6732984812,15
87,22.965603784,15
97,23.9396742298,15
99,23.658986286,15
61,21.0294125812,15
35,17.72423157,15
69,21.5102489489,15
33,18.8869461902,15
31,18.034788685,15
53,21.179723902,15
97,21.8419129816,15
43,18.4818958312,15
37,19.960137094,15
29,18.12703108,15
59,20.0543205818,15
59,21.6165654704,15
125,25.414552682,15
129,25.2364384109,15
65,22.251302375,15
113,24.4415140003,15
83,22.942892047,15
41,19.51394261,15
85,23.6604792618,15
99,23.9700055815,15
49,20.0600781572,15
73,23.6737785618,15
77,22.569031075,15
25,17.8746871509,15
39,19.674459839,15
49,18.530769798,15
31,15.8727224748,15
41,17.6940988433,15
45,19.9947918839,15
27,16.9074039872,15
39,20.0045622313,15
45,19.9612330594,15
53,19.6510933087,15
45,17.9718294537,15
101,22.3645206963,15
17,14.4581577525,15
71,21.876007289,15
27,16.8612501298,15
61,21.5700234345,15
45,20.1455450275,15
57,21.298909936,15
43,19.5988137827,15
139,25.3335852785,15
79,21.2416062643,15
29,12.2667800124,15
119,23.825720956,15
59,21.7309148481,15
33,20.13946553,15
107,22.7844831266,15
65,22.4717424488,15
69,20.2520839136,15
53,20.002446936,15
39,18.821266926,15
119,24.2945775206,15
95,23.6643158293,15
103,23.914518149,15
59,21.4838686131,15
89,24.241058574,15
31,17.228318271,15
83,22.30541026,15
67,21.417930782,15
37,19.227609938,15
77,20.2751690174,15
27,17.5673527019,15
79,21.9985067893,15
39,18.7462437066,15
77,21.948234872,15
51,20.189441099,15
29,17.1796496676,15
17,12.3968989659,15
111,24.831929987,15
57,22.4555305758,15
73,22.0865282846,15
75,20.9093114915,15
31,16.9061839845,15
117,24.156053042,15
67,20.320913678,15
19,12.0469213784,15
57,19.6702715951,15
111,24.974301199,15
57,19.771709694,15
49,17.3943467857,15
61,20.5860746071,15
63,21.39408606,15
55,21.393942976,15
63,21.963235512,15
107,24.0897867234,15
45,19.728025788,15
75,23.535030452,15
73,20.6217791339,15
59,18.963084634,15
77,20.5942005762,15
79,22.3529026309,15
47,20.040919197,15
105,22.5337660158,15
51,21.678218564,15
77,23.619014712,15
91,23.312701489,15
87,22.097310618,15
81,21.823106944,15
49,20.9495792385,15
95,23.1652946238,15
43,17.6158134366,15
43,19.6442199127,15
95,23.2810164374,15
65,20.552616494,15
53,20.104892428,15
85,23.3590634696,15
33,18.6827099,15
117,25.1049596645,15
55,20.84515752,15
177,25.059675057,16
209,25.3868953113,16
139,23.246249831,16
115,23.2438175227,16
197,24.854892924,16
199,26.293378061,16
151,24.661930009,16
231,26.187634368,16
249,27.155042918,16
301,29.0346242632,16
101,22.703300625,16
201,26.5703648704,16
241,27.920233217,16
151,24.340940525,16
205,26.982068598,16
71,20.1520304184,16
219,25.2754896797,16
205,26.8514163592,16
235,27.8539954882,16
271,28.9590723694,16
341,30.007646834,16
207,24.7879649585,16
73,18.4626503985,16
201,24.6909940182,16
175,25.8330163127,16
239,26.4114989522,16
233,26.5060007423,16
251,27.0107295054,16
259,27.795607665,16
301,29.210513893,16
285,28.827151893,16
327,29.836678364,16
191,26.058012882,16
223,25.608122131,16
267,28.743708495,16
99,22.8120017385,16
193,26.16588806,16
251,26.422831858,16
359,30.4768557189,16
317,29.0895035179,16
207,26.515639143,16
215,27.2400405909,16
145,23.2935233768,16
161,24.4000772489,16
377,31.1438352871,16
321,28.614584034,16
207,26.978751549,16
173,25.206961063,16
327,30.45804418,16
283,28.5847166212,16
345,29.958444109,16
303,28.96106909,16
103,21.8259614399,16
245,26.708054296,16
205,26.8102092533,16
203,25.441936652,16
225,27.086902787,16
239,27.225265314,16
303,28.62840076,16
153,24.7061300166,16
129,23.6096591388,16
127,23.0775152349,16
235,27.539462688,16
295,29.292502395,16
331,30.243615238,16
191,26.146357202,16
241,27.6584757303,16
115,22.5612723828,16
263,29.2106071665,16
243,28.5245076792,16
225,27.2782841698,16
133,24.40883951,16
259,28.864205247,16
331,30.012938151,16
279,28.555641384,16
171,26.706348753,16
181,25.628294928,16
167,25.0569937661,16
237,26.4343898153,16
295,28.859460085,16
175,26.094274812,16
137,24.567621104,16
281,28.42069416,16
265,28.032582122,16
127,23.800037794,16
175,26.781994334,16
215,27.773739739,16
269,26.5450007199,16
295,29.531614955,16
221,26.61286681,16
261,28.195523008,16
193,27.6913961859,16
173,24.0159795807,16
167,24.8718269196,16
187,25.0662088639,16
217,26.580004968,16
295,29.139168998,16
89,21.2769350025,16
167,22.977231944,16
169,25.174606615,16
257,28.193633864,16
309,29.1510720787,16
229,25.453113624,16
233,27.512232219,16
387,29.6825216297,16
117,23.7944353844,16
343,30.0835555906,16
271,28.1955422022,16
155,25.2327890114,16
301,29.166587724,16
235,27.0608566232,16
281,27.603448424,16
213,26.40936476,16
157,24.762537495,16
197,26.3608208851,16
335,29.898173849,16
269,28.1537217489,16
339,29.282473515,16
295,28.043697453,16
259,26.7476839273,16
165,25.040504942,16
213,26.357577371,16
191,24.323380745,16
183,26.1351098767,16
243,25.847643932,16
127,23.020913459,16
169,22.280975859,16
235,27.804192832,16
267,28.896509084,16
323,29.775057106,16
161,25.5483133559,16
183,24.8484579487,16
181,25.0579741745,16
293,29.60439668,16
259,27.2273545825,16
199,26.997367054,16
193,27.2076453911,16
275,28.482225937,16
265,27.7090388508,16
113,24.403970983,16
303,28.8876415798,16
133,23.7544092964,16
313,29.353254922,16
363,31.005241072,16
355,30.374607216,16
309,30.4028386704,16
233,27.3799200351,16
175,24.5999506653,16
209,26.107246809,16
247,27.4814686211,16
163,25.818661367,16
115,23.71244326,16
109,22.0152292734,16
221,27.083659272,16
153,25.088292446,16
279,29.578890345,16
419,31.7356588838,16
277,28.937620804,16
363,31.1020572833,16
183,27.330105815,16
233,27.88125495,16
93,23.247035533,16
177,26.509835311,16
201,28.2955704548,16
319,30.08051972,16
381,31.2359695999,16
155,26.110616278,16
255,28.31872245,16
95,23.102567011,16
183,26.0872865757,16
323,30.031176268,16
341,29.932049481,16
311,30.590372592,16
267,28.9428004852,16
275,29.1651755491,16
473,33.287401102,16
183,24.1217504159,16
229,26.911094686,16
247,27.872597282,16
381,31.346492859,16
349,30.9843660355,16
187,25.9308471989,16
211,27.00664594,16
191,26.01426823,16
265,29.093086583,16
321,28.905430055,16
223,25.668889547,16
309,29.1608096237,16
271,28.4639540427,16
145,25.532715078,16
327,29.08238068,16
129,21.9798611163,16
213,27.994526909,16
357,30.418158823,16
285,29.395020526,16
103,23.49255031,16
289,27.654425596,16
235,27.249260434,16
193,25.9977374658,16
187,26.106890093,16
321,30.2867594269,16
259,27.8189756183,16
257,27.2162579,16
217,27.718761841,16
219,27.614619369,16
239,27.232464587,16
117,23.9241581282,16
285,29.6669050659,16
207,27.8187485742,16
217,26.4036083692,16
271,27.8344129,16
173,26.1058556386,16
223,28.0174552674,16
291,28.6521456932,16
175,26.380001974,16
351,30.397903565,16
231,27.9054712208,16
223,26.8069169229,16
133,23.3912924486,16
269,27.6284529777,16
199,27.357539164,16
81,18.7900419809,16
333,29.9937561631,16
61,19.0427642183,16
209,26.476305425,16
263,28.318732985,16
333,29.7209058474,16
323,29.637575832,16
207,28.5018511897,16
281,28.8910914406,16
133,21.292117543,16
303,29.647613941,16
361,30.3559052035,16
323,30.1648329539,16
323,29.682359287,16
363,30.522554621,16
111,22.8222361682,16
323,30.159373132,16
295,28.766150109,16
191,26.4189358814,16
383,30.973814426,16
323,29.8578023396,16
201,26.748387206,16
233,27.5543332046,16
223,27.48647978,16
167,24.3231762879,16
245,28.3725861121,16
261,29.077270056,16
305,30.2656044036,16
213,27.41638461,16
323,29.5501180566,16
223,27.7238264182,16
193,27.158451461,16
429,32.354421694,16
343,30.6434785196,16
333,30.2417332251,16
167,25.9073368726,16
389,31.601381567,16
173,25.969337397,16
219,27.3251637463,16
425,32.1718279461,16
263,29.6953551984,16
181,26.5768129414,16
215,27.3407980084,16
191,26.923971767,16
177,24.245739257,16
43,18.5585113831,16
239,27.6053107156,16
229,28.4169591574,16
143,24.5819473755,16
135,23.4026649732,16
251,28.890629443,16
315,29.51341118,16
219,27.8804686606,16
249,28.205551175,16
183,26.8186160663,16
175,25.7098432102,16
517,33.377489824,16
377,31.3281318813,16
215,27.429129847,16
273,28.5614139499,16
281,28.508923535,16
339,30.4408676327,16
235,29.4432212642,16
335,30.3138491509,16
107,24.8030946207,16
269,29.144873183,16
267,29.020773785,16
21,13.5939850558,16
69,18.8624143735,16
393,31.586108892,16
79,22.1757228345,16
145,24.8877517565,16
87,19.7740658221,16
45,15.3851972014,16
231,26.617353682,16
211,27.862853988,16
263,29.1599872666,16
183,26.835138971,16
289,29.449491476,16
255,29.0681986233,16
317,29.922362698,16
139,23.53996177,16
189,25.8804351109,16
231,28.505427401,16
189,27.8983061276,16
327,30.761981908,16
235,28.3849936982,16
207,27.320812712,16
43,18.4115359302,16
255,29.216484193,16
263,28.4406509236,16
177,25.954621038,16
215,27.914907175,16
273,29.58884773,16
259,28.320928856,16
181,25.945793204,16
117,23.751438562,16
483,32.943983082,16
87,20.385814948,16
301,29.9253129747,16
339,30.059808443,16
203,27.225147242,16
285,29.02171729,16
75,19.386878694,16
77,19.9083667332,16
321,30.5322600586,16
307,30.608532707,16
245,28.261727267,16
335,30.8760312226,16
545,34.22796403,16
183,26.9646205383,16
201,27.494405768,16
223,27.796948408,16
311,30.434217056,16
283,29.8235312925,16
257,28.796036471,16
283,29.624918087,16
367,31.682486507,16
155,25.2916598674,16
35,19.3431378423,16
189,26.93638999,16
377,31.262025798,16
263,29.4996198908,16
411,32.348799338,16
423,32.632088504,16
333,31.262387309,16
207,27.644055629,16
183,27.727527846,16
229,27.887270172,16
177,26.06326193,16
497,33.615163304,16
243,29.3636978037,16
363,31.050272747,16
131,24.716089255,16
315,30.207854899,16
363,31.66985851,16
423,32.605787782,16
305,29.7752015578,16
311,30.35333765,16
237,28.8291124867,16
299,30.279604694,16
151,26.303665026,16
71,18.4671157955,16
217,27.348044464,16
117,21.143846477,16
217,26.3165851645,16
127,24.414797861,16
351,31.271454034,16
217,24.8368386524,16
287,29.0195756489,16
231,27.61051347,16
213,28.0856151086,16
371,31.550703385,16
245,28.9409853161,16
383,31.6439521093,16
369,31.5301284344,16
297,28.4704771897,16
193,24.893922201,16
121,24.9350001619,16
119,25.042350719,16
179,26.990093597,16
167,27.3683215118,16
309,30.404580976,16
393,31.587119056,16
281,28.769064831,16
207,27.8084797164,16
205,27.8877157625,16
389,31.9589877181,16
323,30.6991852705,16
385,31.72005831,16
305,30.5244743136,16
415,32.527926094,16
177,27.1942079491,16
315,31.254441461,16
139,22.8134192366,16
215,25.9224146757,16
63,15.3325464302,16
45,17.656051038,16
71,20.97473028,16
109,20.7661307004,16
157,25.787049064,16
377,31.3554714882,16
211,27.627676028,16
179,26.6468542247,16
115,24.2821110509,16
195,27.0167328283,16
315,30.1855928001,16
69,21.2323314037,16
219,28.408951175,16
51,18.361439162,16
139,26.0451451668,16
143,25.307474013,16
179,27.111837587,16
217,27.6252628754,16
243,28.741178442,16
155,25.723595664,16
257,28.593272491,16
61,18.410361452,16
357,31.6852626919,16
195,27.1204115988,16
269,29.92282974,16
79,21.514957353,16
247,27.7971820967,16
157,26.0408024186,16
335,29.8669371677,16
113,21.199145196,16
369,31.183636329,16
195,27.1815669066,16
177,26.4479302306,16
187,26.6421673634,16
169,26.378029424,16
81,20.5245563459,16
63,22.0695547146,16
35,19.5020613877,16
195,27.0418983861,16
91,23.9839358809,16
85,23.188272611,16
131,25.5119964635,16
39,17.9953282752,16
123,23.509832744,16
57,20.2641485134,16
75,23.8524374871,16
113,24.395864913,16
75,23.2788991872,16
67,21.573849747,16
93,22.8179241975,16
145,26.0778409075,16
47,20.6914969551,16
91,22.601552254,16
83,23.564145622,16
89,24.7541001437,16
91,24.4019230403,16
67,22.0032232883,16
107,25.646580497,16
203,28.0594880105,16
155,27.4883826613,16
99,25.592750586,16
57,20.853779765,16
129,27.383080182,16
67,22.384874349,16
175,26.500032469,16
71,23.155174718,16
63,22.510326164,16
143,25.815311629,16
93,23.2931909992,16
75,21.6551022217,16
63,20.5548208215,16
67,22.388115185,16
43,19.4993458774,16
75,22.6324844897,16
37,17.3589510842,16
67,21.7165824531,16
107,25.0477540061,16
79,22.053663325,16
143,24.5092387589,16
77,21.706517131,16
91,22.5500894664,16
151,25.7888428788,16
123,24.0977005362,16
131,25.7248310757,16
97,24.224872726,16
69,23.9469031236,16
79,23.6710180365,16
123,25.3028517506,16
61,21.9272983663,16
79,24.1434792407,16
131,23.904025609,16
127,26.3803020326,16
99,25.408378966,16
127,24.5051084743,16
71,22.7081562003,16
105,25.397955501,16
61,19.9270613371,16
167,26.094853466,16
75,22.0341326765,16
131,26.5335935795,16
81,24.803958167,16
77,21.7086528509,16
89,23.534019932,16
115,25.542722279,16
87,23.4294768115,16
115,24.811104244,16
51,21.2477373088,16
47,18.8801745686,16
107,23.693392914,16
207,28.129916208,16
89,22.6746341975,16
193,27.769174743,16
177,26.820411686,16
95,23.0444105339,16
81,22.6256516014,16
69,22.225725043,16
101,24.933774058,16
159,27.062552296,16
99,25.934416674,16
55,22.202596364,16
87,23.41863787,16
113,25.9238026495,16
191,27.4098199604,16
143,26.20118529,16
49,21.782912565,16
83,22.839337989,16
95,23.5548448448,16
125,24.020477371,16
99,24.146387367,16
47,20.8955377824,16
63,22.2776166777,16
73,22.779297021,16
81,24.3359326844,16
69,22.010809604,16
79,22.5903463879,16
155,25.8315895371,16
39,20.335153937,16
87,22.946450471,16
49,21.5874378724,16
159,26.041675703,16
125,26.074851747,16
93,25.2192094307,16
53,21.5687376997,16
55,20.999887694,16
53,20.9462259438,16
177,27.147984077,16
69,20.6215776134,16
95,23.1771837706,16
87,24.5374950303,16
227,28.5382404484,16
85,23.313441171,16
73,22.749576134,16
87,23.279895884,16
95,24.0678113249,16
45,21.313329642,16
71,22.6971335549,16
143,26.1961203827,16
41,19.2646811842,16
59,21.364800203,16
69,23.7050628383,16
81,23.18585871,16
175,27.1307796984,16
97,23.664588252,16
67,23.2116981954,16
139,25.069220633,16
197,28.031140532,16
109,25.964239445,16
89,23.776862848,16
91,23.980010771,16
135,25.4007236833,16
47,20.626417422,16
135,24.4412321805,16
87,23.030982809,16
99,22.9236990017,16
85,23.5808338109,16
89,25.2696302295,16
143,25.206606264,16
105,24.118799472,16
225,27.550692862,16
103,25.8024929096,16
43,16.495255807,16
43,19.5871243892,16
37,18.5468112458,16
99,20.050145658,16
85,22.4025912678,16
89,23.2066182853,16
89,22.72515375,16
99,20.9656829696,16
67,21.5381989785,16
63,23.1078310002,16
107,22.9596895356,16
103,23.083763589,16
103,23.800251609,16
117,23.9699758617,16
79,21.5516574549,16
87,21.743632968,16
113,24.0898740643,16
93,22.7535132515,16
79,22.620691631,16
203,26.9864338293,16
43,17.5825339546,16
115,25.2103465976,16
55,21.8408754426,16
179,26.3806525283,16
25,17.43082183,16
45,19.9317444749,16
37,20.589576057,16
75,23.802721559,16
101,24.0604584787,16
75,23.4775121431,16
83,24.7174468693,16
87,24.0699438495,16
143,25.6985001653,16
87,24.2136846977,16
95,22.853888952,16
57,20.422308297,16
81,23.366584539,16
111,22.8476860143,16
37,18.3781375753,16
67,20.7175665713,16
81,22.329923012,16
93,23.170999169,16
79,21.9150714123,16
77,20.930988448,16
61,21.1256781255,16
125,24.687387695,16
33,16.645192326,16
97,24.282718442,16
77,22.6456242002,16
61,21.385613148,16
47,20.236543002,16
21,14.0037112763,16
19,16.0898658339,16
81,22.7453808562,16
53,20.276957054,16
67,21.0637084497,16
85,23.243058845,16
157,26.3356109912,16
67,22.888546969,16
95,24.213913157,16
81,22.4545345038,16
87,23.2635836601,16
49,20.6345747774,16
61,22.353728842,16
75,22.9987191879,16
73,24.1860712529,16
89,24.618863464,16
219,28.495572986,16
163,26.5338935602,16
59,22.2818114029,16
47,21.7437566578,16
111,23.8526605219,16
53,20.764943961,16
117,24.6853764577,16
197,26.939902149,16
107,26.0174858513,16
37,19.8515541941,16
119,25.2439549779,16
163,26.484918452,16
75,22.2345610675,16
67,21.9549491179,16
53,20.8333819151,16
39,18.7238900009,16
125,24.370408013,16
117,25.353477048,16
105,23.5272282491,16
125,25.155929064,16
53,22.3139793187,16
145,24.974904383,16
67,21.458184717,16
157,26.0258760583,16
93,24.352470835,16
151,26.147510923,16
145,26.0647063205,16
137,25.011916055,16
77,23.3590704044,16
61,21.146852822,16
103,25.10638126,16
95,22.9773870433,16
87,22.974585647,16
31,16.839334125,16
55,18.485893828,16
129,24.9320155662,16
47,17.614715871,16
113,24.425849754,16
89,23.1919566831,16
101,23.5295549601,16
133,25.4179360653,16
119,24.271955525,16
61,22.3898025009,16
51,21.3676491653,16
77,23.4378496091,16
127,25.3435790914,16
65,21.596382379,16
99,24.653105025,16
101,24.7247057193,16
59,22.626856205,16
125,24.951864041,16
69,20.294330943,16
83,22.921670452,16
63,22.540778628,16
69,22.6816715557,16
113,21.9897037451,16
127,24.841992385,16
129,25.715973073,16
65,22.3509091743,16
85,23.659051516,16
193,27.595808821,16
109,24.324981398,16
129,25.226178127,16
201,26.935111591,16
21,14.2927521558,16
179,26.6625346789,16
135,25.581194759,16
75,22.892015583,16
43,19.2067709748,16
63,21.5602749661,16
85,22.669831106,16
87,23.490876521,16
143,25.276722227,16
51,21.077481732,16
113,24.4974791581,16
33,16.673785086,16
117,24.701681545,16
171,26.822409459,16
155,23.9905671302,16
79,24.1248670416,16
57,22.2865270227,16
145,25.6344364846,16
149,25.8147200302,16
131,26.1154926706,16
49,21.100162128,16
81,22.854121567,16
73,23.377680394,16
47,20.8134026209,16
55,21.792425245,16
73,22.02784607,16
65,22.4888752785,16
81,23.469718687,16
153,26.2938530541,16
39,18.3467694306,16
45,20.429097174,16
65,23.075003306,16
93,25.039605569,16
49,20.3678391032,16
115,25.8834898286,16
41,19.0355399511,16
89,23.771336517,16
71,21.580889583,16
81,22.6200025877,16
31,19.7652265182,16
45,18.889024735,16
107,23.813422507,16
73,23.783103349,16
139,26.430920127,16
107,23.874733648,16
31,18.9270898742,16
35,18.0242493556,16
47,21.2513609898,16
113,24.2550084267,16
51,20.1997290011,16
215,27.929538486,16
65,23.433692992,16
21,14.5588708898,16
35,19.455050962,16
37,18.315901271,16
153,27.052484407,16
143,25.475918672,16
43,20.4357014025,16
113,25.816633176,16
115,25.160962279,16
79,22.306997631,16
83,23.857611297,16
83,22.520535969,16
131,24.975826702,16
57,22.161795491,16
43,20.0205032823,16
65,23.1024687738,16
135,27.187209692,16
131,26.9976254643,16
129,25.7500237307,16
127,25.3315522056,16
67,21.629307113,16
77,22.338815737,16
65,22.0876214126,16
31,18.0630553235,16
63,22.9691776283,16
77,23.70746498,16
61,22.192909207,16
105,23.348817312,16
95,23.0396801405,16
101,26.029500916,16
29,19.5060594985,16
143,24.6951672621,16
47,18.8551142668,16
61,21.5209961903,16
73,22.0546107626,16
69,23.312313642,16
69,22.7694939163,16
137,25.402790125,16
81,22.9172956,16
79,22.2922056596,16
175,26.364535855,16
