7,1,3
11,1,4
11,2,5
15,1,5
19,1,6
23,2,6
27,2,6
15,3,7
23,1,7
27,2,7
31,1,7
35,2,7
39,2,7
43,2,7
27,1,8
35,3,8
35,1,8
39,2,8
43,3,8
47,2,8
47,3,8
51,2,8
51,3,8
55,3,8
55,2,8
59,2,8
59,2,8
63,2,8
67,2,8
71,3,8
75,3,8
91,3,8
19,3,8
19,2,8
31,2,8
19,4,9
31,1,9
39,3,9
43,2,9
47,1,9
55,3,9
59,2,9
63,2,9
63,3,9
67,2,9
67,3,9
71,2,9
75,2,9
75,2,9
79,2,9
79,3,9
79,3,9
83,2,9
83,2,9
83,3,9
87,2,9
87,3,9
91,2,9
91,3,9
95,2,9
95,3,9
99,3,9
103,3,9
103,3,9
107,3,9
111,3,9
119,3,9
123,3,9
139,3,9
55,1,9
75,3,9
91,2,9
115,2,9
111,2,9
151,3,9
99,2,9
19,2,9
35,3,9
35,2,9
47,2,9
19,1,9
63,3,9
55,2,9
51,2,9
35,1,10
47,4,10
51,1,10
55,2,10
67,4,10
75,3,10
87,2,10
59,3,10
79,4,10
91,2,10
87,2,10
95,3,10
107,2,10
115,3,10
87,3,10
95,2,10
83,4,10
111,2,10
103,3,10
71,2,10
91,3,10
99,3,10
119,3,10
111,2,10
131,3,10
123,3,10
143,3,10
107,2,10
127,3,10
135,2,10
115,2,10
139,3,10
131,2,10
75,2,10
99,2,10
103,2,10
107,2,10
119,2,10
123,3,10
151,3,10
143,3,10
163,3,10
147,3,10
159,3,10
179,3,10
63,4,10
83,4,10
99,4,10
119,3,10
107,3,10
135,3,10
119,3,10
147,2,10
95,3,10
123,2,10
131,3,10
159,3,10
131,2,10
151,3,10
171,3,10
67,3,10
91,4,10
115,2,10
103,4,10
127,3,10
151,3,10
127,2,10
115,2,10
175,3,10
135,3,10
155,3,10
147,3,10
167,3,10
127,2,10
163,3,10
115,3,10
127,3,10
139,3,10
123,4,10
143,3,10
171,3,10
127,4,10
167,3,10
175,3,10
115,4,10
171,3,10
163,3,10
203,3,10
199,3,10
155,3,10
147,4,10
179,3,10
135,3,10
143,4,10
183,3,10
187,3,10
175,2,10
163,3,10
163,4,10
131,4,10
171,2,10
147,3,10
151,3,10
155,4,10
183,3,10
151,4,10
187,3,10
127,3,10
171,4,10
167,3,10
155,3,10
175,4,10
223,3,10
187,3,10
219,3,10
191,4,10
207,3,10
195,4,10
203,3,10
211,2,10
231,3,10
211,3,10
243,4,10
27,4,10
25,3,10
39,3,10
59,3,10
43,3,10
51,2,10
35,2,10
63,2,10
23,2,10
39,2,10
55,3,10
75,2,10
35,2,10
51,2,10
79,3,10
35,4,10
19,2,10
43,3,10
39,3,10
55,3,10
79,2,10
27,2,10
67,2,10
55,2,10
63,3,10
83,3,10
59,3,10
87,3,10
51,4,10
43,3,10
51,3,10
51,3,10
71,3,10
99,3,10
91,3,10
79,3,10
51,3,10
35,3,10
71,2,10
103,3,10
91,2,10
79,2,10
255,3,11
275,3,11
231,4,11
195,3,11
251,3,11
271,3,11
191,4,11
235,3,11
131,4,11
215,3,11
227,3,11
207,3,11
123,2,11
267,4,11
215,4,11
211,3,11
247,3,11
255,3,11
311,4,11
227,3,11
151,2,11
203,4,11
207,3,11
315,4,11
311,4,11
315,4,11
287,3,11
243,4,11
231,3,11
299,3,11
251,3,11
279,3,11
191,4,11
239,4,11
243,4,11
243,3,11
187,3,11
235,3,11
203,3,11
179,4,11
231,3,11
215,3,11
271,3,11
235,4,11
175,2,11
175,3,11
235,4,11
227,3,11
211,3,11
167,2,11
231,3,11
275,3,11
195,4,11
279,3,11
143,4,11
219,3,11
199,4,11
163,3,11
87,2,11
171,3,11
207,2,11
111,4,11
187,3,11
195,3,11
119,2,11
239,4,11
251,3,11
207,4,11
283,3,11
303,3,11
319,4,11
307,4,11
355,4,11
147,4,11
167,3,11
291,4,11
263,3,11
247,3,11
287,4,11
275,4,11
255,4,11
191,4,11
227,4,11
203,3,11
215,3,11
183,4,11
243,3,11
203,4,11
239,3,11
175,3,11
259,3,11
207,4,11
187,3,11
215,3,11
147,2,11
243,3,11
143,3,11
155,2,11
271,4,11
283,3,11
335,3,11
199,3,11
163,2,11
251,3,11
219,3,11
187,4,11
223,3,11
199,4,11
235,4,11
195,3,11
207,3,11
251,4,11
219,4,11
303,3,11
243,3,11
275,3,11
235,3,11
175,3,11
155,2,11
219,3,11
239,3,11
255,3,11
235,2,11
311,3,11
351,4,11
291,4,11
275,4,11
259,3,11
227,4,11
247,3,11
263,4,11
271,3,11
159,2,11
247,3,11
307,3,11
327,3,11
223,3,11
323,3,11
199,4,11
131,3,11
207,3,11
119,4,11
179,3,11
147,3,11
167,2,11
247,4,11
303,4,11
231,2,11
255,3,11
251,3,11
255,4,11
235,3,11
179,3,11
135,2,11
343,3,11
183,4,11
271,4,11
239,4,11
223,3,11
291,4,11
115,3,11
335,4,11
239,4,11
339,4,11
163,3,11
119,2,11
227,3,11
251,3,11
243,3,11
371,4,11
367,4,11
279,3,11
271,3,11
159,4,11
211,4,11
223,4,11
195,4,11
247,3,11
115,4,11
179,4,11
199,3,11
147,4,11
231,3,11
175,4,11
219,3,11
191,3,11
235,3,11
135,3,11
299,4,11
171,3,11
167,3,11
195,2,11
191,3,11
187,4,11
107,2,11
295,4,11
287,3,11
231,3,11
199,3,11
171,2,11
163,2,11
223,3,11
127,4,11
203,3,11
183,3,11
171,3,11
211,3,11
283,3,11
147,2,11
135,2,11
307,3,11
291,3,11
139,2,11
267,4,11
295,4,11
279,4,11
263,3,11
175,2,11
171,3,11
159,4,11
203,3,11
151,4,11
179,3,11
107,3,11
143,2,11
287,3,11
267,3,11
143,2,11
103,2,11
199,4,11
247,4,11
347,4,11
75,4,11
143,3,11
199,3,11
187,2,11
131,2,11
391,4,11
123,4,11
191,3,11
95,3,11
139,2,11
295,3,11
151,3,11
83,2,11
39,1,11
319,4,11
235,3,11
171,4,11
267,4,11
263,4,11
267,4,11
263,4,11
287,4,11
267,3,11
195,4,11
151,3,11
159,4,11
139,3,11
259,4,11
215,3,11
171,4,11
271,4,11
219,3,11
419,4,11
383,4,11
279,4,11
303,4,11
275,3,11
343,3,11
299,3,11
319,3,11
331,4,11
259,3,11
323,3,11
271,4,11
283,3,11
183,3,11
211,2,11
311,4,11
255,4,11
295,3,11
359,4,11
323,3,11
295,4,11
363,4,11
411,4,11
291,4,11
283,3,11
199,3,11
259,2,11
163,4,11
247,3,11
219,3,11
223,2,11
351,3,11
263,3,11
195,2,11
307,4,11
399,4,11
323,4,11
299,3,11
235,3,11
271,4,11
211,4,11
167,3,11
143,4,11
187,3,11
123,3,11
159,2,11
239,3,11
155,2,11
343,4,11
315,4,11
243,4,11
251,3,11
271,3,11
239,3,11
219,2,11
243,3,11
303,3,11
167,3,11
199,2,11
191,2,11
339,4,11
375,3,11
299,3,11
291,2,11
179,4,11
231,3,11
379,4,11
131,2,11
99,4,11
151,3,11
119,3,11
179,2,11
139,4,11
111,3,11
175,3,11
123,2,11
59,2,11
63,1,11
259,3,11
183,2,11
187,4,11
223,3,11
291,4,11
311,3,11
371,4,11
331,4,11
271,3,11
247,3,11
211,2,11
91,4,11
159,3,11
183,3,11
63,3,11
107,2,11
115,2,11
139,2,11
79,1,11
71,1,11
51,4,11
103,3,11
163,2,11
23,5,11
55,2,11
123,3,11
87,2,11
99,3,11
143,3,11
75,3,11
135,3,11
107,3,11
83,4,11
131,3,11
111,3,11
39,2,11
47,4,11
91,3,11
71,3,11
91,3,11
95,2,11
67,2,11
31,3,11
51,2,11
99,3,11
111,3,11
83,4,11
51,3,11
95,3,11
83,3,11
67,4,11
43,2,11
103,2,11
75,3,11
67,3,11
139,3,11
103,3,11
83,3,11
179,3,11
151,4,11
51,3,11
27,2,11
99,2,11
159,3,11
131,4,11
83,1,11
179,3,11
151,4,11
99,3,11
159,3,11
131,4,11
59,3,11
35,2,11
51,2,11
59,3,11
119,3,11
75,3,11
87,3,11
123,3,11
71,3,11
59,4,11
71,3,11
107,3,11
79,4,11
75,4,11
67,2,11
79,2,11
59,3,11
67,2,11
151,3,11
51,2,11
127,2,11
99,3,11
39,3,11
127,3,11
163,3,11
67,3,11
67,2,11
127,3,11
107,4,11
83,4,11
107,4,11
35,2,11
71,3,11
83,4,11
41,3,11
99,2,11
71,2,11
91,3,11
67,3,11
103,3,11
51,4,11
123,3,11
91,3,11
63,2,11
43,3,11
103,3,11
115,3,11
75,3,11
59,3,11
51,2,11
139,3,11
79,2,11
91,2,11
79,2,11
39,2,11
131,3,11
67,4,11
139,3,11
55,3,11
67,4,11
147,3,11
115,3,11
83,3,11
55,3,11
111,3,11
71,2,11
107,2,11
155,3,11
35,2,11
71,2,11
51,3,11
139,3,11
119,4,11
91,3,11
55,2,11
115,2,11
119,3,11
127,3,11
83,3,11
111,3,11
87,3,11
87,3,11
107,3,11
135,3,11
51,2,11
99,4,11
95,2,11
51,3,11
127,3,11
115,3,11
35,2,11
19,1,11
103,2,11
43,1,11
67,2,11
59,3,11
131,3,11
59,3,11
127,3,11
107,4,11
175,4,11
91,4,11
159,3,11
95,2,11
95,3,11
131,4,11
159,3,11
119,3,11
155,3,11
131,3,11
115,4,11
143,3,11
135,3,11
135,3,11
111,2,11
91,3,11
171,3,11
143,4,11
127,3,11
151,3,11
79,3,11
127,2,11
131,2,11
99,3,11
123,4,11
195,3,11
139,3,11
127,3,11
191,4,11
191,3,11
155,3,11
111,3,11
91,2,11
203,4,11
67,3,11
175,3,11
211,3,11
427,4,12
331,4,12
507,4,12
507,4,12
403,4,12
395,3,12
299,3,12
379,3,12
379,4,12
355,3,12
327,4,12
143,2,12
423,4,12
407,3,12
359,4,12
303,4,12
351,3,12
523,4,12
359,4,12
435,3,12
423,3,12
411,3,12
287,2,12
347,4,12
447,4,12
443,4,12
435,4,12
439,3,12
327,3,12
471,4,12
275,3,12
471,4,12
459,4,12
459,4,12
431,4,12
371,4,12
171,4,12
227,2,12
215,3,12
303,3,12
463,3,12
259,4,12
263,3,12
279,3,12
347,3,12
331,3,12
343,4,12
407,3,12
527,4,12
327,3,12
315,3,12
279,4,12
379,3,12
295,3,12
495,4,12
251,4,12
563,4,12
427,3,12
383,4,12
487,3,12
291,3,12
303,3,12
195,3,12
439,3,12
339,4,12
199,2,12
371,4,12
287,3,12
279,4,12
391,4,12
447,4,12
407,4,12
487,4,12
307,3,12
455,3,12
415,3,12
307,4,12
311,3,12
443,3,12
307,3,12
295,3,12
379,3,12
415,3,12
519,3,12
343,3,12
475,4,12
399,3,12
211,2,12
427,4,12
463,3,12
451,3,12
459,3,12
519,3,12
255,3,12
511,4,12
611,4,12
451,3,12
659,4,12
267,4,12
335,3,12
295,4,12
235,4,12
311,3,12
303,3,12
379,4,12
523,3,12
367,3,12
411,3,12
319,3,12
543,4,12
383,3,12
503,3,12
295,4,12
423,3,12
295,2,12
415,4,12
139,4,12
263,3,12
163,2,12
451,4,12
331,4,12
367,3,12
551,3,12
391,4,12
451,4,12
643,4,12
299,4,12
399,3,12
383,4,12
339,3,12
431,4,12
515,4,12
579,4,12
395,3,12
403,3,12
535,4,12
271,4,12
367,4,12
371,4,12
223,4,12
427,4,12
327,3,12
275,4,12
291,3,12
247,2,12
287,3,12
463,3,12
219,3,12
223,2,12
299,3,12
263,3,12
411,4,12
387,3,12
291,3,12
215,2,12
467,4,12
423,3,12
451,4,12
343,3,12
235,3,12
271,2,12
387,4,12
499,4,12
315,3,12
307,4,12
391,3,12
559,4,12
351,4,12
235,4,12
367,3,12
307,4,12
355,4,12
139,4,12
323,4,12
287,4,12
363,3,12
407,3,12
351,4,12
371,4,12
435,3,12
363,3,12
199,3,12
279,3,12
247,3,12
423,4,12
419,4,12
219,3,12
255,2,12
459,4,12
447,3,12
311,4,12
339,3,12
447,3,12
475,3,12
463,4,12
215,3,12
235,4,12
419,3,12
447,3,12
419,4,12
155,2,12
283,4,12
583,4,12
391,4,12
599,4,12
487,4,12
631,4,12
339,3,12
343,3,12
335,3,12
191,3,12
159,2,12
287,3,12
271,2,12
323,3,12
375,4,12
327,4,12
223,3,12
267,3,12
367,4,12
379,3,12
179,2,12
175,2,12
431,4,12
371,3,12
167,2,12
507,4,12
439,4,12
403,4,12
359,4,12
387,3,12
239,4,12
347,3,12
143,5,12
251,4,12
255,4,12
183,3,12
327,4,12
459,4,12
627,4,12
375,4,12
615,3,12
151,5,12
599,4,12
575,4,12
415,4,12
579,4,12
607,4,12
335,4,12
619,4,12
547,4,12
487,4,12
367,4,12
379,3,12
491,4,12
451,4,12
359,4,12
511,3,12
543,3,12
295,5,12
387,4,12
495,4,12
379,3,12
455,4,12
371,3,12
423,4,12
419,4,12
563,3,12
555,4,12
435,4,12
507,3,12
211,4,12
451,3,12
515,4,12
459,3,12
571,4,12
451,4,12
251,4,12
351,3,12
451,4,12
455,3,12
387,2,12
219,4,12
639,4,12
679,4,12
487,3,12
255,4,12
331,3,12
167,5,12
183,3,12
195,4,12
215,3,12
243,2,12
311,3,12
395,3,12
231,3,12
531,4,12
323,4,12
407,3,12
287,5,12
571,4,12
227,5,12
455,4,12
419,3,12
495,4,12
499,3,12
367,4,12
535,4,12
291,3,12
471,3,12
527,4,12
435,4,12
371,4,12
291,4,12
351,3,12
475,4,12
487,4,12
199,3,12
543,4,12
435,2,12
391,3,12
431,4,12
495,4,12
191,5,12
571,4,12
523,4,12
147,4,12
295,4,12
283,3,12
159,3,12
335,4,12
275,4,12
227,3,12
223,2,12
67,1,12
627,4,12
311,5,12
275,4,12
307,4,12
447,4,12
379,4,12
183,3,12
271,3,12
607,4,12
535,3,12
647,4,12
351,4,12
475,4,12
447,3,12
391,4,12
239,3,12
463,5,12
235,5,12
247,5,12
183,5,12
391,5,12
451,5,12
295,5,12
383,5,12
395,4,12
443,5,12
387,5,12
375,4,12
155,5,12
255,4,12
451,4,12
195,4,12
311,3,12
95,4,12
347,3,12
287,5,12
515,5,12
435,5,12
463,4,12
291,5,12
355,5,12
279,4,12
315,5,12
287,4,12
295,4,12
255,4,12
259,3,12
291,3,12
403,4,12
123,5,12
299,3,12
243,3,12
83,3,12
135,2,12
483,4,12
163,5,12
175,4,12
75,1,12
147,3,12
135,3,12
119,3,12
135,3,12
99,2,12
247,3,12
215,4,12
167,3,12
107,3,12
111,3,12
83,3,12
283,3,12
107,3,12
107,4,12
143,3,12
63,3,12
219,4,12
139,3,12
147,3,12
151,3,12
95,2,12
187,3,12
127,4,12
135,3,12
99,4,12
163,2,12
155,4,12
111,4,12
75,3,12
247,4,12
123,3,12
123,3,12
123,3,12
167,3,12
115,4,12
99,3,12
163,3,12
111,3,12
143,3,12
59,4,12
65,3,12
87,3,12
103,3,12
95,2,12
131,3,12
91,3,12
179,3,12
255,3,12
131,3,12
235,3,12
127,2,12
107,3,12
63,3,12
111,2,12
75,2,12
159,3,12
67,3,12
207,3,12
91,3,12
207,3,12
83,3,12
123,3,12
199,3,12
99,2,12
155,3,12
67,3,12
175,3,12
199,3,12
199,3,12
83,3,12
251,3,12
91,4,12
151,4,12
63,3,12
63,3,12
87,3,12
155,3,12
115,3,12
183,4,12
127,3,12
163,3,12
71,2,12
227,3,12
147,3,12
99,4,12
91,3,12
99,2,12
83,2,12
99,3,12
75,3,12
175,3,12
59,2,12
187,4,12
203,3,12
79,3,12
223,3,12
151,3,12
51,2,12
207,3,12
155,4,12
99,4,12
107,4,12
107,4,12
163,3,12
235,3,12
99,3,12
115,4,12
67,4,12
227,4,12
87,4,12
67,2,12
67,2,12
83,3,12
115,3,12
55,3,12
163,3,12
187,3,12
83,2,12
67,2,12
55,2,12
259,3,12
243,4,12
71,3,12
239,3,12
95,3,12
75,3,12
283,4,12
243,4,12
127,3,12
51,2,12
155,3,12
111,2,12
199,4,12
111,3,12
103,3,12
131,3,12
143,3,12
63,3,12
51,3,12
155,2,12
235,3,12
103,3,12
103,3,12
151,3,12
71,3,12
179,3,12
195,3,12
203,4,12
155,4,12
51,1.5,12
39,2,12
235,3,12
99,3,12
231,3,12
195,4,12
219,3,12
163,3,12
231,3,12
239,3,12
171,3,12
75,3,12
211,3,12
163,2,12
87,2,12
103,3,12
107,3,12
267,3,12
111,2,12
143,2,12
79,2,12
127,2,12
235,3,12
215,3,12
91,4,12
57,4,12
51,5,12
83,4,12
91,4,12
55,3,12
187,3,12
91,3,12
131,2,12
63,3,12
183,3,12
127,3,12
203,3,12
235,3,12
171,3,12
227,3,12
71,4,12
107,4,12
91,3,12
183,3,12
191,3,12
151,3,12
199,3,12
127,4,12
87,3,12
199,3,12
107,4,12
119,3,12
107,4,12
131,4,12
191,3,12
259,4,12
147,3,12
239,4,12
683,4,13
423,3,13
655,4,13
699,4,13
523,3,13
619,4,13
843,4,13
487,4,13
567,4,13
539,4,13
579,3,13
839,4,13
583,4,13
839,4,13
699,4,13
583,4,13
475,4,13
643,4,13
563,4,13
519,3,13
615,4,13
551,3,13
747,4,13
703,4,13
555,3,13
551,4,13
603,4,13
275,5,13
487,4,13
347,4,13
511,3,13
343,3,13
559,3,13
451,3,13
391,4,13
779,4,13
619,4,13
499,4,13
163,2,13
635,4,13
535,4,13
527,4,13
583,5,13
539,3,13
623,3,13
631,3,13
803,4,13
803,4,13
735,4,13
627,5,13
615,4,13
779,4,13
779,4,13
643,4,13
719,4,13
575,3,13
595,3,13
563,4,13
455,3,13
723,4,13
731,4,13
587,4,13
491,3,13
615,4,13
719,5,13
603,4,13
651,4,13
703,3,13
487,4,13
571,4,13
675,5,13
611,4,13
395,3,13
503,4,13
619,3,13
651,4,13
659,4,13
575,4,13
643,4,13
655,5,13
367,3,13
607,5,13
971,4,13
651,4,13
799,4,13
615,3,13
379,4,13
275,5,13
431,5,13
267,3,13
575,4,13
555,4,13
415,5,13
491,3,13
483,4,13
579,4,13
707,3,13
439,3,13
503,3,13
899,4,13
479,4,13
559,4,13
435,3,13
507,3,13
451,3,13
443,3,13
703,3,13
703,3,13
315,3,13
159,2,13
355,5,13
803,4,13
747,4,13
711,5,13
327,4,13
347,5,13
255,3,13
515,4,13
487,3,13
607,4,13
483,3,13
707,3,13
383,3,13
587,5,13
723,4,13
355,3,13
615,4,13
823,4,13
735,3,13
543,3,13
603,4,13
779,4,13
943,4,13
695,4,13
595,3,13
595,4,13
451,4,13
383,4,13
419,4,13
395,3,13
551,3,13
807,4,13
567,3,13
559,3,13
387,3,13
783,4,13
739,4,13
739,4,13
519,4,13
783,5,13
667,3,13
531,3,13
935,4,13
427,5,13
803,4,13
599,4,13
623,4,13
499,3,13
811,4,13
263,2,13
955,4,13
535,3,13
331,4,13
443,3,13
359,4,13
667,5,13
627,5,13
415,2,13
791,3,13
447,4,13
663,4,13
691,4,13
743,4,13
931,4,13
983,4,13
579,5,13
595,4,13
575,4,13
639,5,13
523,4,13
423,4,13
483,3,13
343,4,13
515,3,13
507,4,13
619,4,13
883,4,13
715,5,13
723,4,13
623,4,13
739,4,13
1019,4,13
531,5,13
395,4,13
491,3,13
687,4,13
787,4,13
671,4,13
467,4,13
483,4,13
815,4,13
471,4,13
627,4,13
551,5,13
831,4,13
671,4,13
663,4,13
847,4,13
487,4,13
579,3,13
551,3,13
387,4,13
411,3,13
303,4,13
519,4,13
579,5,13
567,4,13
551,4,13
703,5,13
199,3,13
227,2,13
827,4,13
631,4,13
811,4,13
667,4,13
459,4,13
451,4,13
487,3,13
343,3,13
715,4,13
391,4,13
575,4,13
519,5,13
443,4,13
531,4,13
687,3,13
559,4,13
611,3,13
739,3,13
675,5,13
935,4,13
803,4,13
707,4,13
379,3,13
691,3,13
739,4,13
607,3,13
743,4,13
755,4,13
1059,4,13
435,4,13
515,5,13
643,3,13
535,3,13
579,5,13
707,5,13
511,4,13
787,5,13
655,5,13
699,4,13
527,4,13
479,5,13
295,3,13
655,5,13
895,5,13
639,5,13
659,5,13
767,4,13
831,4,13
971,4,13
379,3,13
791,4,13
527,3,13
611,4,13
487,3,13
191,3,13
487,3,13
531,3,13
439,4,13
699,3,13
683,3,13
431,4,13
743,4,13
623,3,13
487,3,13
523,3,13
319,3,13
363,2,13
571,4,13
379,4,13
431,3,13
479,3,13
487,4,13
123,5,13
255,4,13
427,3,13
359,4,13
275,3,13
703,4,13
879,4,13
887,3,13
355,4,13
211,2,13
183,2,13
811,4,13
187,2,13
695,4,13
951,4,13
491,5,13
631,5,13
263,4,13
419,3,13
495,4,13
611,4,13
767,4,13
767,3,13
971,4,13
539,3,13
251,5,13
667,5,13
395,5,13
787,4,13
735,4,13
739,4,13
367,3,13
307,2,13
219,2,13
511,3,13
911,3,13
463,3,13
359,3,13
223,3,13
499,5,13
775,4,13
387,5,13
471,4,13
635,5,13
531,5,13
271,5,13
407,5,13
371,4,13
483,5,13
575,5,13
575,4,13
755,5,13
543,5,13
595,4,13
603,5,13
731,4,13
515,4,13
503,4,13
763,4,13
547,5,13
559,5,13
911,5,13
391,3,13
895,5,13
335,5,13
339,5,13
351,3,13
615,4,13
203,3,13
883,5,13
847,5,13
427,3,13
887,5,13
879,4,13
531,3,13
659,3,13
587,3,13
679,4,13
567,4,13
663,4,13
551,5,13
731,4,13
551,4,13
771,5,13
1119,5,13
423,3,13
679,4,13
703,4,13
427,3,13
267,4,13
463,3,13
991,5,13
619,4,13
371,5,13
647,4,13
835,5,13
847,5,13
699,5,13
855,5,13
787,4,13
687,4,13
799,4,13
391,3,13
503,3,13
619,4,13
435,5,13
707,4,13
803,5,13
451,3,13
923,4,13
719,5,13
507,4,13
1183,5,13
839,4,13
615,5,13
975,4,13
631,5,13
839,4,13
475,3,13
455,4,13
447,3,13
859,4,13
355,4,13
999,4,13
851,5,13
743,4,13
431,4,13
1047,4,13
883,5,13
635,4,13
419,5,13
763,4,13
931,4,13
995,4,13
343,3,13
471,5,13
523,3,13
347,5,13
447,4,13
927,4,13
287,4,13
1043,5,13
1043,4,13
663,4,13
443,3,13
883,5,13
643,4,13
839,4,13
763,4,13
751,4,13
467,5,13
527,4,13
843,4,13
799,5,13
803,4,13
479,4,13
659,3,13
603,4,13
479,3,13
675,3,13
859,5,13
307,4,13
839,5,13
523,3,13
683,4,13
819,5,13
767,3,13
639,4,13
1035,4,13
487,4,13
703,5,13
847,5,13
639,5,13
271,5,13
695,3,13
927,3,13
847,5,13
883,4,13
851,4,13
595,2,13
671,4,13
223,4,13
895,4,13
391,4,13
511,3,13
435,4,13
511,3,13
727,4,13
375,4,13
635,4,13
323,2,13
707,4,13
859,4,13
419,3,13
231,3,13
563,5,13
719,3,13
783,5,13
699,4,13
687,5,13
439,5,13
651,4,13
743,3,13
639,4,13
483,3,13
799,5,13
459,4,13
491,2,13
799,5,13
727,5,13
775,5,13
715,4,13
755,4,13
859,4,13
587,3,13
655,3,13
659,4,13
767,5,13
423,4,13
231,3,13
387,3,13
931,4,13
135,5,13
239,3,13
179,4,13
883,5,13
963,5,13
923,4,13
611,4,13
463,4,13
903,5,13
555,5,13
511,4,13
555,4,13
471,3,13
367,3,13
551,4,13
483,3,13
291,4,13
95,1,13
119,5,13
63,5,13
259,4,13
211,3,13
215,3,13
259,3,13
143,3,13
187,3,13
251,3,13
211,3,13
243,3,13
363,4,13
199,3,13
547,4,13
279,3,13
367,3,13
351,3,13
283,4,13
143,2,13
147,3,13
235,4,13
191,4,13
287,3,13
203,4,13
219,4,13
123,3,13
183,4,13
127,4,13
151,3,13
295,3,13
187,4,13
123,3,13
147,3,13
271,3,13
163,3,13
179,4,13
343,4,13
403,3,13
167,3,13
383,3,13
311,4,13
327,4,13
327,4,13
279,4,13
187,4,13
215,4,13
171,4,13
331,4,13
231,5,13
283,4,13
391,3,13
187,3,13
251,4,13
219,4,13
291,4,13
271,5,13
263,3,13
159,3,13
179,3,13
131,5,13
207,3,13
163,5,13
271,4,13
147,5,13
203,4,13
279,3,13
247,3,13
147,3,13
227,4,13
235,4,13
295,4,13
163,3,13
179,4,13
167,3,13
319,3,13
263,3,13
251,4,13
287,4,13
99,2,13
319,3,13
119,2,13
63,2,13
123,4,13
195,3,13
195,4,13
211,5,13
203,3,13
135,4,13
143,3,13
163,3,13
271,2,13
187,4,13
51,3,13
107,4,13
367,3,13
319,3,13
167,3,13
163,4,13
123,3,13
123,3,13
383,4,13
303,3,13
287,3,13
211,3,13
311,3,13
343,3,13
363,3,13
215,4,13
171,4,13
167,4,13
279,4,13
81,4,13
167,3,13
223,3,13
323,4,13
343,3,13
147,5,13
919,4,14
947,4,14
1291,5,14
1255,5,14
1007,5,14
735,5,14
811,5,14
955,5,14
863,4,14
1219,4,14
659,4,14
1047,5,14
799,4,14
1015,5,14
583,5,14
683,4,14
1143,5,14
947,4,14
867,4,14
791,3,14
667,3,14
1227,4,14
1167,4,14
719,4,14
759,3,14
1103,4,14
739,3,14
1315,3,14
731,5,14
659,3,14
831,4,14
687,5,14
835,5,14
771,4,14
1483,5,14
1351,5,14
707,4,14
1143,5,14
811,5,14
879,4,14
591,4,14
655,3,14
967,5,14
1227,4,14
631,3,14
1179,5,14
1695,5,14
927,4,14
1671,5,14
1303,4,14
871,5,14
835,4,14
723,4,14
615,4,14
1471,4,14
1423,5,14
1291,4,14
1315,4,14
899,5,14
1427,5,14
927,5,14
1419,5,14
1223,5,14
1071,4,14
1011,4,14
839,4,14
1083,4,14
847,4,14
1315,5,14
1091,4,14
1499,5,14
1207,4,14
1047,3,14
927,4,14
931,4,14
1123,4,14
1135,4,14
1259,5,14
1223,4,14
939,5,14
1407,4,14
783,4,14
595,5,14
1147,5,14
955,4,14
959,5,14
1095,4,14
1331,5,14
1631,5,14
783,5,14
883,4,14
1219,5,14
807,3,14
863,5,14
771,4,14
1207,4,14
903,3,14
1079,4,14
1075,5,14
995,4,14
951,3,14
1167,4,14
863,4,14
991,4,14
1539,5,14
771,4,14
727,5,14
983,4,14
847,4,14
1099,4,14
319,4,14
1215,5,14
959,5,14
931,4,14
899,5,14
1295,4,14
1011,4,14
603,4,14
991,4,14
811,3,14
1439,5,14
1279,4,14
1423,4,14
835,5,14
1399,4,14
1423,4,14
887,3,14
747,4,14
1335,4,14
351,5,14
1351,5,14
571,4,14
399,5,14
547,5,14
943,5,14
847,5,14
1051,5,14
1043,4,14
887,3,14
487,3,14
1195,4,14
807,5,14
1063,3,14
1039,4,14
983,4,14
1099,4,14
863,5,14
875,4,14
1215,5,14
1227,5,14
779,4,14
715,4,14
1047,3,14
783,5,14
1235,4,14
1407,3,14
1207,4,14
1231,4,14
999,4,14
423,3,14
1279,5,14
1651,5,14
1099,4,14
1059,5,14
1307,5,14
1451,4,14
915,5,14
975,5,14
1391,4,14
1119,5,14
763,5,14
1259,4,14
1243,4,14
607,4,14
1271,3,14
899,4,14
1011,4,14
407,2,14
1163,5,14
523,5,14
903,5,14
399,3,14
1107,5,14
899,4,14
1015,4,14
495,3,14
1339,4,14
743,3,14
1015,4,14
731,4,14
1071,5,14
1471,5,14
1427,4,14
1015,4,14
1175,5,14
803,4,14
1063,4,14
1103,4,14
1299,5,14
963,4,14
1055,5,14
1711,5,14
1223,5,14
1159,4,14
1179,5,14
1023,4,14
571,5,14
991,4,14
1215,3,14
1323,4,14
1291,4,14
1415,5,14
1367,5,14
1191,4,14
667,5,14
1019,5,14
1203,4,14
903,5,14
955,5,14
1487,4,14
1495,4,14
447,5,14
447,5,14
539,3,14
671,3,14
519,5,14
459,5,14
227,2,14
835,5,14
423,4,14
1055,5,14
743,4,14
715,4,14
931,3,14
1203,4,14
767,4,14
611,4,14
931,5,14
731,5,14
1135,4,14
231,6,14
1655,5,14
1679,5,14
891,4,14
1483,5,14
859,5,14
1531,4,14
1371,5,14
1499,4,14
895,4,14
563,2,14
1011,3,14
1779,4,14
1259,4,14
1199,3,14
863,5,14
1027,4,14
1863,5,14
1171,5,14
827,4,14
635,3,14
1079,4,14
1199,4,14
547,3,14
1191,4,14
1051,4,14
1487,5,14
995,3,14
975,4,14
1167,4,14
1295,3,14
915,5,14
919,3,14
739,5,14
907,4,14
779,3,14
1467,5,14
1195,5,14
999,5,14
891,4,14
1111,4,14
395,3,14
319,2,14
1827,5,14
1571,5,14
767,5,14
695,5,14
1519,4,14
1035,5,14
1151,4,14
1139,5,14
1095,4,14
979,5,14
1227,4,14
1067,3,14
911,3,14
1159,5,14
719,5,14
611,4,14
1179,4,14
767,3,14
895,4,14
575,3,14
867,4,14
1103,5,14
539,5,14
1135,4,14
923,4,14
1415,5,14
1159,5,14
707,4,14
859,3,14
1119,5,14
751,4,14
1059,4,14
1119,4,14
947,4,14
1195,5,14
895,4,14
731,3,14
979,5,14
631,4,14
811,4,14
519,5,14
743,5,14
871,3,14
955,4,14
1427,5,14
955,4,14
883,5,14
939,4,14
995,4,14
779,4,14
379,5,14
107,3,14
983,5,14
419,5,14
843,6,14
247,6,14
251,5,14
315,4,14
523,4,14
559,5,14
515,5,14
275,3,14
407,4,14
567,4,14
415,4,14
611,4,14
559,5,14
371,4,14
411,4,14
503,4,14
519,3,14
487,4,14
355,4,14
475,4,14
355,4,14
551,4,14
419,4,14
635,4,14
507,4,14
99,2,14
495,5,14
583,4,14
427,3,14
683,3,14
295,3,14
347,4,14
447,4,14
359,4,14
231,3,14
407,4,14
395,4,14
255,3,14
259,3,14
531,4,14
215,3,14
339,4,14
607,4,14
227,2,14
379,5,14
247,3,14
131,5,14
415,4,14
307,3,14
479,3,14
271,3,14
323,3,14
563,4,14
233,4,14
395,4,14
187,5,14
487,5,14
115,3,14
367,5,14
251,4,14
351,3,14
151,3,14
111,3,14
115,3,14
435,4,14
351,3,14
491,4,14
423,4,14
375,4,14
427,4,14
243,5,14
343,4,14
311,3,14
459,3,14
471,4,14
307,4,14
323,3,14
311,3,14
195,3,14
523,4,14
467,3,14
411,4,14
351,5,14
427,4,14
311,4,14
251,4,14
347,4,14
347,3,14
635,4,14
291,4,14
283,4,14
351,4,14
475,4,14
203,3,14
487,3,14
363,4,14
575,3,14
567,4,14
403,4,14
435,4,14
403,3,14
307,4,14
211,4,14
431,4,14
515,3,14
193,4,14
411,5,14
547,4,14
283,4,14
687,5,14
379,4,14
231,3,14
339,4,14
399,3,14
487,3,14
491,4,14
281,4,14
847,4,14
551,4,14
595,3,14
447,4,14
411,4,14
515,4,14
331,4,14
535,4,14
331,4,14
343,4,14
427,4,14
135,4,14
131,4,14
275,3,14
235,4,14
435,4,14
395,4,14
563,5,14
339,4,14
391,4,14
231,4,14
143,3,14
439,4,14
527,5,14
131,1.5,14
263,3,14
447,4,14
99,3,14
299,4,14
315,3,14
307,4,14
143,3,14
607,4,14
335,4,14
203,3,14
135,3,14
559,3,14
363,4,14
227,5,14
243,4,14
479,4,14
459,4,14
251,4,14
595,5,14
259,4,14
227,3,14
319,4,14
303,3,14
255,5,14
495,4,14
339,3,14
395,3,14
615,3,14
219,4,14
159,2,14
347,3,14
651,4,14
183,4,14
623,4,14
455,3,14
443,4,14
611,4,14
235,3,14
279,4,14
311,3,14
379,4,14
315,4,14
571,4,14
183,3,14
379,5,14
323,4,14
407,3,14
543,5,14
479,4,14
199,3,14
235,4,14
107,4,14
259,5,14
287,5,14
283,4,14
623,4,14
431,4,14
627,4,14
351,3,14
323,4,14
231,4,14
767,5,14
79,3,14
491,4,14
203,3,14
195,4,14
331,3,14
247,4,14
151,3,14
323,3,14
131,4,14
511,4,14
411,4,14
287,3,14
571,4,14
287,3,14
343,3,14
227,3,14
415,3,14
523,4,14
471,4,14
287,2,14
359,4,14
203,4,14
491,4,14
247,5,14
499,4,14
179,3,14
551,4,14
595,4,14
595,4,14
143,3,14
443,3,14
511,4,14
263,3,14
263,4,14
191,5,14
155,3,14
459,4,14
171,3,14
287,4,14
379,3,14
47,2,14
167,3,14
187,3,14
531,4,14
287,2,14
427,4,14
427,3,14
295,4,14
99,3,14
127,4,14
407,4,14
391,4,14
795,4,14
467,4,14
387,4,14
299,3,14
695,4,14
647,4,14
367,4,14
599,4,14
299,4,14
387,3,14
159,2,14
303,3,14
675,4,14
331,4,14
155,3,14
587,4,14
199,3,14
187,3,14
347,4,14
331,3,14
523,3,14
395,3,14
419,4,14
507,3,14
219,4,14
339,3,14
151,3,14
515,4,14
355,4,14
243,4,14
435,4,14
247,3,14
215,3,14
459,4,14
323,4,14
203,4,14
391,3,14
279,4,14
567,4,14
247,3,14
347,4,14
255,3,14
363,3,14
419,3,14
391,4,14
419,2.5,14
659,5,14
275,3,14
391,4,14
711,4,14
267,4,14
163,4,14
391,4,14
475,4,14
711,4,14
295,3,14
703,5,14
263,3,14
407,5,14
363,4,14
163,3,14
179,4,14
207,4,14
491,4,14
495,3,14
163,3,14
487,4,14
451,4,14
179,4,14
267,4,14
479,4,14
599,5,14
339,4,14
443,3,14
575,4,14
415,3,14
283,4,14
379,5,14
263,4,14
259,3,14
371,5,14
179,4,14
195,5,14
371,4,14
195,4,14
203,5,14
355,4,14
259,4,14
403,5,14
187,5,14
475,5,14
523,4,14
127,4,14
487,3,14
351,4,14
347,4,14
487,4,14
319,3,14
155,3,14
255,3,14
211,4,14
391,4,14
575,4,14
303,5,14
219,4,14
267,5,14
699,3,14
1707,5,15
2139,5,15
1271,4,15
915,5,15
1587,5,15
1083,4,15
1719,5,15
1387,3,15
1019,5,15
1079,4,15
1331,3,15
1559,4,15
1351,5,15
1351,4,15
1183,4,15
1791,4,15
1891,4,15
1891,4,15
1979,5,15
719,6,15
1887,4,15
1783,5,15
1587,5,15
1615,4,15
2319,5,15
2115,4,15
935,4,15
2055,5,15
2003,4,15
2019,4,15
2263,5,15
1427,4,15
1135,5,15
1799,4,15
2031,5,15
2179,4,15
951,6,15
1079,5,15
1203,4,15
1707,5,15
2251,4,15
1219,5,15
799,3,15
1951,5,15
1947,4,15
643,3,15
1391,5,15
535,3,15
1971,5,15
1815,5,15
1455,5,15
679,5,15
1619,5,15
1303,5,15
1107,4,15
2023,5,15
995,4,15
1199,4,15
1475,4,15
2339,4,15
1999,5,15
2147,4,15
1803,5,15
1427,5,15
1627,5,15
1863,5,15
1575,4,15
1975,4,15
1579,4,15
2451,5,15
1335,5,15
1791,4,15
1347,4,15
2375,5,15
2443,5,15
1415,5,15
1959,4,15
1087,5,15
1719,4,15
1679,5,15
1111,4,15
1435,4,15
1299,5,15
939,3,15
1955,5,15
1263,4,15
1607,5,15
1423,4,15
1595,5,15
1599,4,15
2083,5,15
1559,4,15
1435,4,15
1243,5,15
343,3,15
2347,5,15
1819,5,15
1815,4,15
2603,5,15
1711,4,15
1507,4,15
1739,5,15
1735,5,15
2011,5,15
2063,4,15
663,5,15
1819,5,15
751,5,15
751,5,15
1351,4,15
2211,5,15
1391,5,15
903,5,15
1479,4,15
2115,4,15
2251,5,15
1739,4,15
1887,4,15
1703,4,15
807,4,15
1495,4,15
2427,5,15
1483,5,15
1891,4,15
1127,3,15
1767,5,15
1723,4,15
1363,4,15
1319,5,15
1119,4,15
1743,5,15
1423,4,15
1895,5,15
1719,5,15
2127,5,15
1467,4,15
1735,5,15
2471,5,15
1971,5,15
1095,4,15
1187,4,15
1155,4,15
2623,5,15
651,5,15
1275,6,15
1527,5,15
779,5,15
1791,4,15
699,3,15
1775,4,15
1207,3,15
1835,4,15
2059,4,15
1211,5,15
1667,5,15
2019,5,15
2167,4,15
927,5,15
1919,4,15
1619,4,15
1215,4,15
1647,4,15
1491,4,15
2123,4,15
1119,4,15
1267,5,15
1255,5,15
2219,4,15
1207,5,15
887,3,15
683,5,15
1455,5,15
703,5,15
1327,4,15
1347,4,15
1531,5,15
1351,4,15
1751,5,15
1695,5,15
1683,5,15
1087,5,15
1943,5,15
1035,4,15
1999,5,15
1771,4,15
1815,4,15
1511,5,15
1079,5,15
1639,5,15
1451,5,15
2335,5,15
1875,5,15
867,5,15
1603,5,15
1963,4,15
1819,4,15
1559,4,15
1439,4,15
1983,5,15
1959,4,15
1551,4,15
1503,5,15
1691,3,15
1539,5,15
2215,4,15
2439,5,15
1923,5,15
2855,5,15
2055,4,15
1283,4,15
1359,4,15
1671,5,15
1443,4,15
507,3,15
995,3,15
2083,4,15
1947,4,15
1795,5,15
1231,4,15
987,4,15
1207,3,15
1295,5,15
2059,5,15
1563,5,15
1551,5,15
1911,4,15
2575,4,15
1119,4,15
1823,4,15
1959,4,15
1755,4,15
2143,5,15
1807,5,15
1431,5,15
1211,3,15
2195,4,15
2531,5,15
2135,4,15
1011,4,15
1171,3,15
863,5,15
1159,4,15
1935,5,15
2239,5,15
1159,4,15
1771,4,15
1055,3,15
835,3,15
1155,5,15
1715,5,15
1815,5,15
2183,4,15
1643,4,15
1219,5,15
2131,4,15
1575,4,15
1459,5,15
1055,5,15
743,4,15
771,3,15
1335,4,15
375,2,15
1831,4,15
1607,4,15
1751,4,15
1527,4,15
1651,4,15
1079,3,15
1867,5,15
1335,4,15
975,3,15
1151,6,15
2279,4,15
1571,5,15
1335,4,15
951,4,15
1155,4,15
3039,5,15
1523,4,15
1771,4,15
1843,4,15
1371,4,15
1911,4,15
1599,5,15
2007,5,15
2283,5,15
2499,4,15
2943,5,15
2679,5,15
1739,5,15
1999,4,15
1527,5,15
1843,4,15
2383,5,15
1995,5,15
2043,5,15
1903,4,15
2503,5,15
2323,5,15
1659,5,15
1887,4,15
1699,5,15
2883,5,15
839,6,15
903,5,15
1831,5,15
519,6,15
1079,5,15
1363,4,15
1571,5,15
2063,5,15
1887,4,15
931,3,15
1415,4,15
2095,5,15
1707,4,15
1683,5,15
2003,4,15
2103,5,15
2051,3,15
2351,5,15
1659,4,15
1323,4,15
1395,6,15
1275,3,15
1187,4,15
1007,6,15
1167,5,15
1771,5,15
1495,5,15
2167,5,15
1519,5,15
1459,5,15
2143,5,15
2055,4,15
2255,4,15
2399,4,15
1951,5,15
1623,5,15
2203,5,15
1315,5,15
1279,6,15
2179,5,15
1411,5,15
2263,5,15
1635,3,15
2439,5,15
2195,6,15
1503,5,15
1279,5,15
1719,5,15
1135,5,15
1739,5,15
1475,4,15
1031,5,15
943,6,15
951,6,15
2143,5,15
1907,4,15
2003,5,15
1431,6,15
1459,6,15
1675,4,15
1075,6,15
2191,5,15
1051,5,15
1251,5,15
1387,6,15
1967,5,15
1191,5,15
1799,5,15
1247,6,15
675,5,15
1975,5,15
1207,5,15
1987,5,15
2307,6,15
2351,6,15
1551,5,15
2391,5,15
2419,5,15
1107,5,15
1151,5,15
1447,5,15
1327,4,15
1127,6,15
1387,5,15
2415,6,15
1203,5,15
3399,6,15
2119,5,15
1855,4,15
1975,5,15
1723,4,15
2875,6,15
1195,4,15
1719,4,15
1447,4,15
2435,5,15
1031,5,15
1631,5,15
2307,5,15
2175,5,15
2783,6,15
1331,5,15
1807,6,15
2075,5,15
1811,4,15
1807,4,15
2267,4,15
2011,4,15
1571,5,15
2623,5,15
2919,5,15
1071,5,15
1807,5,15
1103,5,15
2483,5,15
1739,4,15
1179,5,15
3507,5,15
1379,4,15
1727,5,15
1267,3,15
1323,3,15
2323,5,15
2247,5,15
1771,6,15
2519,4,15
2203,4,15
1163,6,15
1383,5,15
1087,3,15
867,4,15
1787,4,15
1979,4,15
1323,5,15
2771,5,15
2219,5,15
2091,6,15
747,4,15
1031,4,15
923,5,15
1867,4,15
1439,4,15
1683,5,15
1579,4,15
1867,5,15
2511,5,15
2291,6,15
1199,5,15
1599,4,15
1331,5,15
2003,3,15
883,3,15
1155,5,15
1703,5,15
1091,5,15
1731,4,15
2303,6,15
2519,4,15
2299,5,15
1607,5,15
1659,6,15
1091,6,15
1103,4,15
2399,5,15
2267,5,15
2127,5,15
1827,5,15
1635,5,15
643,4,15
2211,4,15
2071,4,15
3251,6,15
1139,6,15
1231,5,15
1783,5,15
1407,5,15
2395,6,15
967,5,15
1191,6,15
1599,5,15
1603,4,15
875,4,15
987,4,15
1311,5,15
1307,3,15
1675,5,15
835,3,15
2271,4,15
31,7,15
627,4,15
855,4,15
859,4,15
779,4,15
891,4,15
619,4,15
503,4,15
551,4,15
667,5,15
627,4,15
927,4,15
779,5,15
495,4,15
603,4,15
271,4,15
595,3,15
455,4,15
307,3,15
427,3,15
279,3,15
187,4,15
531,4,15
691,4,15
843,5,15
463,4,15
715,4,15
555,4,15
355,4,15
883,5,15
255,4,15
447,3,15
619,5,15
751,5,15
567,4,15
443,4,15
531,4,15
1083,4,15
459,4,15
439,4,15
507,4,15
543,5,15
751,4,15
483,5,15
491,4,15
375,4,15
345,4,15
351,3,15
323,4,15
1059,5,15
459,4,15
231,4,15
183,4,15
51,3,15
575,4,15
627,4,15
519,4,15
591,4,15
535,4,15
319,4,15
751,4,15
459,5,15
179,3,15
287,4,15
667,4,15
659,4,15
667,4,15
755,3,15
1011,4,15
579,4,15
787,4,15
247,3,15
203,3.5,15
547,3,15
955,4,15
511,4,15
555,3,15
559,3,15
459,4,15
387,5,15
399,5,15
555,4,15
427,4,15
687,4,15
455,5,15
1179,4,15
843,4,15
847,5,15
383,4,15
719,5,15
487,3,15
651,4,15
927,4,15
551,5,15
863,5,15
1067,4,15
1075,4,15
523,4,15
231,4,15
351,4,15
1027,3,15
791,5,15
1239,4,15
1127,4,15
1191,4,15
963,5,15
691,4,15
627,5,15
755,4,15
391,3,15
367,3,15
483,3,15
723,4,15
271,4,15
983,5,15
467,6,15
599,4,15
751,4,15
819,4,15
527,4,15
511,4,15
555,5,15
419,4,15
483,4,15
623,4,15
939,4,15
671,4,15
471,4,15
939,4,15
959,5,15
479,5,15
919,4,15
247,3,15
427,3,15
247,4,15
259,3,15
403,5,15
615,3,15
331,4,15
943,4,15
475,3,15
543,4,15
751,4,15
659,4,15
315,4,15
843,5,15
915,5,15
727,3,15
443,3,15
311,4,15
471,4,15
279,3,15
239,4,15
415,4,15
831,4,15
431,4,15
251,3,15
223,4,15
539,3,15
491,4,15
1207,5,15
1075,4,15
595,5,15
967,4,15
799,4,15
359,4,15
707,4,15
835,5,15
371,4,15
611,4,15
819,5,15
211,2.5,15
275,4,15
367,5,15
163,4,15
395,5,15
339,4,15
187,3.5,15
291,3,15
291,3,15
415,3,15
359,3,15
919,4,15
127,3,15
615,4,15
235,4,15
451,4,15
351,4,15
427,4,15
327,3,15
1135,4,15
675,4,15
123,5,15
1067,4,15
403,3,15
335,4,15
815,3,15
495,4,15
487,5,15
391,3,15
459,5,15
951,4,15
687,3,15
883,4,15
467,4,15
703,4,15
167,3,15
683,4,15
543,4,15
305,4,15
639,3,15
239,3,15
575,3,15
263,3,15
579,3,15
359,4,15
195,4,15
123,4,15
851,4,15
491,4,15
523,3,15
663,4,15
267,4,15
979,4,15
491,3,15
167,6,15
431,5,15
871,4,15
583,4,15
379,4,15
447,3,15
491,4,15
459,4,15
627,5,15
851,4,15
351,4,15
611,4,15
579,3,15
507,3,15
659,3,15
719,4,15
431,4,15
879,4,15
419,4,15
599,4,15
715,4,15
703,6,15
727,4,15
339,3,15
699,3,15
427,4,15
367,4,15
851,4,15
527,3,15
395,5,15
703,5,15
227,2.5,15
923,4,15
567,5,15
