3,0,3
5,2.02988321282,4
5,0,5
7,2.82812208833,5
9,3.1639632289,6
11,4.4008325161,6
13,5.69302109128,6
7,2e-7,7
11,3.33174423164,7
13,4.592125697,7
15,5.1379412019,7
17,6.4435373809,7
19,7.0849259535,7
21,7.6433751724,7
13,3.4272052463,8
17,4.9352426783,8
17,5.2386841008,8
19,5.50048641635,8
21,6.9971891478,8
23,7.4752374295,8
23,7.0221965891,8
25,7.8013412244,8
25,7.58818022364,8
27,8.651148558,8
27,8.2863168178,8
29,8.9358569275,8
29,8.5312322015,8
31,9.217800316,8
33,9.9306482938,8
35,10.5790219169,8
37,10.9859076063,8
45,12.3509062092,8
3,0,8
9,4.1249032518,8
15,6.7837135198,8
9,0,9
15,3.4866601463,9
19,4.99485640413,9
21,5.5565188163,9
23,5.69844175094,9
27,7.2036007616,9
29,8.0148614578,9
31,8.1923479624,9
31,8.0168155657,9
33,8.7734572821,9
33,8.2885890429,9
35,8.8366423439,9
37,9.1350940379,9
37,8.954989262,9
39,9.8854986603,9
39,9.88300696,9
39,9.4745804535,9
41,10.057729636,9
41,10.032547448,9
41,9.6443040738,9
43,10.183265536,9
43,10.6207270212,9
45,10.611348294,9
45,10.8337291089,9
47,11.390305148,9
47,10.595840515,9
49,10.9999809583,9
51,11.5631770163,9
51,12.2058561651,9
53,11.954526968,9
55,11.686312208,9
59,13.0998998459,9
61,13.280455636,9
69,14.3445813878,9
27,7.9405792478,9
37,9.8845786531,9
45,10.9894495926,9
57,12.932858702,9
55,12.810310003,9
75,15.0183428579,9
49,12.098936026,9
7,4.0568602242,9
13,5.90408585851,9
17,7.40676757237,9
23,8.6020311664,9
9,4.75170196552,9
27,10.0499578613,9
27,9.5318798358,9
25,9.4270736278,9
17,3.5261959907,10
23,5.1148414603,10
25,5.7321047868,10
27,5.8171296928,10
33,7.37393513427,10
37,8.3909376067,10
43,9.1159063956,10
29,6.0832348371,10
39,8.2940996752,10
45,9.1805736441,10
43,9.3704424414,10
47,9.8174951907,10
53,10.57848019,10
57,10.937689414,10
43,8.973449326,10
47,9.546642305,10
41,8.5367555992,10
55,10.639844271,10
51,9.8447713027,10
35,8.3173787184,10
45,9.6751411442,10
49,9.9818665179,10
59,11.3932246349,10
55,10.9774547368,10
65,11.8757796037,10
61,11.352017558,10
71,12.3841319661,10
53,10.264674947,10
63,11.602905247,10
67,11.8287575695,10
57,11.044264031,10
69,12.0909368719,10
65,11.5356739323,10
37,8.4222666679,10
49,10.394496786,10
51,10.4761855403,10
53,10.9658105324,10
59,11.3493135472,10
61,11.5895187274,10
75,12.8887403303,10
71,12.376615499,10
81,13.2398483668,10
73,12.6025961143,10
79,12.968994205,10
89,13.7160759848,10
31,7.7169998093,10
41,9.3851941567,10
49,10.378901449,10
59,11.4531933662,10
53,11.1988897921,10
67,12.6313795199,10
59,11.537548182,10
73,12.8868474202,10
47,10.5913111336,10
61,12.185540627,10
65,12.3988021558,10
79,13.5885585022,10
65,12.7213306985,10
75,13.3899441414,10
85,13.9800415357,10
33,8.4585802676,10
45,10.141469036,10
57,11.5116912918,10
51,10.8680927131,10
63,12.0764614345,10
75,13.029268871,10
63,12.4216305054,10
57,11.6370352293,10
87,14.1265051707,10
67,12.5108877304,10
77,13.385228746,10
73,12.929594687,10
83,13.706880842,10
63,12.0060369984,10
81,13.4307487843,10
57,11.512860414,10
63,12.074711681,10
69,12.502099197,10
61,12.5402952185,10
71,13.3940444715,10
85,14.4926670316,10
63,12.4314795313,10
83,14.258051849,10
87,14.7098987816,10
57,11.7977736599,10
85,14.34125614,10
81,14.2736445981,10
101,15.6466491718,10
99,15.566058923,10
77,13.8661498633,10
73,13.4870224203,10
89,14.8553501716,10
67,13.0164671649,10
71,13.311566525,10
91,15.0478528846,10
93,15.1778514277,10
87,14.8527467084,10
81,14.4129190236,10
81,14.334344519,10
65,12.8108825665,10
85,14.6875068376,10
73,13.7273432971,10
75,13.8747895699,10
77,14.107126688,10
91,15.181695505,10
75,13.933018994,10
93,15.352852697,10
63,12.9046239529,10
85,14.900208603,10
83,14.7774626651,10
77,14.265023013,10
87,14.755884076,10
111,16.4734736615,10
93,15.3049043434,10
109,16.6380380564,10
95,15.4238665073,10
103,16.125443524,10
97,15.5452149057,10
101,15.9386941263,10
105,16.2713682822,10
115,16.9748770322,10
105,16.410823159,10
121,17.085709483,10
3,0,10
11,4.6119613745,10
19,6.9042561238,10
29,8.8968167596,10
11,5.86053930174,10
25,8.9015166373,10
17,6.77819889005,10
31,9.4650216573,10
5,4.05686022424,10
19,7.7983002322,10
23,8.3929225083,10
37,10.6871749683,10
15,7.74627454623,10
25,9.2505562627,10
35,10.4672462427,10
7,4.85117075733,10
9,5.2125668223,10
21,7.9364742292,10
15,6.7708167807,10
27,9.07089927,10
39,10.7965949841,10
7,5.04489916292,10
33,10.5610167549,10
27,9.417590916,10
31,10.2602434363,10
41,11.4427267789,10
29,10.0813628566,10
43,11.8430447517,10
15,8.5360653472,10
9,7.3743438893,10
17,9.2498874439,10
25,9.250541613,10
35,11.1633906422,10
49,12.665333285,10
45,12.2712363584,10
39,11.7406410379,10
21,9.2039166061,10
9,5.6387729489,10
35,10.6933605467,10
51,13.2900030686,10
45,12.5066879309,10
39,11.60308465,10
127,15.6438748417,11
137,16.5881285059,11
115,15.5500298075,11
97,14.1846224387,11
125,15.5012280953,11
135,15.843962448,11
95,13.5337608551,11
117,14.9161851677,11
65,11.3849850792,11
107,14.6473479227,11
113,14.723913275,11
103,14.261766027,11
61,10.735423359,11
133,16.4065722209,11
107,15.128809655,11
105,14.45791993,11
123,16.101276406,11
127,16.0299593212,11
155,17.7862653976,11
113,15.3455371203,11
75,12.6394143264,11
101,14.6532728222,11
103,14.3487806314,11
157,17.9005581498,11
155,17.786265398,11
157,17.9005581498,11
143,17.019211259,11
121,15.879937783,11
115,15.718146009,11
149,17.347783795,11
125,15.4015885303,11
139,16.0546665053,11
95,13.8945620052,11
119,14.9741512703,11
121,15.3716803409,11
121,15.1597193981,11
93,13.338428221,11
117,15.6825658421,11
101,14.0334129389,11
89,12.8866759899,11
115,14.685443776,11
107,14.5336008778,11
135,16.3093198865,11
117,15.5977141458,11
87,13.212342585,11
87,13.06336076,11
117,15.597714146,11
113,15.118084339,11
105,15.1714491959,11
83,13.4737186538,11
115,15.1158729988,11
137,16.824255724,11
97,14.4160262614,11
139,16.7028912584,11
71,11.6846141704,11
109,14.5405858717,11
99,14.735401221,11
81,12.8069118213,11
43,8.5671613763,11
85,13.0589813933,11
103,14.3182759478,11
55,10.6386212519,11
93,14.0116429411,11
97,14.0131392696,11
59,10.686500306,11
119,15.8010591707,11
125,16.0997938711,11
103,14.700257745,11
141,16.740275151,11
151,17.4335108698,11
159,17.3873093755,11
153,17.1729889733,11
177,18.4184085903,11
73,12.3051584396,11
83,12.6919564974,11
145,16.9805132046,11
131,15.2573285948,11
123,15.3316327184,11
143,16.8714020743,11
137,16.51612416,11
127,16.0509673268,11
95,13.88825994,11
113,14.770315231,11
101,13.8695704445,11
107,14.0551141455,11
91,13.557360491,11
121,15.1380715584,11
101,14.1444103555,11
119,14.728081872,11
87,12.5187522513,11
129,15.132711528,11
103,14.2422418427,11
93,13.1111949813,11
107,14.4580456522,11
73,11.7606850785,11
121,14.8743968728,11
71,12.1699852873,11
77,12.021711939,11
135,16.608597211,11
141,16.175511492,11
167,18.5209505598,11
99,14.686109322,11
81,13.221837613,11
125,15.7183393409,11
109,14.7170008078,11
93,13.4001218463,11
111,14.3063609531,11
99,14.23678351,11
117,15.1191270696,11
97,13.471654337,11
103,13.6745003315,11
125,16.342975588,11
109,15.6778311564,11
151,17.558362781,11
121,16.428298344,11
137,17.0879707604,11
117,14.5969667607,11
87,13.34965123,11
77,12.0579780971,11
109,14.3126452347,11
119,14.7555257262,11
127,16.459423222,11
117,15.9713280151,11
155,17.5239680022,11
175,18.645495339,11
145,17.209201201,11
137,16.6559488544,11
129,15.694316644,11
113,15.5089284684,11
123,15.9906358068,11
131,16.9145940381,11
135,16.778822444,11
79,12.9477946092,11
123,15.484062343,11
153,17.6563585372,11
163,18.0711194078,11
111,15.5094892668,11
161,18.0471431402,11
99,13.730539084,11
65,10.6274961814,11
103,14.9455563073,11
59,11.4137894629,11
89,13.608420466,11
73,11.8228580914,11
83,12.3910776154,11
123,16.2882197282,11
151,17.2352756294,11
115,15.772817129,11
127,16.266319991,11
125,16.2111300625,11
127,16.1582319131,11
117,15.641350474,11
89,13.4112858226,11
67,11.5462346652,11
171,18.5384357448,11
91,14.085633035,11
135,16.8127595544,11
119,16.2349532997,11
111,14.4088730503,11
145,17.098517193,11
57,11.0125693285,11
167,18.2450339,11
119,15.919292822,11
169,18.3584972752,11
81,12.5728525346,11
59,10.3670781482,11
113,15.503183879,11
125,16.368944112,11
121,16.1442993652,11
185,19.2051071754,11
183,18.671206879,11
139,17.2020353109,11
135,16.745582495,11
79,12.1343424373,11
105,13.9605343139,11
111,14.1347788315,11
97,13.045037167,11
123,14.6423649964,11
57,10.0674254534,11
89,12.7427818874,11
99,13.8790350662,11
73,11.269287252,11
115,14.430442634,11
87,12.4498525222,11
109,13.8722288467,11
95,13.6435153691,11
117,14.9449804407,11
67,10.658860423,11
149,17.3741603158,11
85,12.2348913486,11
83,12.3995473696,11
97,13.2007598665,11
95,13.353162453,11
93,13.796811542,11
53,9.3133692251,11
147,17.285519786,11
143,17.4105931061,11
115,15.065955176,11
99,13.9644336864,11
85,13.7590705486,11
81,12.6076110174,11
111,14.871122022,11
63,10.261331859,11
101,13.6080158898,11
91,12.879837056,11
85,12.7355549891,11
105,13.9792284963,11
141,17.3022803022,11
73,11.5224314442,11
67,10.8804743675,11
153,17.7092062649,11
145,17.5099487862,11
69,11.7947414285,11
133,16.7321609249,11
147,17.2795328928,11
139,17.246192208,11
131,16.7439518533,11
87,13.4577847478,11
85,12.6214634364,11
79,12.2428196225,11
101,13.8903308345,11
75,12.698136058,11
89,13.0758567016,11
53,9.3622369607,11
71,11.5144267794,11
143,17.349486765,11
133,16.8089509808,11
71,11.4893426599,11
51,9.2744158627,11
99,14.7354012211,11
123,16.4522958018,11
173,18.729559373,11
37,7.4400121192,11
71,11.8445058344,11
99,13.7186953697,11
93,13.6546527689,11
65,10.8467108673,11
195,19.573726277,11
61,10.6980651536,11
95,13.7014182472,11
47,9.0332841114,11
69,11.4767284876,11
147,17.3477020285,11
75,12.4730777456,11
41,8.5005839133,11
19,3.55381991851,11
159,17.7144912486,11
117,15.7969538089,11
85,13.8029972867,11
133,16.9234902697,11
131,16.8559288089,11
133,16.9234902697,11
131,16.855928809,11
143,17.307403388,11
133,16.7428819011,11
97,13.730082559,11
75,11.987721108,11
79,12.5200927609,11
69,11.8188868978,11
129,15.9423485573,11
107,14.8138761185,11
81,13.720439897,11
135,16.235341603,11
109,14.8554963022,11
209,20.2285700119,11
191,19.5157631767,11
139,17.338213512,11
151,18.0173445,11
137,17.032426283,11
171,18.789011351,11
149,17.7392681473,11
159,18.4007937269,11
165,18.650513753,11
129,16.9486128064,11
161,18.3555862618,11
135,16.9206772131,11
141,17.2111525577,11
91,14.415976156,11
105,15.3110325762,11
155,18.311092358,11
127,16.6493724694,11
147,17.62948817,11
179,19.26434379,11
161,18.3328397396,11
147,17.8935730344,11
181,19.3323265954,11
205,20.2067067599,11
145,17.551461374,11
141,17.344209674,11
99,14.579913085,11
129,16.2254977713,11
81,13.4595926675,11
123,16.0734792318,11
109,15.5091566017,11
111,15.7452224053,11
175,18.851260209,11
131,16.2797824463,11
97,14.341754318,11
153,17.9978752289,11
199,19.8328838541,11
161,18.3942869094,11
149,17.7790123731,11
117,16.2483408247,11
135,17.2512367071,11
105,13.523847403,11
83,11.9837752878,11
71,10.8655492549,11
93,12.820679221,11
61,10.1293336601,11
79,11.8940786492,11
119,16.0409283012,11
77,13.3553124368,11
171,18.9578337634,11
157,18.2725217977,11
121,15.8582476622,11
125,16.060550596,11
135,17.2773181419,11
119,16.233238173,11
109,15.7363678761,11
121,16.2583155519,11
151,17.6972228106,11
83,13.4472711051,11
99,15.0339305645,11
95,14.412592238,11
169,18.689330092,11
187,19.235624253,11
149,17.6919348861,11
145,17.4304911615,11
89,14.4186843781,11
115,16.0067795424,11
189,19.7120465547,11
65,10.2750992752,11
49,8.78087299,11
75,11.733803113,11
59,9.9980010358,11
89,12.7190595138,11
69,11.542018579,11
55,10.1171412449,11
87,12.9962340178,11
61,10.4619455151,11
29,5.8387546286,11
31,5.8936270443,11
129,16.4335868338,11
91,14.215956919,11
93,14.689751257,11
111,15.4926605663,11
145,17.560012045,11
155,17.9314163727,11
185,19.324263731,11
165,18.525264024,11
135,17.1581968842,11
123,16.150985431,11
105,15.1817103544,11
45,8.423244315,11
79,12.314988694,11
91,13.0500099302,11
31,6.102803165,11
53,9.6718805839,11
57,9.7684862371,11
69,12.2200101055,11
39,8.765193679,11
35,6.2970196529,11
25,5.1402065631,11
51,9.8326799201,11
81,12.7680747671,11
11,0,11
27,9.7004774764,11
57,12.5931738692,11
43,11.5633543073,11
49,12.5530574707,11
71,14.1155831965,11
25,11.406953378,11
67,13.8902290682,11
53,13.0980494422,11
17,10.317504563,11
65,13.5825405062,11
55,13.0518140358,11
13,8.0703133581,11
15,6.56631160282,11
45,10.8396605273,11
35,9.9480467091,11
37,10.7763575467,11
47,11.3587808532,11
33,10.1472698783,11
5,4.7698896023,11
23,9.4105654867,11
49,12.4679853116,11
55,13.189019383,11
29,10.8083240482,11
23,9.905485566,11
47,12.1829539794,11
41,11.7289013332,11
19,9.3336768785,11
21,8.0616459501,11
51,11.7973859547,11
33,9.73656555,11
15,10.5313844228,11
69,13.9389693799,11
51,12.6361613174,11
17,11.2191177254,11
89,15.794506071,11
67,14.482843438,11
25,9.9652450421,11
5,4.12490325181,11
33,12.7511257456,11
79,15.4046936813,11
53,13.7623119991,11
17,11.2191177254,11
89,15.7945060706,11
67,14.482843438,11
33,12.7511257456,11
79,15.4046936813,11
53,13.7623119991,11
29,9.9960396254,11
9,6.9091101321,11
25,10.2067650006,11
29,9.5042153907,11
59,12.58770356,11
37,10.3948496875,11
43,11.4400790927,11
61,12.846177386,11
35,10.337213833,11
7,5.8605393017,11
35,9.9783302859,11
53,11.8950163396,11
31,9.4871610638,11
17,8.275143802,11
33,9.6144562618,11
39,9.8999617546,11
21,7.2396520759,11
33,11.4167453632,11
75,14.434139496,11
17,10.650322386,11
63,13.336420695,11
45,11.9560492158,11
13,6.721993288,11
63,13.5931203961,11
81,14.6933600094,11
17,10.4045367402,11
17,10.40453674,11
63,13.5931203961,11
45,12.3124579795,11
31,11.960381646,11
45,12.3124579795,11
15,6.75197109994,11
23,10.834307537,11
27,10.9559655331,11
19,8.6899863753,11
49,12.0122016233,11
35,11.4315969453,11
45,11.726685319,11
33,11.7194755782,11
51,12.3434206058,11
11,7.4448364196,11
61,12.7807670858,11
41,11.0273882834,11
31,9.9035154583,11
15,8.7707685526,11
47,12.5838720629,11
57,14.0065220919,11
33,11.1971415517,11
15,9.0469957345,11
17,10.1830095522,11
69,13.7590471081,11
39,11.6343543952,11
45,11.573623858,11
39,11.1670241433,11
11,7.24432035087,11
65,13.41618972,11
11,7.34941599622,11
69,13.642095873,11
27,9.9962874004,11
21,9.2729205302,11
73,14.6101514387,11
57,13.086946668,11
41,12.549436862,11
15,8.6124939641,11
55,13.3685536913,11
35,11.016388303,11
53,12.891371562,11
77,14.7633893162,11
9,7.7544537602,11
35,11.3951847369,11
21,8.8825642419,11
69,14.36817488,11
47,12.7750539416,11
45,12.270947399,11
27,9.7304954604,11
57,13.5240334663,11
59,13.6990525478,11
63,14.0835460343,11
27,10.763876755,11
55,13.1289761757,11
43,12.2619286708,11
43,11.7204020914,11
53,13.3478918673,11
67,14.372309463,11
25,10.266827761,11
25,10.9920402766,11
47,13.0489324662,11
13,8.0398755969,11
63,13.794814975,11
57,12.3640612618,11
15,7.77671151289,11
9,5.5697154383,11
51,11.4115512266,11
21,7.8034944955,11
33,11.18083695,11
17,9.3137681046,11
65,13.8021246265,11
17,9.0120715494,11
63,14.496953054,11
37,12.651668655,11
75,15.461720863,11
33,11.136256335,11
75,14.7873167991,11
31,12.433909373,11
31,12.4339093727,11
57,13.0744970955,11
79,15.3090275836,11
51,12.3848060905,11
77,15.3971577628,11
65,14.7470628727,11
45,12.7254139067,11
71,15.1809941552,11
67,14.3017671098,11
63,13.727562853,11
55,13.1068761212,11
45,13.1502423526,11
85,15.816873297,11
59,14.195407328,11
63,14.2087215208,11
75,15.0132170138,11
35,10.817292528,11
63,13.6098042261,11
65,13.606648537,11
49,13.391480356,11
45,13.5803664566,11
97,16.7284050472,11
65,13.982076611,11
63,14.5344848718,11
83,16.091722813,11
95,16.9983382324,11
77,14.7988728577,11
55,12.696529344,11
45,11.3450038487,11
93,16.3896767726,11
25,11.4109294144,11
87,16.3840371986,11
105,17.099956866,11
213,18.4603520487,12
165,16.859535763,12
253,20.011425617,12
253,20.011425617,12
201,17.4656298298,12
197,17.3165431731,12
149,15.371521343,12
189,17.8110361746,12
189,17.7549522369,12
177,16.666516091,12
159,16.8808904915,12
71,10.8977367267,12
211,18.1476580409,12
203,18.1923250086,12
179,18.0733576891,12
151,16.039727028,12
175,17.333486394,12
261,20.3085565072,12
179,17.094909665,12
217,19.1772447974,12
211,18.695994307,12
205,18.425031895,12
143,16.1736683103,12
173,16.9694458812,12
223,18.742377557,12
221,19.024250581,12
217,17.7636588905,12
219,18.5909476933,12
163,16.085845228,12
235,19.386119573,12
137,15.2194080934,12
235,19.3861195727,12
229,19.551318072,12
229,19.5513180723,12
215,18.6151819384,12
185,16.6288251578,12
85,11.8740449492,12
113,13.580781023,12
107,13.5111258,12
151,15.6495481073,12
231,19.884074905,12
129,15.1907067339,12
131,14.7725260001,12
139,15.3707956555,12
173,16.4704067471,12
165,16.5026823827,12
171,17.372238123,12
203,18.3492536533,12
263,19.7541519251,12
163,16.296445445,12
157,16.5763561027,12
139,15.1287487897,12
189,17.2595108525,12
147,15.9551710935,12
247,19.1834745595,12
125,14.9979127846,12
281,20.6693789106,12
213,18.5816559567,12
191,17.0053872426,12
243,19.3328454557,12
145,15.6169736268,12
151,15.5375116244,12
97,12.6325833096,12
219,19.075571229,12
169,16.2546754581,12
99,13.6885711931,12
185,17.6040158562,12
143,15.6274976366,12
139,15.1719296117,12
195,17.1898341977,12
223,18.6443076751,12
203,18.669774264,12
243,19.621303042,12
153,16.82564196,12
227,19.47836898,12
207,17.7372014217,12
153,16.18463167,12
155,15.450505729,12
221,19.1850139656,12
153,15.3417975613,12
147,15.3200380527,12
189,18.100061987,12
207,18.6395283687,12
259,20.363568969,12
171,16.533059086,12
237,19.8011258328,12
199,18.9126227604,12
105,14.2173809341,12
213,18.971700612,12
231,19.539832716,12
225,19.22397388,12
229,19.396709065,12
259,20.608018489,12
127,15.325934412,12
255,19.884656308,12
305,21.339236301,12
225,19.621002296,12
329,22.163242669,12
133,14.4723380718,12
167,16.1063857552,12
147,15.083662471,12
117,14.016028727,12
155,16.3151942446,12
151,15.5143859095,12
189,18.177608248,12
261,20.4202675905,12
183,18.109742899,12
205,18.41647294,12
159,16.2500087065,12
271,20.4098437226,12
191,18.374379392,12
251,20.2416421548,12
147,16.2652117686,12
211,18.541862414,12
147,16.6341898154,12
207,18.434390291,12
69,11.374650985,12
131,15.0350438864,12
81,11.877095134,12
225,19.2093104837,12
165,17.102724347,12
183,17.727772419,12
275,20.917523002,12
195,18.8403645219,12
225,18.7770667289,12
321,22.022538923,12
149,16.2413039317,12
199,18.0912676453,12
191,18.5939591662,12
169,16.241112563,12
215,18.7123222058,12
257,20.567037885,12
289,21.354619487,12
197,18.655202216,12
201,18.3922005745,12
267,20.206768672,12
135,14.7634735936,12
183,16.6003997591,12
185,16.397757187,12
111,13.1961012472,12
213,18.5470750319,12
163,15.5799381318,12
137,14.205646341,12
145,15.193876176,12
123,14.919076831,12
143,15.0691553735,12
231,19.4430319257,12
109,14.002704231,12
111,13.3779671727,12
149,14.982097979,12
131,14.1781759372,12
205,18.455313826,12
193,18.609411344,12
145,16.4761211541,12
107,14.5383293334,12
233,19.6673785421,12
211,18.863798781,12
225,18.289529972,12
171,16.5310646343,12
117,14.2868593526,12
135,15.087672226,12
193,17.1645222087,12
249,20.567546531,12
157,16.418841927,12
153,15.543740182,12
195,17.1145918774,12
279,21.2355575406,12
175,17.694983466,12
117,13.7689783255,12
183,16.898640745,12
153,15.8924658529,12
177,15.9668517527,12
69,10.316459941,12
161,15.541112623,12
143,14.621541963,12
181,16.1792809505,12
203,18.4913685924,12
175,17.632147639,12
185,18.008956654,12
217,19.5039459298,12
181,17.951708294,12
99,12.8922557474,12
139,14.3071981051,12
123,13.6064409265,12
211,18.510459419,12
209,18.428710756,12
109,13.1743577238,12
127,13.9353414964,12
229,19.426839745,12
223,19.5340565988,12
155,16.7168851496,12
169,17.153300874,12
223,19.350876942,12
237,19.63880991,12
231,19.5613458109,12
107,13.172340597,12
117,14.7070381253,12
209,18.9598761776,12
223,19.6500035062,12
209,18.7231817435,12
77,11.000619331,12
141,16.4286088043,12
291,21.6262374142,12
195,18.4105676625,12
299,21.7242465804,12
243,20.140350828,12
315,21.675158614,12
169,15.9557940192,12
171,15.9996400279,12
167,15.784083425,12
95,12.33848806,12
79,11.0210417009,12
143,15.7307572296,12
135,16.0215919437,12
161,17.034639582,12
187,18.3342242375,12
163,15.892949392,12
111,13.456592196,12
133,14.6780794249,12
183,18.0724165655,12
189,18.269513974,12
89,11.7736230727,12
87,11.755282138,12
215,18.796577828,12
185,18.1428318014,12
83,11.766185916,12
249,20.3102214514,12
219,18.9749283761,12
201,18.1913590334,12
179,17.7007832372,12
193,18.274132775,12
119,14.119567726,12
173,16.887154484,12
71,10.8527576211,12
125,14.6950159214,12
127,14.8002073279,12
91,12.2318236181,12
163,16.898149344,12
229,19.231536164,12
313,22.039598887,12
187,18.1163355553,12
307,21.955389227,12
75,11.1953443421,12
299,22.028775227,12
287,21.5416175631,12
207,18.218619779,12
289,21.4390240956,12
303,21.8174234065,12
167,17.6049412327,12
309,22.1609310447,12
273,21.1462929691,12
243,20.4089620834,12
183,17.9675659621,12
189,18.1468514339,12
245,20.3605848324,12
225,19.6384501045,12
179,17.5280048175,12
255,20.843381055,12
271,21.228730354,12
147,16.6674997477,12
193,18.2829614463,12
247,19.915233791,12
189,18.3010568281,12
227,20.0564998219,12
185,18.1461510445,12
211,19.0974793068,12
209,18.9878437872,12
281,21.1926406429,12
277,21.461762393,12
217,19.464841578,12
253,20.5738844532,12
105,14.3094550255,12
225,20.3233403876,12
257,20.735393701,12
229,19.7583007526,12
285,21.364372955,12
225,19.7667998404,12
125,15.37029582,12
175,17.489905412,12
225,19.867962652,12
227,19.6529466667,12
193,18.573496822,12
109,14.265362815,12
319,22.210716893,12
339,22.781325931,12
243,20.466066801,12
127,13.8525188694,12
165,17.580374313,12
83,12.0330810755,12
91,11.4561264118,12
97,13.1223408946,12
107,13.0229885118,12
121,13.5433526801,12
155,16.4864916628,12
197,17.8042218114,12
115,13.2409941,12
265,20.4083353355,12
161,16.7372165216,12
203,18.258506015,12
143,16.3765894177,12
285,21.4336861177,12
113,14.7349238971,12
227,19.9850302672,12
209,19.331228455,12
247,20.3788279668,12
249,20.70116058,12
183,17.88823609,12
267,20.9492116767,12
145,16.7358074479,12
235,20.0879986626,12
263,20.68823139,12
217,19.4139544445,12
185,17.9654336866,12
145,16.849559713,12
175,18.0415282694,12
237,20.154903217,12
243,20.633379164,12
99,13.69592479,12
271,20.770361282,12
217,19.6208916159,12
195,18.500165612,12
215,19.312848829,12
247,20.5210656242,12
95,13.4811995532,12
285,21.6470433422,12
261,21.149689799,12
73,10.2085172396,12
147,14.987341345,12
141,15.068047673,12
79,10.5061880523,12
167,17.006011445,12
137,16.1682121435,12
113,13.131115837,12
111,13.4821919833,12
33,5.90828681953,12
313,22.0593845103,12
155,17.0467779966,12
137,16.2759704824,12
153,16.9573480429,12
223,19.6610916284,12
189,18.0401776001,12
91,13.625267218,12
135,16.066302869,12
303,21.8726994107,12
267,20.8785047799,12
323,22.310745469,12
175,18.1987497525,12
237,19.8876572845,12
223,19.5477189655,12
195,18.3980522685,12
119,15.5686965876,12
231,19.434252797,12
117,14.7359965737,12
123,15.0107927106,12
91,13.0673144964,12
195,18.458479214,12
225,19.5475894956,12
147,16.5073112694,12
191,18.2083712527,12
197,18.6466695149,12
221,19.4225137848,12
193,18.2516409238,12
187,18.2934445966,12
77,11.7022111136,12
127,14.854910564,12
225,19.862464256,12
97,14.214838926,12
155,16.9634504481,12
47,9.3569389821,12
173,17.4764218012,12
143,16.201527389,12
257,20.1979231331,12
217,19.1903309498,12
231,19.782710856,12
145,16.1960700881,12
177,17.679111458,12
139,16.1112131429,12
157,17.127929887,12
143,16.6547881159,12
147,16.6481341603,12
127,15.9656416922,12
129,15.60515552,12
145,16.410132945,12
201,18.7957843128,12
61,9.0511004556,12
149,15.1628737221,12
121,13.9776364191,12
41,6.4266719065,12
67,9.9002124739,12
241,20.071125437,12
81,11.802921307,12
87,13.0526459886,12
37,6.3090903924,12
73,14.4518743136,12
67,13.6205230754,12
59,12.721881945,12
59,11.8123132527,12
49,11.513297203,12
123,16.6421753008,12
99,15.7211590155,12
83,14.3677687382,12
53,12.7003049883,12
43,13.5870558251,12
41,12.373810395,12
141,17.9257766774,12
33,12.4841151311,12
53,11.703875596,12
71,13.7324053154,12
17,9.8759424404,12
93,16.4675403462,12
57,15.444107175,12
65,15.896179486,12
75,14.0033407332,12
47,12.5329044022,12
93,15.5253455432,12
47,11.4322505266,12
67,13.242476676,12
41,10.044499937,12
81,13.4692794316,12
31,14.96118389,12
55,12.6641098975,12
27,10.2590474482,12
115,17.0387074827,12
25,12.9458278269,12
25,12.9458278269,12
61,12.8845173837,12
83,14.0664149501,12
33,13.434559638,12
25,12.933510681,12
81,15.1490176948,12
35,13.3160992234,12
47,14.721206901,12
29,7.6814906181,12
31,9.6358927719,12
43,10.937174699,12
39,11.801946843,12
47,10.140911831,12
65,14.7384668319,12
33,12.9155646038,12
89,16.413527784,12
127,17.807965849,12
63,15.6197450958,12
117,16.3438491118,12
63,14.061906463,12
53,13.26154573,12
13,10.0113281919,12
55,13.1013924209,12
37,12.029085927,12
79,14.832447505,12
21,11.396419164,12
103,16.4753045847,12
23,11.320694146,12
103,16.028505573,12
31,13.0053717913,12
61,14.3453341,12
99,16.50002298,12
49,13.6963820255,12
73,14.4090281722,12
31,12.2799188065,12
87,15.6904876739,12
99,16.5812512795,12
99,16.581251279,12
33,12.7556700964,12
125,17.1939389619,12
27,11.9045728928,12
75,14.4818497498,12
13,8.7998629756,12
19,9.6087417721,12
43,13.1708296518,12
77,14.9529414252,12
57,13.952523812,12
91,15.881728679,12
63,13.115213506,12
81,14.4090985692,12
27,11.4321109614,12
113,16.6062681102,12
73,15.320388964,12
17,9.5421207783,12
45,12.1918407623,12
49,14.3292583136,12
33,12.3137276044,12
49,13.6960383966,12
29,11.942901965,12
87,15.4624178759,12
15,8.5620421365,12
73,14.8239406763,12
101,16.1003309615,12
39,12.0923850132,12
111,16.16019038,12
75,14.700852684,12
25,10.7667232939,12
103,16.3943301252,12
77,14.9832932445,12
39,12.8892362256,12
27,12.5997918278,12
19,11.864522208,12
81,15.6491585103,12
117,17.01403736,12
31,14.283067192,12
33,12.416827514,12
19,9.1825793262,12
113,16.752446198,12
31,11.5066074202,12
17,11.4081339071,12
25,11.330922981,12
23,10.838861951,12
57,14.533745052,12
21,10.565799046,12
81,14.6211780034,12
93,15.991625597,12
39,12.2045429305,12
33,11.2910912872,12
27,10.4420005531,12
129,17.5700037287,12
109,16.7819749224,12
35,11.2299744437,12
115,16.786873805,12
47,12.3803114558,12
25,11.601499579,12
129,17.456947527,12
105,16.0847689343,12
63,14.5095651981,12
25,9.7571676138,12
77,15.0538654276,12
31,12.50899213,12
83,15.725197313,12
55,11.958912843,12
43,11.4667091554,12
65,14.043016386,12
71,14.48919829,12
19,9.2838574894,12
13,8.0109527536,12
77,14.6996960603,12
117,16.4022031037,12
45,13.6946729284,12
51,11.3349600774,12
75,15.0849873379,12
35,11.806720483,12
89,15.3843521843,12
97,15.8407699496,12
101,15.8376981697,12
67,15.4873531133,12
15,10.594686645,12
13,8.623584959,12
117,16.8852880125,12
41,14.0085373018,12
115,16.7909593646,12
97,15.4420693426,12
109,17.113662104,12
81,16.0146117823,12
115,16.9990569484,12
119,17.071126679,12
85,15.1172622275,12
27,11.9290608882,12
105,15.873155427,12
81,14.8654568284,12
35,13.333850365,12
43,13.5987550541,12
53,12.355931937,12
133,17.867342597,12
55,11.8398453884,12
71,14.26741992,12
39,11.3274302515,12
63,12.7896208736,12
117,17.227621506,12
107,16.698457736,12
45,10.2536085854,12
27,8.3663981885,12
13,7.3975397834,12
15,8.5017825212,12
33,10.4475398226,12
27,10.233653669,12
93,14.509209896,12
25,11.4769008253,12
65,13.7507449485,12
27,8.3723810731,12
91,15.6191515936,12
55,13.4360135415,12
101,16.137707522,12
117,16.7119452393,12
85,15.7535100948,12
113,16.8077789812,12
23,10.2220733666,12
49,12.219335011,12
25,10.9701882214,12
91,15.427320493,12
95,15.2557897917,12
75,15.17506024,12
99,16.0451481028,12
55,13.426811851,12
35,13.0546770444,12
99,15.1645593184,12
25,12.7719390088,12
59,12.992241267,12
41,12.6802841287,12
65,13.1043600601,12
95,15.3858247993,12
117,16.9485877758,12
73,15.996507775,12
99,16.4882674747,12
341,20.518355434,13
211,17.0292047659,13
327,20.2917284338,13
349,21.2888379662,13
261,19.159293375,13
309,19.959022289,13
421,22.4336309098,13
243,18.1288199917,13
283,19.4680727311,13
269,18.9893387699,13
289,19.6553824429,13
419,22.3988822699,13
291,19.244501429,13
419,22.3988822699,13
349,21.288837966,13
287,20.170158671,13
237,18.007578359,13
321,19.9608430379,13
281,19.111441512,13
259,18.1057377932,13
307,19.3431827094,13
275,18.3140482763,13
369,21.603726054,13
351,20.6532907977,13
277,19.1976433168,13
275,19.5296972652,13
301,18.7786988383,13
137,13.9720569508,13
243,17.8910360255,13
173,16.1291434398,13
255,18.689019104,13
171,15.542804969,13
279,19.321414202,13
225,18.29472995,13
195,15.981750589,13
389,22.206513892,13
305,19.9181283738,13
249,18.480939182,13
81,11.005438775,13
317,19.9549750447,13
267,19.151567755,13
263,18.7121181502,13
291,20.0797485535,13
269,19.0574416946,13
311,20.7983970199,13
315,20.57078361,13
401,22.5940051226,13
401,22.594005123,13
367,21.6910350682,13
313,20.61195369,13
307,20.588737183,13
389,22.1031460404,13
389,22.1031460404,13
321,20.010440354,13
359,20.7017130731,13
287,19.1948569663,13
297,20.4019010026,13
281,19.8311974782,13
227,18.2703568188,13
361,21.5694154825,13
365,21.425780456,13
293,20.0744038896,13
245,18.6390926161,13
307,19.8568744368,13
359,21.350667347,13
301,19.69284574,13
325,19.7374171732,13
351,20.4526932563,13
243,18.348366201,13
285,19.1804672353,13
337,20.9617776311,13
305,19.6128239263,13
197,16.3746635927,13
251,19.441961422,13
309,19.756238271,13
325,21.3541537657,13
329,20.289863062,13
287,19.8078603252,13
321,19.9636203787,13
327,20.751007714,13
183,16.1838455318,13
303,20.578527544,13
485,23.910203712,13
325,20.34321361,13
399,22.132872438,13
307,19.6694502244,13
189,17.0379143257,13
137,14.5736755842,13
215,16.8362753592,13
133,13.724054493,13
287,19.5382461219,13
277,18.530847817,13
207,17.0867863699,13
245,17.8072398936,13
241,18.112405102,13
289,18.800627052,13
353,21.469009649,13
219,18.0005046691,13
251,18.3643125506,13
449,23.443666127,13
239,17.762773781,13
279,18.4538720003,13
217,17.394380738,13
253,18.2216590002,13
225,18.163041993,13
221,16.9358113451,13
351,21.779472672,13
351,21.779472672,13
157,15.4486506518,13
79,10.984271765,13
177,16.5007603848,13
401,21.6297891841,13
373,21.1498383602,13
355,21.289892491,13
163,15.9417517709,13
173,15.6515397203,13
127,13.6278975501,13
257,18.867545253,13
243,17.491892074,13
303,19.8978297382,13
241,17.331881289,13
353,21.279639369,13
191,16.193480554,13
293,19.987288227,13
361,21.571359599,13
177,16.140532081,13
307,20.596559101,13
411,22.671233983,13
367,21.7071275393,13
271,19.4586396406,13
301,20.4535970728,13
389,22.0676937795,13
471,24.0085902398,13
347,21.5727353216,13
297,19.34035914,13
297,19.0113008123,13
225,17.4568748213,13
191,16.4614652946,13
209,16.73263824,13
197,16.9071918498,13
275,19.733607138,13
403,22.0539837154,13
283,19.933545451,13
279,20.074601687,13
193,15.9194766215,13
391,22.496376224,13
369,21.6488657817,13
369,21.6019901781,13
259,19.8906952331,13
391,22.5811724792,13
333,20.4893794811,13
265,18.9411609404,13
467,23.903359486,13
213,18.480058956,13
401,22.675995408,13
299,20.3081997931,13
311,20.731152711,13
249,18.5683855011,13
405,21.9690061556,13
131,15.1165471717,13
477,24.041562501,13
267,19.410084302,13
165,16.2338104141,13
221,17.546232085,13
179,15.9067680211,13
333,21.033668055,13
313,20.4893763667,13
207,18.179340454,13
395,22.490023789,13
223,17.66793059,13
331,21.152008038,13
345,21.480085365,13
371,21.6879934001,13
465,23.2472957684,13
491,23.976376787,13
289,20.130642112,13
297,19.5613285637,13
287,19.8694114601,13
319,20.5131998602,13
261,19.3547163348,13
211,17.8544369589,13
241,18.6384942537,13
171,16.674483961,13
257,18.855940675,13
253,18.1349406812,13
309,20.666963013,13
441,23.0987725918,13
357,21.2724231093,13
361,21.7585649987,13
311,20.7131273993,13
369,21.4250796394,13
509,24.44234161,13
265,18.9239662498,13
197,15.9998585918,13
245,17.269560995,13
343,19.3189813242,13
393,22.4770401127,13
335,19.081062399,13
233,17.060667795,13
241,17.005601765,13
407,22.4328462187,13
235,18.2241722514,13
313,19.218692996,13
275,19.578615263,13
415,22.4716528619,13
335,20.240292242,13
331,20.2509609476,13
423,22.0481958565,13
243,18.498333163,13
289,18.1268015999,13
275,18.9082596646,13
193,16.5308925856,13
205,16.579196763,13
151,15.4775968055,13
259,18.162870585,13
289,19.71638945,13
283,19.7269351546,13
275,19.513729527,13
351,20.88219643,13
99,12.6596980231,13
113,12.516597835,13
413,22.5215641513,13
315,20.4699740733,13
405,22.449872887,13
333,20.9774194627,13
229,18.34124101,13
225,17.9946725211,13
243,18.046490249,13
171,16.5912623289,13
357,21.1580710805,13
195,17.7109952086,13
287,18.7657687475,13
259,19.5199132595,13
221,17.209771748,13
265,17.704581698,13
343,20.4654334853,13
279,18.3409809578,13
305,20.8432271002,13
369,22.0896499159,13
337,21.393892445,13
467,23.9710786372,13
401,22.7800912855,13
353,21.6393082491,13
189,17.7745165001,13
345,21.740276019,13
369,21.9216066144,13
303,20.564551806,13
371,21.6921108214,13
377,22.2135489694,13
529,24.5318427566,13
217,17.5700060505,13
257,18.6407740212,13
321,20.761248838,13
267,19.3120637525,13
289,19.91357028,13
353,21.5362157443,13
255,19.054049114,13
393,22.5412550739,13
327,20.7362210228,13
349,21.3290359563,13
263,19.510457523,13
239,18.509825253,13
147,15.5974062764,13
327,21.3733694103,13
447,23.0491164946,13
319,20.834591342,13
329,20.807938831,13
383,22.2211213143,13
415,22.8456830021,13
485,24.0312763365,13
189,17.194893557,13
395,22.91116624,13
263,19.704880185,13
305,20.299244897,13
243,18.234050059,13
95,11.0068873488,13
243,17.8778818736,13
265,17.7317437649,13
219,16.684882953,13
349,20.90070026,13
341,21.0440364793,13
215,17.227962706,13
371,22.4169694382,13
311,20.305098136,13
243,17.853016502,13
261,19.0639974764,13
159,15.7010247569,13
181,16.4469328297,13
285,19.0205370299,13
189,17.3812894273,13
215,17.883665129,13
239,16.9889609765,13
243,17.206675253,13
61,8.7654552681,13
127,13.548055204,13
213,17.0003303648,13
179,15.2885192283,13
137,13.7019256981,13
351,21.1276765482,13
439,23.0383031243,13
443,23.640967111,13
177,16.0858465865,13
105,11.919905224,13
91,11.109934377,13
405,22.974229159,13
93,12.0702634168,13
347,21.721993587,13
475,23.6487765022,13
245,18.8085262235,13
315,20.998984332,13
131,13.2683570569,13
209,16.5362048109,13
247,17.729990775,13
305,20.2733413809,13
383,22.1773313337,13
383,22.202983086,13
485,23.875732229,13
269,19.7934317509,13
125,13.1430879622,13
333,21.0336680549,13
197,17.822441739,13
393,22.7542865156,13
367,22.065014841,13
369,22.0195219795,13
183,16.3012646822,13
153,15.063682431,13
109,12.2536696889,13
255,18.9260573425,13
455,23.366034457,13
231,17.4728744324,13
179,16.012183114,13
111,13.404914647,13
249,18.507803627,13
387,21.5263215012,13
193,16.77685632,13
235,18.137589817,13
317,21.216293317,13
265,19.6780935888,13
135,15.237207863,13
203,17.411280988,13
185,15.8854712689,13
241,19.0226611713,13
287,20.098375958,13
287,20.70768092,13
377,22.239804499,13
271,19.7977571568,13
297,20.5503891647,13
301,21.049277211,13
365,21.9088610608,13
257,19.604773917,13
251,19.2580014,13
381,22.3383417111,13
273,19.7028727937,13
279,19.438839332,13
455,23.1473419373,13
195,17.0494076084,13
447,23.24248376,13
167,15.6011193025,13
169,15.3762812555,13
175,16.2126468423,13
307,21.05522553,13
101,12.3201824622,13
441,23.1666373618,13
423,22.9134799865,13
213,17.5503288417,13
443,23.484123983,13
439,23.741051801,13
265,19.3834912019,13
329,21.357877299,13
293,20.403823417,13
339,20.2745625807,13
283,20.6625696681,13
331,21.6749882947,13
275,19.2983784385,13
365,21.828586435,13
275,20.1805536464,13
385,22.8491492538,13
559,25.531991399,13
211,17.5732001661,13
339,21.0945166818,13
351,21.2855375235,13
213,17.9735938088,13
133,15.0945978171,13
231,18.6969800203,13
495,24.6880689335,13
309,20.280215244,13
185,17.3618464077,13
323,20.9753929084,13
417,23.3692576177,13
423,23.501749267,13
349,21.5726451104,13
427,23.494825737,13
393,22.9793887897,13
343,21.931887725,13
399,22.9477672263,13
195,16.9744290634,13
251,18.8132226455,13
309,20.2309140964,13
217,18.011180167,13
353,21.889187607,13
401,22.789838675,13
225,18.0563188209,13
461,23.9906848821,13
359,21.5775899142,13
253,19.422604188,13
591,25.756821401,13
419,23.613131962,13
307,21.02430302,13
487,24.388342599,13
315,21.365985458,13
419,23.1147755583,13
237,19.0160113798,13
227,17.7244055795,13
223,17.6861426791,13
429,23.1720422459,13
177,16.208549888,13
499,24.435097645,13
425,23.1755132779,13
371,22.1314890737,13
215,17.516836399,13
519,24.708291783,13
441,23.4332763443,13
317,21.1443371636,13
209,18.47468278,13
381,22.6816361315,13
465,24.060092438,13
497,24.2176531533,13
171,14.8902860535,13
235,18.5399224651,13
261,19.259417565,13
173,15.0958489021,13
223,16.874513003,13
463,23.9222999349,13
143,14.0808103795,13
521,24.900521573,13
521,24.5509485391,13
331,21.553028793,13
221,18.6226229874,13
441,23.6116864131,13
321,21.413311285,13
419,22.863930728,13
381,21.6988037415,13
375,22.6247100632,13
233,19.16029063,13
263,20.3196745506,13
421,23.203210689,13
399,22.5636056096,13
401,22.5123864168,13
239,19.136627369,13
329,21.0913820695,13
301,20.433653136,13
239,19.0634318156,13
337,21.5893875671,13
429,23.50295752,13
153,16.83539811,13
419,23.3090658424,13
261,19.6287378977,13
341,21.7840252293,13
409,22.774931259,13
383,22.5002920059,13
319,21.497023762,13
517,24.8729744075,13
243,19.022869237,13
351,21.851955913,13
423,23.111446126,13
319,21.3623409022,13
135,15.686247682,13
347,21.2607739044,13
463,23.835403576,13
423,23.0689935944,13
441,23.4338698031,13
425,23.0313149248,13
297,21.045614184,13
335,21.544526064,13
111,13.4154434994,13
447,23.8207670942,13
195,16.8378192527,13
255,19.2874711017,13
217,18.017932154,13
255,19.231202112,13
363,22.0952991276,13
187,17.141145674,13
317,21.0941544644,13
161,16.5687980095,13
353,21.367629099,13
429,23.242807841,13
209,17.789386075,13
115,13.8506635106,13
281,20.486314768,13
359,21.6749946874,13
391,22.7648755348,13
349,21.964031705,13
343,21.87742871,13
219,18.411927325,13
325,21.299820586,13
371,22.5025587322,13
319,21.1815151423,13
241,18.941453715,13
399,23.0791398799,13
229,18.8390497696,13
245,18.8950004891,13
399,22.326579035,13
363,22.1384438374,13
387,22.8324714065,13
357,22.3357151501,13
377,22.0111272694,13
429,23.572454176,13
293,20.2954933605,13
327,21.7300048696,13
329,21.6309980136,13
383,22.1037659867,13
211,18.4033153134,13
115,11.8549693471,13
193,15.7119770117,13
465,23.454316896,13
67,9.0271857339,13
119,12.5479791836,13
89,11.112361264,13
441,23.6875396908,13
481,24.179318501,13
461,23.7669591451,13
305,20.664422599,13
231,18.5061602351,13
451,23.7117101148,13
277,20.6218453071,13
255,19.1427010599,13
277,19.409487157,13
235,18.8634386208,13
183,16.8049674838,13
275,19.6923444467,13
241,19.035241983,13
145,13.9002406147,13
47,6.5108981214,13
59,8.5779923304,13
31,5.2086109485,13
109,16.5918845033,13
101,14.3821322949,13
107,16.372814497,13
129,16.7778539937,13
43,14.836650872,13
69,17.318162564,13
125,16.6101947769,13
49,16.9344969205,13
121,17.9421204389,13
177,18.632668629,13
99,15.1449259893,13
261,21.2856804308,13
139,17.2645441023,13
183,19.181825403,13
175,18.468211324,13
125,17.3320733337,13
71,12.0650863511,13
61,11.8964020867,13
61,17.5503980489,13
87,15.5812379761,13
143,16.9957127949,13
101,14.940677637,13
85,15.577629412,13
61,13.2002604093,13
79,13.8540254494,13
47,14.4392553545,13
75,15.17190856,13
147,18.075408965,13
57,16.5823453781,13
51,14.776803861,13
61,14.8164009713,13
135,17.6677503096,13
73,16.6197306881,13
41,16.4314222615,13
171,18.6338852526,13
201,19.2493097233,13
43,15.8439978593,13
191,19.1663844143,13
155,17.4262678513,13
163,18.347115962,13
155,18.0163583163,13
139,17.638871673,13
67,15.2595971743,13
107,17.004548204,13
51,15.7728698669,13
165,18.244366508,13
87,16.1554070945,13
141,17.8390740089,13
195,18.4429505405,13
77,16.0146295093,13
101,16.248306338,13
73,16.709182774,13
125,17.6906673338,13
123,17.0520426501,13
131,16.7922576074,13
47,14.5314601554,13
63,17.3640835997,13
31,9.9373253765,13
103,13.9000808792,13
27,12.7760952258,13
135,16.560620294,13
27,11.9671597399,13
101,17.2984526795,13
139,16.2607262024,13
123,18.1106072213,13
33,14.178142414,13
93,15.5313499379,13
117,15.380609959,13
147,16.30944855,13
49,14.8330030526,13
63,15.1639132549,13
77,16.381458514,13
159,17.6188766375,13
131,17.826298683,13
125,17.0172751164,13
143,17.582007831,13
49,14.1408797739,13
159,17.3914122032,13
43,14.5362244595,13
23,10.3974448,13
61,13.8992663842,13
93,14.1382034845,13
97,16.7273478303,13
67,15.9260441412,13
101,16.0877424868,13
67,14.141365968,13
39,13.998685643,13
81,15.9270835373,13
135,18.5054317534,13
41,14.632980427,13
25,11.3674817762,13
29,10.8248260811,13
183,18.7784409567,13
159,17.935576091,13
51,16.666900976,13
43,15.1317440645,13
31,13.9416442653,13
41,15.2766083478,13
191,19.810639311,13
151,18.839959859,13
143,18.2076417801,13
97,18.5711635477,13
155,17.9762456879,13
171,18.5059876585,13
177,19.2296974276,13
107,14.9511670031,13
85,14.021197765,13
83,14.2524587661,13
139,15.9160809635,13
37,11.4995572799,13
47,14.2694843391,13
111,17.0933475932,13
153,18.473106668,13
171,18.569072593,13
35,13.5439769227,13
459,21.250024357,14
473,22.2048852519,14
645,24.704708945,14
627,24.5239882054,14
503,22.7167000038,14
367,20.3672841976,14
405,20.7203932663,14
477,22.836670246,14
431,21.3492977626,14
609,23.7643604,14
329,19.315046745,14
523,23.27435003,14
391,20.7383933315,14
507,22.6034707045,14
291,18.262395092,14
341,19.525044005,14
571,24.082863467,14
473,22.4786379969,14
433,21.524027731,14
395,20.438600967,14
333,19.7041295935,14
613,24.7849739231,14
583,23.9381516642,14
359,19.58239628,14
379,20.13143874,14
551,23.8955948276,14
369,19.898991309,14
657,24.9821934513,14
365,21.0638294304,14
329,19.612271229,14
415,21.6271515309,14
343,20.287505758,14
417,20.9205770388,14
385,21.242374044,14
741,25.9520515284,14
675,24.869021474,14
353,19.9047547832,14
571,23.155889198,14
405,21.1382762433,14
439,21.3023601183,14
295,19.0857531618,14
327,19.190997232,14
483,22.3986640392,14
613,24.1588428918,14
315,19.171916224,14
589,23.6166405503,14
847,26.9652326777,14
463,22.1760993074,14
835,26.77880342,14
651,25.494042598,14
435,20.709560869,14
417,20.079230588,14
361,19.9638047753,14
307,18.8803566013,14
735,26.1118733562,14
711,25.8572670523,14
645,24.879178597,14
657,24.637281766,14
449,21.732087471,14
713,25.753409301,14
463,22.574630743,14
709,26.205863344,14
611,25.2929880367,14
535,23.694536224,14
505,22.8229702662,14
419,21.028691357,14
541,23.256525495,14
423,20.1232978229,14
657,25.1423032705,14
545,22.935551206,14
749,26.3926681131,14
603,24.7180158602,14
523,22.936243257,14
463,21.741387664,14
465,22.0314597788,14
561,23.812919176,14
567,23.9993942789,14
629,24.8660231338,14
611,24.4120715704,14
469,23.185154694,14
703,25.714105976,14
391,21.427723052,14
297,19.334421486,14
573,23.188648231,14
477,22.1235070647,14
479,22.74438971,14
547,23.753211696,14
665,24.621836003,14
815,26.8565997613,14
391,20.809025813,14
441,21.0770824132,14
609,23.714589875,14
403,21.698849098,14
431,21.53865354,14
385,20.6999747012,14
603,24.365789531,14
451,22.7154091082,14
539,23.687137747,14
537,23.4959146018,14
497,23.277337404,14
475,22.8265934263,14
583,24.245800784,14
431,21.869714665,14
495,23.55255553,14
769,26.4483278239,14
385,20.9067679593,14
363,20.6929406089,14
491,23.0135972627,14
423,21.971142248,14
549,24.146029524,14
159,14.1840467266,14
607,23.031829543,14
479,20.883442435,14
465,22.13575315,14
449,22.119389573,14
647,24.0360413424,14
505,22.730107664,14
301,18.3748629235,14
495,22.7426473203,14
405,21.309721233,14
719,25.9052402113,14
639,24.879326914,14
711,25.978817913,14
417,21.0464890878,14
699,25.4743222722,14
711,25.869108581,14
443,22.749208375,14
373,20.220920599,14
667,24.53876422,14
175,15.4687302419,14
675,25.0349690483,14
285,17.1173193729,14
199,16.7028293718,14
273,18.534457034,14
471,22.659147063,14
423,20.9357287701,14
525,23.5576705761,14
521,23.3053217011,14
443,22.6277005207,14
243,16.7044117514,14
597,24.180888287,14
403,21.27234479,14
531,23.843500676,14
519,23.493610668,14
491,22.2830638792,14
549,23.784807844,14
431,21.072418613,14
437,20.9175066593,14
607,24.2772977773,14
613,23.949176912,14
389,21.411315809,14
357,20.9992269234,14
523,23.6749223438,14
391,21.079729925,14
617,24.3628408978,14
703,25.490676855,14
603,24.473145358,14
615,24.575403164,14
499,22.9748506596,14
211,16.064998411,14
639,24.1332398644,14
825,26.4019819337,14
549,22.955390952,14
529,23.685995415,14
653,25.1472962251,14
725,25.869081592,14
457,22.9272314092,14
487,23.302627167,14
695,25.1474264599,14
559,23.794876639,14
381,19.2441754426,14
629,24.542032203,14
621,24.6493219277,14
303,18.4618533263,14
635,24.5134992984,14
449,22.383301055,14
505,21.3131384211,14
203,16.6321426135,14
581,24.2959998316,14
261,18.022948012,14
451,22.3018369896,14
199,14.7562860574,14
553,23.4174339438,14
449,22.128953281,14
507,23.1341577592,14
247,17.691699363,14
669,25.097061391,14
371,21.186200907,14
507,23.0161364138,14
365,20.6184608433,14
535,23.0993464251,14
735,26.019512354,14
713,25.7803602195,14
507,22.4094375396,14
587,23.7398416122,14
401,21.4530292273,14
531,24.129476922,14
551,23.324011591,14
649,25.23183716,14
481,23.2057658002,14
527,23.4651847101,14
855,26.8870490458,14
611,25.012000239,14
579,24.745719566,14
589,24.2331308719,14
511,22.649873346,14
273,18.8678992752,14
495,23.132193204,14
607,25.051450258,14
657,25.0094970826,14
641,25.312482251,14
707,26.11256311,14
683,25.791204085,14
595,24.3015386537,14
333,20.8329550377,14
509,22.9403838521,14
601,24.140619624,14
451,22.408479945,14
477,23.1798883204,14
743,26.3456048138,14
747,26.2885085267,14
223,15.694170117,14
223,15.8611352534,14
269,16.7966982638,14
335,18.4736806816,14
259,17.0430818143,14
229,16.3689675269,14
113,12.7817037892,14
417,21.5819847791,14
211,15.4897356514,14
527,23.9135610538,14
371,20.5084229772,14
357,20.3899004978,14
465,21.905416683,14
597,24.5892582871,14
383,21.907895355,14
305,20.345366224,14
465,22.4977639022,14
357,19.9178009004,14
567,24.2793748115,14
115,13.0482249133,14
827,26.8424633604,14
839,26.9713118834,14
445,21.4597847452,14
741,26.009209453,14
429,20.052141073,14
765,26.4872490805,14
685,25.785638215,14
749,26.8009049819,14
447,21.3258292392,14
281,17.6483227328,14
505,22.62615927,14
889,27.8852848651,14
629,24.900996198,14
599,24.481378199,14
431,22.0049918317,14
509,23.8005309388,14
931,28.2872046125,14
585,24.382273889,14
413,21.883071927,14
317,19.183994658,14
539,24.3805017468,14
599,25.1098699451,14
273,19.1826603422,14
595,24.988752625,14
525,24.097698245,14
743,26.6349747416,14
497,22.255363581,14
487,23.0056752008,14
583,24.927638706,14
647,25.163118154,14
457,22.009932902,14
459,22.191411788,14
357,21.304967514,14
453,22.9565455358,14
389,22.243650251,14
733,26.4284613262,14
597,25.132587249,14
499,23.44154343,14
445,22.817136561,14
555,23.114994193,14
197,15.0401149833,14
159,14.0090735698,14
913,28.1120698727,14
785,26.8606346717,14
383,21.0489240586,14
347,20.5408040104,14
759,26.544155368,14
517,23.2748106,14
575,24.428633728,14
569,24.0498203038,14
547,23.822453091,14
489,22.988521336,14
613,24.716096752,14
533,23.981517891,14
455,22.9426595456,14
579,24.538226074,14
359,20.307081978,14
305,19.8665657537,14
589,25.034511737,14
383,21.505515491,14
447,23.2258275582,14
287,20.089135858,14
433,22.4732830726,14
551,24.0205649191,14
265,19.769579129,14
567,24.2508668878,14
461,22.562437489,14
707,26.0290381492,14
579,24.3396408463,14
353,20.782348138,14
429,21.7526757938,14
559,24.164627106,14
375,21.4850817206,14
529,23.3989192272,14
559,23.915164171,14
473,23.2584106656,14
597,24.582823497,14
447,22.7343975329,14
365,21.3399487421,14
489,22.550501649,14
315,18.7703514734,14
405,20.9221583247,14
259,18.5318723225,14
371,21.202810677,14
435,22.6937976,14
477,22.9880859663,14
713,25.9694263182,14
477,22.86175036,14
441,22.482862154,14
469,22.952533727,14
497,23.5439928302,14
389,19.2017841673,14
189,14.9492251924,14
53,6.56860931492,14
491,23.6708325516,14
209,17.5179648341,14
421,21.9645126125,14
123,12.686376682,14
125,13.957538248,14
145,18.1459592014,14
241,19.351081733,14
203,21.5840891281,14
157,21.2597415512,14
105,18.8504671282,14
203,18.573087045,14
283,20.1329795606,14
207,19.5271349435,14
281,21.3253717095,14
255,20.4764955152,14
183,20.748524159,14
205,20.7109183498,14
251,21.3677289938,14
259,21.378929629,14
243,20.8986352547,14
177,19.996961865,14
237,19.3995600592,14
169,16.330036224,14
275,20.665015763,14
209,19.282043499,14
317,20.891896873,14
249,20.114902043,14
25,12.840921158,14
135,20.495964561,14
291,21.956579712,14
213,18.4702325808,14
341,22.6224458642,14
111,18.549212116,14
137,19.734119871,14
199,20.636534754,14
147,19.7872256499,14
109,17.7830512055,14
203,17.7146727593,14
161,17.2634662603,14
127,15.942160012,14
129,18.0139830021,14
265,19.747434332,14
75,17.484819868,14
169,19.6661329777,14
291,22.160169684,14
53,16.9099037952,14
159,19.804833315,14
123,16.298416146,14
21,13.1081059857,14
191,20.8144028553,14
153,19.8308231047,14
227,21.8438220333,14
103,18.863549357,14
97,19.373931893,14
281,20.793946025,14
91,16.9930026768,14
197,18.5664079862,14
41,15.8463903193,14
191,20.305389117,14
33,13.6726653885,14
127,18.1942715339,14
125,15.9651043133,14
175,17.8370430354,14
75,16.025256437,14
31,12.8253359846,14
49,15.6209873519,14
217,20.2734644819,14
175,18.802633858,14
245,20.3313154954,14
211,19.3330856132,14
163,17.67813813,14
213,18.2654663482,14
89,14.4227564539,14
163,19.77415527,14
155,19.0909649943,14
229,18.3130540352,14
235,20.6998321946,14
153,19.3466015732,14
161,18.781514638,14
155,19.0909649943,14
55,17.70109357,14
261,21.4416736559,14
233,19.1993199395,14
205,20.63495096,14
159,17.7643929076,14
213,20.157141011,14
131,19.138902731,14
97,19.0827556934,14
173,19.6053381404,14
173,19.2158819544,14
317,22.082076557,14
73,18.4937322493,14
141,18.953127053,14
119,19.4597839848,14
237,19.7042921892,14
89,17.4299635096,14
243,20.5999107912,14
181,19.5278408771,14
287,21.0328533118,14
275,21.070363915,14
153,20.847076854,14
217,20.3300554357,14
201,18.0949733724,14
111,20.426498673,14
77,17.9555623065,14
215,20.0448397489,14
257,20.7671115455,14
67,16.4873529829,14
137,19.3935830959,14
273,21.1804594322,14
125,19.7159879655,14
327,21.9049220669,14
189,20.00507605,14
115,17.5260325891,14
101,20.087767541,14
159,20.3316256182,14
243,19.945742169,14
233,20.9238324437,14
89,19.3494832457,14
415,23.7486267894,14
275,21.623454433,14
297,20.9075496112,14
207,19.687512056,14
131,20.2880488982,14
257,20.8436268899,14
165,19.151113749,14
267,21.0558350987,14
165,19.138423723,14
115,19.5075378426,14
181,19.068286189,14
39,14.6186354185,14
39,14.0665642562,14
97,19.365425854,14
101,18.484468861,14
169,20.876067115,14
181,20.0247071206,14
229,20.988275318,14
117,19.8769114444,14
147,20.5478950553,14
115,15.7994972457,14
39,14.9525263766,14
219,20.610946953,14
231,19.9506881387,14
33,13.3616719115,14
123,17.1567498,14
207,18.9586788878,14
49,14.8602150242,14
149,18.599412155,14
153,18.005190153,14
57,17.480146651,14
43,15.9551237719,14
303,20.072243135,14
103,19.4508956402,14
101,16.913607954,14
55,15.8336358654,14
279,20.9177193653,14
165,20.3078065899,14
51,13.6952723885,14
121,18.4234651203,14
239,19.801353156,14
229,19.5084070868,14
125,15.4401698693,14
261,21.308174182,14
109,18.0712201976,14
95,19.0342263072,14
159,18.902712412,14
151,18.854442017,14
115,16.7788446081,14
247,20.988725842,14
169,19.6967502208,14
197,18.636683273,14
307,23.0574987891,14
93,16.7608788707,14
71,16.0756512457,14
173,19.3784335974,14
325,22.648411018,14
75,15.5145202812,14
311,21.594187624,14
227,21.0131972083,14
221,20.510417332,14
289,20.9848623045,14
117,17.7263540154,14
99,19.6152579093,14
155,18.959812994,14
189,19.770117143,14
133,20.044039987,14
285,20.852774154,14
69,17.5366720777,14
101,19.1526107891,14
161,18.424746879,14
203,19.6808896407,14
271,21.644440856,14
235,21.030202448,14
67,17.713376274,14
61,17.9130357304,14
53,13.0231280816,14
63,17.49220242,14
95,17.7177219536,14
141,17.5470280427,14
295,21.567048968,14
215,19.847352267,14
313,21.832557799,14
175,18.0230528646,14
161,17.3381038287,14
115,17.2679815003,14
363,22.9721412408,14
21,12.574503141,14
233,19.869811625,14
101,16.6441610956,14
33,14.639185777,14
165,18.7710461796,14
107,17.2804121249,14
47,15.3294569053,14
161,18.1064160101,14
31,11.5597271605,14
255,20.4649297931,14
205,19.056587181,14
143,17.9310269235,14
285,21.802685108,14
143,18.9283125763,14
171,18.514522811,14
111,18.9185315913,14
207,19.064072213,14
261,21.713641992,14
235,20.3813612677,14
143,17.081250528,14
179,19.7927578578,14
101,16.6880862681,14
245,19.7683439119,14
123,15.6099372514,14
249,19.9267271693,14
89,16.468131476,14
275,20.9482110312,14
297,21.46950411,14
297,21.46950411,14
71,15.8444865546,14
221,19.239457093,14
239,20.642623914,14
131,16.8858090176,14
131,19.040111751,14
95,13.6409625535,14
47,16.621145355,14
217,19.116093091,14
69,15.708824635,14
95,18.6563934507,14
189,18.1421246829,14
15,9.9403428207,14
45,17.1973086378,14
53,17.040748049,14
265,21.7992689025,14
143,19.073908287,14
213,19.9972986641,14
213,21.461117685,14
139,19.7029323583,14
49,15.4605304875,14
27,13.618503186,14
203,20.2014375499,14
179,19.4027965781,14
397,23.861973372,14
233,20.3480868188,14
193,21.2718012156,14
149,19.083466009,14
347,23.389925547,14
323,23.0736840347,14
119,20.081163594,14
299,22.7150720453,14
141,20.273881316,14
193,18.0718927105,14
71,15.4760903061,14
123,19.7233582383,14
337,23.4034280782,14
165,19.639248489,14
47,16.268632027,14
293,21.3246011509,14
99,13.5565375689,14
93,13.6898569974,14
173,20.3367854839,14
165,16.374355349,14
261,20.550209351,14
197,18.941225968,14
209,19.1155989083,14
253,20.179054495,14
67,17.5030308988,14
169,18.5482984032,14
43,14.5876337893,14
257,20.570147873,14
177,17.6569607278,14
77,17.372065762,14
177,20.6101438415,14
123,18.0558065161,14
107,16.6550191798,14
229,20.537582937,14
131,18.617938247,14
57,17.5271443348,14
195,21.1527143655,14
93,19.9246376316,14
283,21.2928660844,14
61,18.0386206632,14
173,19.8399187993,14
111,18.1781752095,14
133,19.2402878113,14
113,21.3132424291,14
195,20.7994078394,14
97,20.766165099,14
265,22.3375801147,14
137,18.9173133379,14
195,20.029672165,14
343,22.3685136966,14
105,18.84259246,14
65,14.7287336977,14
195,19.381065792,14
209,19.89836426,14
355,23.0610784575,14
147,19.2980452862,14
307,22.8390993336,14
131,18.579290538,14
167,20.3825806279,14
181,20.1677636243,14
81,17.43113275,14
73,15.9310857522,14
55,16.5364423452,14
233,20.858802397,14
247,21.676115268,14
81,16.8524008507,14
243,20.4642261546,14
225,20.384725309,14
35,15.1816126645,14
95,19.3961237915,14
239,21.4048195773,14
251,22.468471334,14
129,18.0269805378,14
221,21.234242499,14
275,21.923698296,14
167,21.9477280765,14
101,19.8873821773,14
189,19.3025007681,14
119,16.6132036669,14
121,19.182071455,14
185,18.3887739893,14
63,14.6860502957,14
85,15.7388832426,14
173,20.5097486278,14
49,16.1044115343,14
49,15.685775335,14
125,20.466912091,14
119,18.529404733,14
201,19.1780587457,14
81,15.4441803652,14
201,20.5255463043,14
261,21.0458681601,14
47,13.7932385806,14
243,19.6024676253,14
163,19.8770830023,14
157,19.131499968,14
171,21.4825328076,14
95,19.0757723734,14
41,12.7860247141,14
127,15.2716133082,14
73,17.4130522928,14
159,20.9402195088,14
287,22.030105503,14
139,17.9750077173,14
89,18.1287401571,14
79,18.058835154,14
349,22.280122178,14
853,25.0385295069,15
1069,27.107694306,15
635,22.5945026185,15
457,20.128102943,15
793,24.521450862,15
541,20.9583267444,15
859,25.6777084737,15
693,24.563807367,15
509,21.796493496,15
539,20.351193098,15
665,23.5748786972,15
779,24.742014605,15
667,24.19440159,15
675,23.355262141,15
591,22.5228461932,15
895,25.923332327,15
945,26.1092229438,15
945,26.1092229438,15
989,26.7528284965,15
359,19.6704374142,15
943,26.4669639845,15
891,25.466876627,15
793,24.430646547,15
807,24.1695250455,15
1159,27.8944382218,15
1057,27.3696485829,15
467,20.888150735,15
1027,26.742808916,15
1001,26.5559467752,15
1009,26.9270888003,15
1131,27.647365016,15
713,25.020238911,15
567,23.5879500621,15
899,25.8945213423,15
1015,27.303427324,15
1089,27.460596331,15
475,21.660723123,15
539,21.9066418661,15
601,21.909036565,15
853,25.928297978,15
1125,27.738203786,15
609,22.5964983436,15
399,20.0796438865,15
975,27.0077439448,15
973,27.0677364658,15
321,19.0613329781,15
695,23.018144945,15
267,17.0583793138,15
985,26.128421036,15
907,26.0433342665,15
727,23.6323383148,15
339,18.474680732,15
809,25.249332801,15
651,22.9485414557,15
553,23.0483877316,15
1011,27.1453794614,15
497,21.023718137,15
599,22.668601178,15
737,24.6587981425,15
1169,28.6424098337,15
999,25.9556705007,15
1073,27.6911288432,15
901,25.906289916,15
713,23.7124544588,15
813,24.595595156,15
931,26.278493229,15
787,24.8952393298,15
987,26.4783599551,15
789,24.5729350977,15
1225,28.7172197413,15
667,23.720053969,15
895,25.9177245777,15
673,23.132924757,15
1187,28.0723049426,15
1221,28.363170541,15
707,23.8678663045,15
979,26.4114644374,15
543,20.365552008,15
859,25.425709675,15
839,24.3642584,15
555,21.2940878767,15
717,23.3093428,15
649,23.4096901234,15
469,21.5127904895,15
977,26.911896444,15
631,23.416833903,15
803,25.557599456,15
711,23.915259115,15
797,25.3955172284,15
799,25.1173912583,15
1041,26.647981608,15
779,24.963604919,15
717,24.2466184613,15
621,22.6768417489,15
171,13.971327848,15
1173,26.958256158,15
909,24.5701407177,15
907,25.259633661,15
1301,28.6245131303,15
855,25.2049633785,15
753,24.7677464303,15
869,25.90480918,15
867,25.913657243,15
1005,26.19740208,15
1031,26.8757039399,15
331,18.3857249336,15
909,25.669916469,15
367,19.4749486543,15
367,19.4749486543,15
675,24.479836579,15
1105,27.724794377,15
695,25.456554383,15
451,21.138276448,15
739,24.507296671,15
1057,27.807876657,15
1125,28.3959142805,15
869,25.2488980462,15
943,26.478801066,15
851,25.680156821,15
403,20.7150354724,15
747,24.885869777,15
1213,28.478698642,15
741,25.6105932543,15
945,25.9959824414,15
563,22.862085686,15
883,26.050623914,15
861,25.7267332153,15
681,23.476540099,15
659,22.9167792824,15
559,23.0713652423,15
871,25.809154397,15
711,25.647976894,15
947,26.860564698,15
859,26.578066469,15
1063,27.081377714,15
733,24.7401852738,15
867,26.9996362626,15
1235,27.6552507835,15
981,27.262597998,15
547,22.668067696,15
593,23.4249840866,15
577,22.8259138961,15
1311,28.4697891011,15
325,18.1080976362,15
637,23.5521802874,15
763,24.593065256,15
389,18.7092326644,15
895,25.3925293575,15
349,18.2407633555,15
887,26.8178580769,15
603,23.7461129316,15
917,25.8253197703,15
1029,27.2416210827,15
605,23.0814248627,15
833,25.7260496401,15
1009,27.1000418794,15
1083,27.1790405669,15
463,22.009680308,15
959,25.9330311026,15
809,24.9715842985,15
607,22.8002722861,15
823,24.8114600776,15
745,24.837586278,15
1061,27.595439014,15
559,23.017307447,15
633,22.80961442,15
627,23.8726488764,15
1109,28.104744296,15
603,23.2977540536,15
443,20.2808859085,15
341,18.0187496741,15
727,25.2139272921,15
351,19.2752715798,15
663,22.004454196,15
673,24.39535482,15
765,23.6889539193,15
675,22.1374651096,15
875,25.266693352,15
847,25.3221985265,15
841,24.369725233,15
543,22.504996639,15
971,26.0602476508,15
517,20.008327762,15
999,26.017233288,15
885,25.0053928468,15
907,25.278161584,15
755,24.055215824,15
539,21.436190907,15
819,24.658315653,15
725,24.36449781,15
1167,27.88068387,15
937,25.379003861,15
433,20.8981119808,15
801,25.4099994194,15
981,26.12458754,15
909,26.0159262603,15
779,24.8826210919,15
719,22.930340053,15
991,27.193488144,15
979,27.343309076,15
775,24.259310539,15
751,25.1875881822,15
845,26.400469688,15
769,25.741882359,15
1107,28.012105128,15
1219,28.4015337808,15
961,25.6534604294,15
1427,30.068201681,15
1027,26.207342755,15
641,24.1331786285,15
679,24.2729961133,15
835,26.0337672083,15
721,25.071601736,15
253,15.5746308932,15
497,19.9663517126,15
1041,27.8092456022,15
973,26.8860163235,15
897,25.582144818,15
615,23.7805566738,15
493,20.7563734625,15
603,23.9098846585,15
647,24.584952486,15
1029,27.6238511771,15
781,25.205864746,15
775,24.660343293,15
955,26.933548533,15
1287,29.256039676,15
559,22.5290157406,15
911,26.644631293,15
979,27.3195332553,15
877,26.1060076923,15
1071,27.303269552,15
903,26.2140355382,15
715,25.362411164,15
605,23.811173244,15
1097,28.0288173307,15
1265,28.337523796,15
1067,27.4991082639,15
505,21.2759653097,15
585,21.6116169731,15
431,20.67782654,15
579,22.6151901709,15
967,26.060830963,15
1119,27.4770854765,15
579,22.8104891283,15
885,25.326146412,15
527,22.391523702,15
417,20.793577418,15
577,22.9001524122,15
857,25.991299156,15
907,26.3693479162,15
1091,27.0981958762,15
821,25.197417226,15
609,23.4949019181,15
1065,27.0364543923,15
787,25.4035594939,15
729,24.5936378038,15
527,22.4624017894,15
371,19.242625655,15
385,18.5297168241,15
667,23.7001575822,15
187,13.741365978,15
915,25.6391619606,15
803,25.2501304716,15
875,25.837592892,15
763,25.19647387,15
825,25.767394985,15
539,22.529854067,15
933,26.0918790774,15
667,23.741027294,15
487,20.587131507,15
575,23.407208688,15
1139,28.0841238639,15
785,25.787339603,15
667,24.060414957,15
475,21.3562701134,15
577,23.050727976,15
1519,29.889212171,15
761,25.406393552,15
885,25.5110217427,15
921,26.6003071363,15
685,24.468458465,15
955,26.765342541,15
799,24.1065795954,15
1003,27.196914422,15
1141,28.4527268163,15
1249,29.050499221,15
1471,30.1544272207,15
1339,29.4719991,15
869,26.0235029741,15
999,27.600232936,15
763,25.736649333,15
921,26.6492003442,15
1191,28.447943899,15
997,27.00698583,15
1021,27.6566096676,15
951,27.2410336883,15
1251,29.0508650319,15
1161,27.9711675797,15
829,25.5411654659,15
943,26.3183091832,15
849,25.481850871,15
1441,29.278282943,15
419,20.219622411,15
451,20.457947804,15
915,26.0401979558,15
259,17.421831763,15
539,20.9980589313,15
681,24.6648083766,15
785,25.889869046,15
1031,27.5296034569,15
943,26.889464572,15
465,21.378320555,15
707,24.6133723306,15
1047,27.837709885,15
853,26.048086251,15
841,25.692362098,15
1001,27.287858011,15
1051,27.584834875,15
1025,27.459927372,15
1175,28.4946217756,15
829,26.3005878348,15
661,24.264458976,15
697,24.5703429875,15
637,23.4002085698,15
593,22.991335411,15
503,21.8018600693,15
583,22.09195904,15
885,26.234246014,15
747,25.009610933,15
1083,27.8983730298,15
759,24.592492662,15
729,24.436409974,15
1071,27.3621658045,15
1027,27.4504358261,15
1127,28.0450057492,15
1199,28.9111374524,15
975,25.9783658426,15
811,24.6814986441,15
1101,27.1334665106,15
657,24.374609235,15
639,23.6453104419,15
1089,28.150051856,15
705,23.8819041685,15
1131,28.286208625,15
817,26.014568225,15
1219,29.185559974,15
1097,27.952729115,15
751,24.6834802228,15
639,23.95529642,15
859,26.154976235,15
567,23.4089351457,15
869,25.9102022763,15
737,24.9801125466,15
515,22.3376773263,15
471,21.4881970573,15
475,22.0346033115,15
1071,27.882221655,15
953,27.2847037885,15
1001,27.614901806,15
715,24.761448771,15
729,24.7122198604,15
837,26.2029313159,15
537,22.5064376003,15
1083,28.174550769,15
525,22.47104569,15
625,24.0121944694,15
693,24.402071137,15
983,26.1172330734,15
595,23.2352216959,15
899,26.727985817,15
623,24.0224017787,15
337,18.8762125592,15
987,26.751284383,15
583,24.039996904,15
993,26.6839307655,15
1153,27.9874860879,15
1175,27.9837540036,15
775,25.2265640392,15
1195,28.9886976852,15
1209,29.1165911449,15
553,22.4411849848,15
575,22.665784986,15
723,24.2750463581,15
663,23.5183912946,15
563,23.1435566654,15
693,23.2295936062,15
1207,29.03192086,15
601,23.367239414,15
1699,31.845320365,15
1059,27.354682062,15
927,27.038527834,15
987,27.2044970508,15
861,26.356739646,15
1437,30.4190553893,15
597,22.9076263464,15
859,26.500077207,15
723,24.51028628,15
1217,29.1472329986,15
515,22.807379884,15
815,25.7586962203,15
1153,29.1038448224,15
1087,28.398402675,15
1391,30.234860336,15
665,24.5046684237,15
903,26.3959236997,15
1037,27.085015674,15
905,26.2384146963,15
903,25.87196755,15
1133,28.4379701675,15
1005,27.746370651,15
785,24.1391545223,15
1311,29.46138805,15
1459,30.628358726,15
535,21.8280036551,15
903,26.887196268,15
551,23.0436726894,15
1241,29.048262303,15
869,26.7751793525,15
589,23.3020006651,15
1753,31.8436817347,15
689,24.358100316,15
863,26.385025223,15
633,23.630447668,15
661,24.8611526941,15
1161,28.6751930806,15
1123,28.5773225716,15
885,26.366109953,15
1259,29.2457713279,15
1101,27.8791090353,15
581,21.732332921,15
691,23.571815088,15
543,21.807912089,15
433,20.4259650689,15
893,25.7052992772,15
989,26.1316596425,15
657,25.104978347,15
1385,29.603883298,15
1109,28.7732669344,15
1045,27.3845126321,15
373,19.166742239,15
515,21.092189055,15
461,21.324892566,15
933,26.88874282,15
715,24.646349326,15
833,26.000490979,15
789,25.304742219,15
933,27.0615115549,15
1255,29.2528847417,15
1145,28.3102853365,15
599,24.0984958871,15
799,25.5746831959,15
665,24.778313967,15
1001,27.3055653795,15
441,21.6830922433,15
577,23.680912669,15
851,26.436218023,15
545,23.2720554155,15
865,26.349451482,15
1151,28.5350993513,15
1259,29.114998749,15
1149,28.688344155,15
803,26.0045025575,15
829,26.3677607017,15
545,23.700529751,15
551,24.015840427,15
1199,28.7676420608,15
1133,28.403142676,15
1063,27.795259988,15
913,26.477941443,15
817,25.5953919879,15
321,19.3376369095,15
1105,28.535627224,15
1035,27.7524134214,15
1625,31.020725182,15
569,22.9951351202,15
615,24.2000724306,15
891,26.8557453578,15
695,24.409426426,15
1197,29.13129091,15
483,21.8355739283,15
595,23.8140266321,15
799,26.1658946783,15
801,25.363295719,15
437,21.027433557,15
493,21.943525371,15
655,24.2049436172,15
653,23.812514748,15
837,25.905511113,15
417,21.4880563022,15
1135,28.225650546,15
15,0,15
313,21.3295088524,15
427,23.607647499,15
429,23.1143642071,15
389,23.4385936,15
405,22.481158087,15
309,21.6058781707,15
221,22.4803518233,15
275,21.0059019202,15
157,23.351542513,15
305,22.259300753,15
463,24.030352007,15
377,22.1779182199,15
247,18.2281109622,15
301,21.9357997124,15
87,17.7270444167,15
297,19.5068734887,15
219,20.529567144,15
153,19.7876655946,15
213,18.8834944099,15
111,18.8462278678,15
83,13.8043542919,15
265,19.550660647,15
345,22.60810515,15
333,24.8054156381,15
147,20.8892518626,15
357,22.436790127,15
245,22.2021804526,15
177,18.6601886356,15
441,23.5743589841,15
67,17.7512161244,15
223,20.865264188,15
269,21.059373737,15
375,23.0176871861,15
283,21.1100167457,15
221,20.5911946014,15
141,23.2156743965,15
541,24.315054432,15
229,19.864972828,15
219,18.058053111,15
253,21.049363372,15
271,20.054748441,15
375,23.935767359,15
105,21.2004524171,15
233,18.9480971175,15
187,20.4821454774,15
159,20.0033142268,15
103,18.3745158954,15
159,18.5445813404,15
529,24.0863448176,15
229,20.9153242519,15
115,17.479862123,15
91,16.3787142116,15
11,9.1219639604,15
287,22.2116255219,15
313,23.114602961,15
259,22.5401130946,15
263,23.447445259,15
267,22.5392571321,15
159,20.4198558779,15
375,23.1451573476,15
187,20.420492705,15
39,12.9231868983,15
73,20.105828701,15
309,21.301024663,15
329,22.889001444,15
309,21.301024663,15
377,22.7231469066,15
505,24.569664636,15
289,21.3012955715,15
393,22.6696810843,15
123,17.930721171,15
41,16.182870539,15
201,21.562517121,15
457,23.8593477267,15
187,21.985140636,15
133,22.6361327002,15
279,22.203692538,15
229,19.0550204648,15
117,19.79861659,15
191,18.444876099,15
277,19.8720392753,15
153,21.1032185251,15
315,21.531263833,15
167,20.471565168,15
589,25.033455318,15
421,23.210904165,15
387,23.5399830931,15
127,21.241335947,15
359,23.343137435,15
147,20.446055915,15
253,22.6479744568,15
463,23.9420325037,15
223,20.794498976,15
367,22.6051997365,15
533,24.1159576802,15
537,24.8281309619,15
221,22.372024818,15
49,16.2030713775,15
167,19.3118597581,15
513,24.911425459,15
311,23.749883898,15
619,26.3575135719,15
563,24.7863048507,15
595,25.386164258,15
433,22.967060973,15
313,21.71872623,15
215,22.364443808,15
329,23.4394215279,15
131,21.9126713532,15
101,20.7395437852,15
121,21.6066919006,15
241,22.6596632188,15
135,17.1575049483,15
491,23.72547604,15
101,18.704654828,15
299,20.9770673706,15
375,20.654923694,15
409,22.9822958331,15
191,22.305094714,15
255,20.9121011899,15
185,22.615939221,15
149,20.8726291142,15
215,21.789212913,15
311,21.3300694712,15
469,23.0863899957,15
335,22.6372903097,15
235,19.2598897257,15
469,23.086389996,15
459,23.751182029,15
239,19.854641259,15
459,24.385049097,15
123,18.9867897159,15
213,21.533007097,15
73,18.1186600447,15
79,20.3300588146,15
91,18.5770471752,15
307,21.5763464941,15
165,19.761698905,15
471,23.9318497641,15
107,20.6780196004,15
263,22.448649396,15
375,24.2297576376,15
309,22.886091234,15
119,20.6732984812,15
373,22.965603784,15
409,23.9396742298,15
363,23.658986286,15
221,21.0294125812,15
99,17.72423157,15
235,21.5102489489,15
91,18.8869461902,15
87,18.034788685,15
135,21.179723902,15
415,21.8419129816,15
215,18.4818958312,15
75,19.960137094,15
65,18.12703108,15
257,20.0543205818,15
245,21.6165654704,15
547,25.414552682,15
537,25.2364384109,15
137,22.251302375,15
483,24.4415140003,15
363,22.942892047,15
179,19.51394261,15
341,23.6604792618,15
369,23.9700055815,15
185,20.0600781572,15
305,23.6737785618,15
365,22.569031075,15
49,17.8746871509,15
87,19.674459839,15
147,18.530769798,15
73,15.8727224748,15
77,17.6940988433,15
169,19.9947918839,15
39,16.9074039872,15
97,20.0045622313,15
145,19.9612330594,15
207,19.6510933087,15
179,17.9718294537,15
459,22.3645206963,15
43,14.4581577525,15
307,21.876007289,15
59,16.8612501298,15
115,21.5700234345,15
159,20.1455450275,15
205,21.298909936,15
73,19.5988137827,15
567,25.3335852785,15
337,21.2416062643,15
25,12.2667800124,15
533,23.825720956,15
201,21.7309148481,15
99,20.13946553,15
407,22.7844831266,15
247,22.4717424488,15
243,20.2520839136,15
195,20.002446936,15
119,18.821266926,15
475,24.2945775206,15
343,23.6643158293,15
441,23.914518149,15
213,21.4838686131,15
339,24.241058574,15
71,17.228318271,15
341,22.30541026,15
235,21.417930782,15
79,19.227609938,15
319,20.2751690174,15
83,17.5673527019,15
287,21.9985067893,15
99,18.7462437066,15
289,21.948234872,15
175,20.189441099,15
73,17.1796496676,15
27,12.3968989659,15
425,24.831929987,15
135,22.4555305758,15
261,22.0865282846,15
331,20.9093114915,15
133,16.9061839845,15
489,24.156053042,15
245,20.320913678,15
47,12.0469213784,15
215,19.6702715951,15
435,24.974301199,15
291,19.771709694,15
189,17.3943467857,15
223,20.5860746071,15
245,21.39408606,15
155,21.393942976,15
243,21.963235512,15
425,24.0897867234,15
115,19.728025788,15
293,23.535030452,15
289,20.6217791339,15
253,18.963084634,15
329,20.5942005762,15
359,22.3529026309,15
215,20.040919197,15
439,22.5337660158,15
205,21.678218564,15
299,23.619014712,15
357,23.312701489,15
243,22.097310618,15
363,21.823106944,15
169,20.9495792385,15
349,23.1652946238,15
213,17.6158134366,15
135,19.6442199127,15
425,23.2810164374,15
263,20.552616494,15
173,20.104892428,15
339,23.3590634696,15
89,18.6827099,15
461,25.1049596645,15
127,20.84515752,15
977,25.059675057,16
1237,25.3868953113,16
923,23.246249831,16
791,23.2438175227,16
1093,24.854892924,16
1183,26.293378061,16
929,24.661930009,16
1171,26.187634368,16
1235,27.155042918,16
1583,29.0346242632,16
679,22.703300625,16
1163,26.5703648704,16
1415,27.920233217,16
871,24.340940525,16
1233,26.982068598,16
541,20.1520304184,16
1127,25.2754896797,16
1183,26.8514163592,16
1363,27.8539954882,16
1543,28.9590723694,16
1809,30.007646834,16
1075,24.7879649585,16
385,18.4626503985,16
1025,24.6909940182,16
1051,25.8330163127,16
1303,26.4114989522,16
1287,26.5060007423,16
1359,27.0107295054,16
1209,27.795607665,16
1627,29.210513893,16
1521,28.827151893,16
1759,29.836678364,16
1043,26.058012882,16
1081,25.608122131,16
1475,28.743708495,16
679,22.8120017385,16
1117,26.16588806,16
1317,26.422831858,16
1935,30.4768557189,16
1757,29.0895035179,16
1213,26.515639143,16
1217,27.2400405909,16
873,23.2935233768,16
969,24.4000772489,16
2041,31.1438352871,16
1667,28.614584034,16
1215,26.978751549,16
1057,25.206961063,16
1793,30.45804418,16
1521,28.5847166212,16
1771,29.958444109,16
1651,28.96106909,16
655,21.8259614399,16
1251,26.708054296,16
1107,26.8102092533,16
991,25.441936652,16
1241,27.086902787,16
1317,27.225265314,16
1557,28.62840076,16
963,24.7061300166,16
859,23.6096591388,16
751,23.0775152349,16
1269,27.539462688,16
1631,29.292502395,16
1779,30.243615238,16
1139,26.146357202,16
1407,27.6584757303,16
747,22.5612723828,16
1429,29.2106071665,16
1357,28.5245076792,16
1303,27.2782841698,16
831,24.40883951,16
1499,28.864205247,16
1777,30.012938151,16
1567,28.555641384,16
1037,26.706348753,16
919,25.628294928,16
1069,25.0569937661,16
1155,26.4343898153,16
1467,28.859460085,16
1037,26.094274812,16
855,24.567621104,16
1487,28.42069416,16
1377,28.032582122,16
781,23.800037794,16
1131,26.781994334,16
1311,27.773739739,16
1309,26.5450007199,16
1677,29.531614955,16
1287,26.61286681,16
1339,28.195523008,16
1193,27.6913961859,16
1045,24.0159795807,16
1049,24.8718269196,16
1035,25.0662088639,16
1279,26.580004968,16
1621,29.139168998,16
599,21.2769350025,16
779,22.977231944,16
1007,25.174606615,16
1481,28.193633864,16
1683,29.1510720787,16
1161,25.453113624,16
1303,27.512232219,16
1823,29.6825216297,16
769,23.7944353844,16
1725,30.0835555906,16
1373,28.1955422022,16
1015,25.2327890114,16
1703,29.166587724,16
1357,27.0608566232,16
1395,27.603448424,16
1231,26.40936476,16
1053,24.762537495,16
1175,26.3608208851,16
1787,29.898173849,16
1521,28.1537217489,16
1851,29.282473515,16
1565,28.043697453,16
1177,26.7476839273,16
951,25.040504942,16
1273,26.357577371,16
1107,24.323380745,16
1147,26.1351098767,16
1411,25.847643932,16
851,23.020913459,16
829,22.280975859,16
1325,27.804192832,16
1517,28.896509084,16
1667,29.775057106,16
1017,25.5483133559,16
1089,24.8484579487,16
961,25.0579741745,16
1583,29.60439668,16
1455,27.2273545825,16
1179,26.997367054,16
1109,27.2076453911,16
1517,28.482225937,16
1221,27.7090388508,16
803,24.403970983,16
1569,28.8876415798,16
819,23.7544092964,16
1701,29.353254922,16
1941,31.005241072,16
1893,30.374607216,16
1725,30.4028386704,16
1373,27.3799200351,16
951,24.5999506653,16
1221,26.107246809,16
1359,27.4814686211,16
1017,25.818661367,16
805,23.71244326,16
637,22.0152292734,16
1247,27.083659272,16
941,25.088292446,16
1535,29.578890345,16
2163,31.7356588838,16
1517,28.937620804,16
1931,31.1020572833,16
1129,27.330105815,16
1313,27.88125495,16
675,23.247035533,16
1007,26.509835311,16
1209,28.2955704548,16
1553,30.08051972,16
2067,31.2359695999,16
955,26.110616278,16
1441,28.31872245,16
659,23.102567011,16
1073,26.0872865757,16
1737,30.031176268,16
1749,29.932049481,16
1723,30.590372592,16
1465,28.9428004852,16
1547,29.1651755491,16
2415,33.287401102,16
833,24.1217504159,16
1327,26.911094686,16
1349,27.872597282,16
2045,31.346492859,16
1867,30.9843660355,16
1095,25.9308471989,16
1229,27.00664594,16
975,26.01426823,16
1403,29.093086583,16
1541,28.905430055,16
1075,25.668889547,16
1641,29.1608096237,16
1521,28.4639540427,16
957,25.532715078,16
1635,29.08238068,16
629,21.9798611163,16
1193,27.994526909,16
1917,30.418158823,16
1569,29.395020526,16
745,23.49255031,16
1407,27.654425596,16
1233,27.249260434,16
1171,25.9977374658,16
1103,26.106890093,16
1721,30.2867594269,16
1359,27.8189756183,16
1399,27.2162579,16
1179,27.718761841,16
1229,27.614619369,16
1175,27.232464587,16
747,23.9241581282,16
1631,29.6669050659,16
1323,27.8187485742,16
1287,26.4036083692,16
1363,27.8344129,16
1053,26.1058556386,16
1381,28.0174552674,16
1571,28.6521456932,16
1025,26.380001974,16
1813,30.397903565,16
1263,27.9054712208,16
1305,26.8069169229,16
801,23.3912924486,16
1361,27.6284529777,16
1165,27.357539164,16
457,18.7900419809,16
1821,29.9937561631,16
471,19.0427642183,16
1331,26.476305425,16
1367,28.318732985,16
1715,29.7209058474,16
1653,29.637575832,16
1261,28.5018511897,16
1397,28.8910914406,16
743,21.292117543,16
1699,29.647613941,16
1911,30.3559052035,16
1739,30.1648329539,16
1735,29.682359287,16
1933,30.522554621,16
773,22.8222361682,16
1749,30.159373132,16
1453,28.766150109,16
1169,26.4189358814,16
2067,30.973814426,16
1703,29.8578023396,16
1093,26.748387206,16
1361,27.5543332046,16
1255,27.48647978,16
889,24.3231762879,16
1335,28.3725861121,16
1407,29.077270056,16
1727,30.2656044036,16
1265,27.41638461,16
1553,29.5501180566,16
1263,27.7238264182,16
1155,27.158451461,16
2203,32.354421694,16
1853,30.6434785196,16
1925,30.2417332251,16
1005,25.9073368726,16
2111,31.601381567,16
945,25.969337397,16
1241,27.3251637463,16
2307,32.1718279461,16
1485,29.6953551984,16
1023,26.5768129414,16
1197,27.3407980084,16
1071,26.923971767,16
931,24.245739257,16
369,18.5585113831,16
1245,27.6053107156,16
1309,28.4169591574,16
871,24.5819473755,16
813,23.4026649732,16
1481,28.890629443,16
1791,29.51341118,16
1261,27.8804686606,16
1473,28.205551175,16
1067,26.8186160663,16
1097,25.7098432102,16
2743,33.377489824,16
2057,31.3281318813,16
1171,27.429129847,16
1511,28.5614139499,16
1367,28.508923535,16
1817,30.4408676327,16
1447,29.4432212642,16
1791,30.3138491509,16
743,24.8030946207,16
1505,29.144873183,16
1505,29.020773785,16
197,13.5939850558,16
481,18.8624143735,16
2063,31.586108892,16
581,22.1757228345,16
877,24.8877517565,16
465,19.7740658221,16
235,15.3851972014,16
1107,26.617353682,16
1167,27.862853988,16
1435,29.1599872666,16
1037,26.835138971,16
1599,29.449491476,16
1411,29.0681986233,16
1765,29.922362698,16
891,23.53996177,16
1053,25.8804351109,16
1287,28.505427401,16
1161,27.8983061276,16
1723,30.761981908,16
1323,28.3849936982,16
1199,27.320812712,16
347,18.4115359302,16
1425,29.216484193,16
1511,28.4406509236,16
981,25.954621038,16
1255,27.914907175,16
1615,29.58884773,16
1609,28.320928856,16
1081,25.945793204,16
811,23.751438562,16
2317,32.943983082,16
505,20.385814948,16
1541,29.9253129747,16
1623,30.059808443,16
1221,27.225147242,16
1625,29.02171729,16
473,19.386878694,16
537,19.9083667332,16
1857,30.5322600586,16
1661,30.608532707,16
1423,28.261727267,16
1797,30.8760312226,16
2749,34.22796403,16
1141,26.9646205383,16
1275,27.494405768,16
1275,27.796948408,16
1715,30.434217056,16
1583,29.8235312925,16
1389,28.796036471,16
1491,29.624918087,16
1945,31.682486507,16
947,25.2916598674,16
347,19.3431378423,16
1187,26.93638999,16
1917,31.262025798,16
1493,29.4996198908,16
2199,32.348799338,16
2249,32.632088504,16
1845,31.262387309,16
1275,27.644055629,16
1143,27.727527846,16
1325,27.887270172,16
903,26.06326193,16
2581,33.615163304,16
1375,29.3636978037,16
1899,31.050272747,16
873,24.716089255,16
1697,30.207854899,16
2005,31.66985851,16
2273,32.605787782,16
1603,29.7752015578,16
1755,30.35333765,16
1403,28.8291124867,16
1747,30.279604694,16
941,26.303665026,16
493,18.4671157955,16
1335,27.348044464,16
605,21.143846477,16
1107,26.3165851645,16
855,24.414797861,16
1839,31.271454034,16
1061,24.8368386524,16
1531,29.0195756489,16
1183,27.61051347,16
1287,28.0856151086,16
1963,31.550703385,16
1353,28.9409853161,16
2057,31.6439521093,16
1971,31.5301284344,16
1463,28.4704771897,16
891,24.893922201,16
781,24.9350001619,16
785,25.042350719,16
1053,26.990093597,16
1121,27.3683215118,16
1729,30.404580976,16
2033,31.587119056,16
1511,28.769064831,16
1225,27.8084797164,16
1257,27.8877157625,16
2031,31.9589877181,16
1765,30.6991852705,16
1991,31.72005831,16
1731,30.5244743136,16
2201,32.527926094,16
1121,27.1942079491,16
1821,31.254441461,16
659,22.8134192366,16
1109,25.9224146757,16
275,15.3325464302,16
397,17.656051038,16
513,20.97473028,16
459,20.7661307004,16
951,25.787049064,16
1927,31.3554714882,16
1305,27.627676028,16
1001,26.6468542247,16
769,24.2821110509,16
1137,27.0167328283,16
1745,30.1855928001,16
515,21.2323314037,16
1313,28.408951175,16
359,18.361439162,16
881,26.0451451668,16
929,25.307474013,16
1095,27.111837587,16
1249,27.6252628754,16
1413,28.741178442,16
901,25.723595664,16
1485,28.593272491,16
353,18.410361452,16
1909,31.6852626919,16
1135,27.1204115988,16
1505,29.92282974,16
527,21.514957353,16
1297,27.7971820967,16
943,26.0408024186,16
1623,29.8669371677,16
699,21.199145196,16
1975,31.183636329,16
1129,27.1815669066,16
1067,26.4479302306,16
1125,26.6421673634,16
1033,26.378029424,16
337,20.5245563459,16
225,22.0695547146,16
117,19.5020613877,16
913,27.0418983861,16
381,23.9839358809,16
391,23.188272611,16
621,25.5119964635,16
83,17.9953282752,16
525,23.509832744,16
261,20.2641485134,16
221,23.8524374871,16
437,24.395864913,16
183,23.2788991872,16
225,21.573849747,16
397,22.8179241975,16
687,26.0778409075,16
131,20.6914969551,16
527,22.601552254,16
303,23.564145622,16
251,24.7541001437,16
193,24.4019230403,16
267,22.0032232883,16
357,25.646580497,16
855,28.0594880105,16
595,27.4883826613,16
267,25.592750586,16
297,20.853779765,16
409,27.383080182,16
225,22.384874349,16
729,26.500032469,16
245,23.155174718,16
223,22.510326164,16
579,25.815311629,16
417,23.2931909992,16
291,21.6551022217,16
237,20.5548208215,16
165,22.388115185,16
125,19.4993458774,16
241,22.6324844897,16
121,17.3589510842,16
353,21.7165824531,16
419,25.0477540061,16
315,22.053663325,16
627,24.5092387589,16
331,21.706517131,16
443,22.5500894664,16
733,25.7888428788,16
511,24.0977005362,16
567,25.7248310757,16
335,24.224872726,16
155,23.9469031236,16
191,23.6710180365,16
493,25.3028517506,16
231,21.9272983663,16
189,24.1434792407,16
665,23.904025609,16
491,26.3803020326,16
261,25.408378966,16
601,24.5051084743,16
191,22.7081562003,16
321,25.397955501,16
251,19.9270613371,16
765,26.094853466,16
293,22.0341326765,16
519,26.5335935795,16
233,24.803958167,16
395,21.7086528509,16
343,23.534019932,16
375,25.542722279,16
367,23.4294768115,16
547,24.811104244,16
147,21.2477373088,16
137,18.8801745686,16
451,23.693392914,16
941,28.129916208,16
409,22.6746341975,16
859,27.769174743,16
805,26.820411686,16
405,23.0444105339,16
303,22.6256516014,16
253,22.225725043,16
213,24.933774058,16
729,27.062552296,16
245,25.934416674,16
253,22.202596364,16
203,23.41863787,16
409,25.9238026495,16
847,27.4098199604,16
671,26.20118529,16
141,21.782912565,16
331,22.839337989,16
391,23.5548448448,16
575,24.020477371,16
323,24.146387367,16
103,20.8955377824,16
137,22.2776166777,16
353,22.779297021,16
283,24.3359326844,16
383,22.010809604,16
357,22.5903463879,16
693,25.8315895371,16
83,20.335153937,16
427,22.946450471,16
133,21.5874378724,16
677,26.041675703,16
409,26.074851747,16
215,25.2192094307,16
127,21.5687376997,16
169,20.999887694,16
223,20.9462259438,16
853,27.147984077,16
333,20.6215776134,16
393,23.1771837706,16
233,24.5374950303,16
1079,28.5382404484,16
289,23.313441171,16
265,22.749576134,16
337,23.279895884,16
205,24.0678113249,16
151,21.313329642,16
261,22.6971335549,16
705,26.1961203827,16
87,19.2646811842,16
217,21.364800203,16
279,23.7050628383,16
311,23.18585871,16
777,27.1307796984,16
381,23.664588252,16
153,23.2116981954,16
633,25.069220633,16
937,28.031140532,16
307,25.964239445,16
429,23.776862848,16
185,23.980010771,16
587,25.4007236833,16
141,20.626417422,16
607,24.4412321805,16
439,23.030982809,16
493,22.9236990017,16
381,23.5808338109,16
277,25.2696302295,16
647,25.206606264,16
461,24.118799472,16
971,27.550692862,16
259,25.8024929096,16
59,16.495255807,16
165,19.5871243892,16
81,18.5468112458,16
421,20.050145658,16
375,22.4025912678,16
411,23.2066182853,16
371,22.72515375,16
429,20.9656829696,16
261,21.5381989785,16
217,23.1078310002,16
475,22.9596895356,16
441,23.083763589,16
431,23.800251609,16
537,23.9699758617,16
339,21.5516574549,16
375,21.743632968,16
483,24.0898740643,16
393,22.7535132515,16
395,22.620691631,16
927,26.9864338293,16
77,17.5825339546,16
435,25.2103465976,16
151,21.8408754426,16
785,26.3806525283,16
95,17.43082183,16
121,19.9317444749,16
133,20.589576057,16
349,23.802721559,16
493,24.0604584787,16
215,23.4775121431,16
215,24.7174468693,16
369,24.0699438495,16
649,25.6985001653,16
207,24.2136846977,16
457,22.853888952,16
267,20.422308297,16
341,23.366584539,16
569,22.8476860143,16
155,18.3781375753,16
377,20.7175665713,16
391,22.329923012,16
431,23.170999169,16
389,21.9150714123,16
407,20.930988448,16
273,21.1256781255,16
673,24.687387695,16
63,16.645192326,16
351,24.282718442,16
329,22.6456242002,16
251,21.385613148,16
187,20.236543002,16
35,14.0037112763,16
49,16.0898658339,16
361,22.7453808562,16
181,20.276957054,16
271,21.0637084497,16
329,23.243058845,16
747,26.3356109912,16
211,22.888546969,16
379,24.213913157,16
203,22.4545345038,16
377,23.2635836601,16
129,20.6345747774,16
245,22.353728842,16
325,22.9987191879,16
255,24.1860712529,16
275,24.618863464,16
1029,28.495572986,16
783,26.5338935602,16
211,22.2818114029,16
205,21.7437566578,16
571,23.8526605219,16
189,20.764943961,16
591,24.6853764577,16
947,26.939902149,16
457,26.0174858513,16
75,19.8515541941,16
539,25.2439549779,16
743,26.484918452,16
247,22.2345610675,16
239,21.9549491179,16
191,20.8333819151,16
129,18.7238900009,16
565,24.370408013,16
467,25.353477048,16
531,23.5272282491,16
551,25.155929064,16
135,22.3139793187,16
669,24.974904383,16
277,21.458184717,16
713,26.0258760583,16
421,24.352470835,16
665,26.147510923,16
611,26.0647063205,16
625,25.011916055,16
273,23.3590704044,16
183,21.146852822,16
439,25.10638126,16
345,22.9773870433,16
415,22.974585647,16
111,16.839334125,16
213,18.485893828,16
627,24.9320155662,16
203,17.614715871,16
541,24.425849754,16
361,23.1919566831,16
475,23.5295549601,16
633,25.4179360653,16
521,24.271955525,16
155,22.3898025009,16
135,21.3676491653,16
231,23.4378496091,16
615,25.3435790914,16
163,21.596382379,16
453,24.653105025,16
391,24.7247057193,16
195,22.626856205,16
607,24.951864041,16
333,20.294330943,16
315,22.921670452,16
201,22.540778628,16
237,22.6816715557,16
487,21.9897037451,16
583,24.841992385,16
673,25.715973073,16
281,22.3509091743,16
373,23.659051516,16
879,27.595808821,16
435,24.324981398,16
533,25.226178127,16
869,26.935111591,16
53,14.2927521558,16
867,26.6625346789,16
551,25.581194759,16
349,22.892015583,16
237,19.2067709748,16
339,21.5602749661,16
423,22.669831106,16
387,23.490876521,16
675,25.276722227,16
137,21.077481732,16
549,24.4974791581,16
97,16.673785086,16
567,24.701681545,16
675,26.822409459,16
723,23.9905671302,16
215,24.1248670416,16
237,22.2865270227,16
693,25.6344364846,16
579,25.8147200302,16
495,26.1154926706,16
115,21.100162128,16
233,22.854121567,16
153,23.377680394,16
91,20.8134026209,16
153,21.792425245,16
287,22.02784607,16
237,22.4888752785,16
299,23.469718687,16
641,26.2938530541,16
149,18.3467694306,16
129,20.429097174,16
187,23.075003306,16
363,25.039605569,16
215,20.3678391032,16
481,25.8834898286,16
117,19.0355399511,16
405,23.771336517,16
341,21.580889583,16
293,22.6200025877,16
79,19.7652265182,16
129,18.889024735,16
491,23.813422507,16
279,23.783103349,16
517,26.430920127,16
429,23.874733648,16
93,18.9270898742,16
105,18.0242493556,16
137,21.2513609898,16
535,24.2550084267,16
267,20.1997290011,16
991,27.929538486,16
175,23.433692992,16
29,14.5588708898,16
67,19.455050962,16
95,18.315901271,16
683,27.052484407,16
593,25.475918672,16
137,20.4357014025,16
487,25.816633176,16
517,25.160962279,16
309,22.306997631,16
365,23.857611297,16
315,22.520535969,16
589,24.975826702,16
147,22.161795491,16
145,20.0205032823,16
171,23.1024687738,16
537,27.187209692,16
449,26.9976254643,16
575,25.7500237307,16
575,25.3315522056,16
321,21.629307113,16
287,22.338815737,16
125,22.0876214126,16
85,18.0630553235,16
233,22.9691776283,16
273,23.70746498,16
249,22.192909207,16
525,23.348817312,16
383,23.0396801405,16
245,26.029500916,16
79,19.5060594985,16
639,24.6951672621,16
141,18.8551142668,16
343,21.5209961903,16
369,22.0546107626,16
171,23.312313642,16
229,22.7694939163,16
585,25.402790125,16
347,22.9172956,16
325,22.2922056596,16
797,26.364535855,16
