9,3,3
7,5,4
9,5,5
9,7,5
11,9,6
17,11,6
27,13,6
9,7,7
11,11,7
21,13,7
23,15,7
35,17,7
45,19,7
53,21,7
9,13,8
21,17,8
27,17,8
25,19,8
35,21,8
51,23,8
47,23,8
55,25,8
59,25,8
69,27,8
69,27,8
83,29,8
79,29,8
93,31,8
105,33,8
117,35,8
135,37,8
203,45,8
13,3,8
11,9,8
31,15,8
9,9,9
11,15,9
19,19,9
25,21,9
27,23,9
47,27,9
59,29,9
59,31,9
69,31,9
85,33,9
73,33,9
91,35,9
101,37,9
93,37,9
121,39,9
117,39,9
105,39,9
135,41,9
129,41,9
121,41,9
145,43,9
137,43,9
159,45,9
165,45,9
179,47,9
173,47,9
191,49,9
215,51,9
195,51,9
231,53,9
243,55,9
287,59,9
311,61,9
401,69,9
45,27,9
95,37,9
163,45,9
271,57,9
249,55,9
475,75,9
175,49,9
7,7,9
15,13,9
29,17,9
55,23,9
19,9,9
77,27,9
85,27,9
73,25,9
11,17,10
19,23,10
25,25,10
23,27,10
41,33,10
73,37,10
95,43,10
29,29,10
73,39,10
93,45,10
113,43,10
127,47,10
171,53,10
195,57,10
87,43,10
121,47,10
87,41,10
173,55,10
135,51,10
61,35,10
111,45,10
137,49,10
221,59,10
191,55,10
271,65,10
233,61,10
321,71,10
145,53,10
243,63,10
269,67,10
199,57,10
297,69,10
251,65,10
61,37,10
139,49,10
141,51,10
179,53,10
205,59,10
229,61,10
367,75,10
315,71,10
429,81,10
339,73,10
393,79,10
503,89,10
35,31,10
75,41,10
141,49,10
205,59,10
165,53,10
303,67,10
199,59,10
339,73,10
113,47,10
227,61,10
267,65,10
419,79,10
265,65,10
367,75,10
477,85,10
45,33,10
101,45,10
189,57,10
153,51,10
255,63,10
361,75,10
249,63,10
185,57,10
509,87,10
295,67,10
395,77,10
353,73,10
463,83,10
257,63,10
425,81,10
219,57,10
263,63,10
297,69,10
251,61,10
333,71,10
499,85,10
229,63,10
457,83,10
519,87,10
163,57,10
475,85,10
417,81,10
695,101,10
691,99,10
383,77,10
333,73,10
529,89,10
255,67,10
307,71,10
573,91,10
587,93,10
503,87,10
435,81,10
435,81,10
231,65,10
471,85,10
333,73,10
363,75,10
389,77,10
565,91,10
365,75,10
609,93,10
217,63,10
495,85,10
467,83,10
381,77,10
471,87,10
863,111,10
561,93,10
835,109,10
587,95,10
727,103,10
611,97,10
689,101,10
757,105,10
931,115,10
735,105,10
987,121,10
13,1,10
15,11,10
27,19,10
71,29,10
17,11,10
55,25,10
19,17,10
75,31,10
11,5,10
29,19,10
43,23,10
125,37,10
27,15,10
51,25,10
99,35,10
21,3,10
17,9,10
35,21,10
23,15,10
61,27,10
139,39,10
21,3,10
95,33,10
61,27,10
89,31,10
157,41,10
71,29,10
169,43,10
49,11,10
31,1,10
47,13,10
53,25,10
117,35,10
227,49,10
195,45,10
143,39,10
43,21,10
15,5,10
113,35,10
241,51,10
185,45,10
129,39,10
907,127,11
1095,137,11
747,115,11
449,97,11
883,125,11
1025,135,11
449,95,11
711,117,11
151,65,11
619,107,11
667,113,11
579,103,11
135,61,11
1017,133,11
591,107,11
589,105,11
885,123,11
911,127,11
1413,155,11
737,113,11
241,75,11
507,101,11
573,103,11
1457,157,11
1413,155,11
1457,157,11
1161,143,11
785,121,11
667,115,11
1283,149,11
857,125,11
1073,139,11
417,95,11
759,119,11
789,121,11
795,121,11
399,93,11
783,117,11
493,101,11
355,89,11
709,115,11
629,107,11
1051,135,11
789,117,11
389,87,11
333,87,11
789,117,11
713,113,11
639,105,11
321,83,11
757,115,11
1031,137,11
415,97,11
1103,139,11
213,71,11
661,109,11
541,99,11
321,81,11
55,43,11
361,85,11
531,103,11
99,55,11
451,93,11
535,97,11
135,59,11
749,119,11
833,125,11
489,103,11
1119,141,11
1347,151,11
1433,159,11
1289,153,11
1783,177,11
205,73,11
347,83,11
1179,145,11
929,131,11
843,123,11
1133,143,11
1021,137,11
799,127,11
413,95,11
649,113,11
545,101,11
577,107,11
381,91,11
795,121,11
535,101,11
763,119,11
327,87,11
889,129,11
549,103,11
391,93,11
625,107,11
217,73,11
799,121,11
205,71,11
291,77,11
939,135,11
1123,141,11
1643,167,11
545,99,11
305,81,11
873,125,11
655,109,11
433,93,11
615,111,11
479,99,11
733,117,11
477,97,11
493,103,11
873,125,11
595,109,11
1329,151,11
773,121,11
1089,137,11
725,117,11
387,87,11
255,77,11
647,109,11
761,119,11
909,127,11
705,117,11
1417,155,11
1813,175,11
1189,145,11
981,137,11
941,129,11
629,113,11
827,123,11
981,131,11
1039,135,11
279,79,11
823,123,11
1301,153,11
1529,163,11
601,111,11
1475,161,11
511,99,11
153,65,11
499,103,11
123,59,11
413,89,11
273,73,11
317,83,11
829,123,11
1305,151,11
665,115,11
901,127,11
851,125,11
885,127,11
691,117,11
399,89,11
217,67,11
1733,171,11
439,91,11
1031,135,11
729,119,11
681,111,11
1177,145,11
111,57,11
1603,167,11
723,119,11
1649,169,11
317,81,11
149,59,11
663,113,11
869,125,11
767,121,11
2015,185,11
1933,183,11
1129,139,11
1061,135,11
247,79,11
545,105,11
641,111,11
433,97,11
783,123,11
101,57,11
375,89,11
511,99,11
205,73,11
711,115,11
351,87,11
585,109,11
491,95,11
755,117,11
167,67,11
1283,149,11
305,85,11
337,83,11
441,97,11
463,95,11
407,93,11
87,53,11
1235,147,11
1173,143,11
689,115,11
491,99,11
349,85,11
319,81,11
695,111,11
137,63,11
525,101,11
385,91,11
359,85,11
597,105,11
1181,141,11
241,73,11
177,67,11
1407,153,11
1267,145,11
187,69,11
921,133,11
1235,147,11
1135,139,11
983,131,11
371,87,11
361,85,11
295,79,11
533,101,11
229,75,11
421,89,11
93,53,11
221,71,11
1199,143,11
1035,133,11
235,71,11
89,51,11
541,99,11
805,123,11
1779,173,11
39,37,11
249,71,11
539,99,11
453,93,11
177,65,11
2287,195,11
147,61,11
487,95,11
87,47,11
215,69,11
1275,147,11
291,75,11
53,41,11
11,19,11
1429,159,11
631,117,11
333,85,11
1031,133,11
961,131,11
1031,133,11
961,131,11
1127,143,11
899,133,11
467,97,11
235,75,11
267,79,11
217,69,11
847,129,11
575,107,11
331,81,11
983,135,11
579,109,11
2609,209,11
2141,191,11
1031,139,11
1217,151,11
1015,137,11
1707,171,11
1277,149,11
1507,159,11
1645,165,11
985,129,11
1541,161,11
973,135,11
1055,141,11
351,91,11
571,105,11
1363,155,11
801,127,11
1215,147,11
1941,179,11
1471,161,11
1187,147,11
2003,181,11
2579,205,11
1169,145,11
1047,141,11
491,99,11
909,129,11
255,81,11
829,123,11
629,109,11
641,111,11
1809,175,11
955,131,11
437,97,11
1343,153,11
2369,199,11
1425,161,11
1207,149,11
751,117,11
947,135,11
547,105,11
309,83,11
201,71,11
419,93,11
157,61,11
297,79,11
771,119,11
223,77,11
1741,171,11
1449,157,11
783,121,11
833,125,11
1099,135,11
801,119,11
611,109,11
841,121,11
1295,151,11
273,83,11
467,99,11
441,95,11
1655,169,11
2039,187,11
1249,149,11
1121,145,11
331,89,11
739,115,11
2241,189,11
165,65,11
89,49,11
281,75,11
141,59,11
395,89,11
209,69,11
141,55,11
389,87,11
143,61,11
23,29,11
25,31,11
949,129,11
367,91,11
377,93,11
661,111,11
1087,145,11
1331,155,11
1981,185,11
1589,165,11
909,135,11
859,123,11
539,105,11
67,45,11
333,79,11
437,91,11
29,31,11
121,53,11
119,57,11
209,69,11
43,39,11
33,35,11
19,25,11
109,51,11
359,81,11
9,11,11
53,27,11
235,57,11
137,43,11
173,49,11
391,71,11
87,17,11
339,67,11
211,53,11
67,5,11
333,65,11
247,55,11
33,13,11
19,15,11
139,45,11
89,35,11
95,37,11
137,47,11
65,33,11
9,5,11
49,23,11
173,49,11
233,55,11
73,29,11
51,23,11
175,47,11
113,41,11
41,19,11
29,21,11
189,51,11
73,33,11
67,3,11
379,69,11
203,51,11
91,1,11
619,89,11
339,67,11
57,25,11
11,3,11
139,25,11
483,79,11
205,53,11
91,1,11
619,89,11
339,67,11
139,25,11
483,79,11
205,53,11
63,29,11
27,1,11
61,25,11
51,29,11
259,59,11
91,37,11
123,43,11
261,61,11
71,35,11
19,7,11
69,35,11
199,53,11
57,31,11
37,17,11
75,33,11
87,39,11
19,21,11
87,33,11
439,75,11
67,9,11
307,63,11
151,45,11
23,13,11
291,63,11
501,81,11
67,9,11
67,9,11
291,63,11
135,45,11
131,27,11
135,45,11
21,15,11
85,15,11
73,27,11
35,19,11
185,49,11
99,35,11
137,45,11
101,33,11
185,51,11
29,11,11
275,61,11
117,41,11
57,31,11
39,15,11
171,47,11
253,57,11
117,33,11
51,7,11
63,9,11
369,69,11
125,39,11
145,45,11
101,39,11
31,3,11
307,65,11
37,3,11
359,69,11
55,27,11
47,21,11
431,73,11
251,57,11
145,41,11
45,7,11
245,55,11
81,35,11
227,53,11
475,77,11
27,1,11
105,35,11
49,21,11
351,69,11
155,47,11
149,45,11
57,27,11
249,57,11
273,59,11
329,63,11
71,27,11
233,55,11
123,43,11
143,43,11
207,53,11
373,67,11
55,25,11
77,25,11
185,47,11
31,5,11
303,63,11
227,57,11
31,15,11
17,9,11
183,51,11
31,21,11
93,33,11
49,9,11
331,65,11
47,9,11
307,63,11
127,37,11
431,75,11
81,33,11
441,75,11
137,23,11
137,23,11
235,57,11
499,79,11
161,51,11
445,77,11
327,65,11
141,45,11
403,71,11
345,67,11
295,63,11
195,55,11
181,45,11
593,85,11
275,59,11
331,63,11
429,75,11
79,35,11
301,63,11
327,65,11
177,49,11
175,45,11
753,97,11
309,65,11
321,63,11
545,83,11
723,95,11
467,77,11
223,55,11
135,45,11
679,93,11
85,21,11
607,87,11
891,105,11
2121,213,12
1163,165,12
3115,253,12
3115,253,12
1793,201,12
1771,197,12
849,149,12
1685,189,12
1687,189,12
1419,177,12
1143,159,12
123,71,12
2083,211,12
1995,203,12
1535,179,12
947,151,12
1463,175,12
3391,261,12
1477,179,12
2391,217,12
2067,211,12
1963,205,12
745,143,12
1319,173,12
2367,223,12
2227,221,12
2141,217,12
2317,219,12
1089,163,12
2669,235,12
761,137,12
2669,235,12
2551,229,12
2551,229,12
2027,215,12
1475,185,12
191,85,12
403,113,12
411,107,12
993,151,12
2619,231,12
597,129,12
633,131,12
733,139,12
1335,173,12
1277,165,12
1385,171,12
1867,203,12
3235,263,12
1219,163,12
953,157,12
775,139,12
1669,189,12
907,147,12
2735,247,12
561,125,12
3755,281,12
2087,213,12
1635,191,12
2763,243,12
805,145,12
937,151,12
345,97,12
2233,219,12
1253,169,12
321,99,12
1547,185,12
875,143,12
799,139,12
1673,195,12
2207,223,12
1881,203,12
2845,243,12
903,153,12
2561,227,12
1987,207,12
1019,153,12
983,155,12
2301,221,12
929,153,12
911,147,12
1655,189,12
1955,207,12
3243,259,12
1259,171,12
2781,237,12
1923,199,12
369,105,12
1979,213,12
2451,231,12
2463,225,12
2597,229,12
3177,259,12
673,127,12
2945,255,12
4517,305,12
2325,225,12
5443,329,12
667,133,12
1171,167,12
803,147,12
569,117,12
1091,155,12
991,151,12
1545,189,12
3345,261,12
1505,183,12
1871,205,12
1027,159,12
3461,271,12
1715,191,12
2997,251,12
793,147,12
2083,211,12
797,147,12
1925,207,12
111,69,12
767,131,12
219,81,12
2391,225,12
1131,165,12
1511,183,12
3811,275,12
1799,195,12
2403,225,12
5197,321,12
877,149,12
1781,199,12
1667,191,12
1291,169,12
2119,215,12
3219,257,12
4241,289,12
1877,197,12
1895,201,12
3371,267,12
621,135,12
1437,183,12
1415,185,12
459,111,12
2073,213,12
1105,163,12
663,137,12
917,145,12
529,123,12
833,143,12
2581,231,12
425,109,12
481,111,12
899,149,12
663,131,12
1885,205,12
1671,193,12
999,145,12
395,107,12
2533,233,12
1913,211,12
2317,225,12
1253,171,12
547,117,12
693,135,12
1637,193,12
2927,249,12
1125,157,12
923,153,12
1673,195,12
3961,279,12
1389,175,12
445,117,12
1503,183,12
1033,153,12
1281,177,12
135,69,12
1083,161,12
779,143,12
1383,181,12
1929,203,12
1297,175,12
1551,185,12
2385,217,12
1539,181,12
331,99,12
703,139,12
517,123,12
2061,211,12
2001,209,12
443,109,12
575,127,12
2387,229,12
2493,223,12
933,155,12
1237,169,12
2373,223,12
2629,237,12
2417,231,12
425,107,12
497,117,12
2151,209,12
2551,223,12
2117,209,12
163,77,12
879,141,12
4409,291,12
1613,195,12
4653,299,12
2835,243,12
4953,315,12
1257,169,12
1279,171,12
1191,167,12
317,95,12
161,79,12
857,143,12
807,135,12
1073,161,12
1611,187,12
1141,163,12
457,111,12
771,133,12
1487,183,12
1657,189,12
247,89,12
247,87,12
2187,215,12
1543,185,12
211,83,12
3043,249,12
2237,219,12
1707,201,12
1277,179,12
1583,193,12
555,119,12
1147,173,12
139,71,12
665,125,12
643,127,12
235,91,12
1179,163,12
2419,229,12
4849,313,12
1503,187,12
4591,307,12
165,75,12
4521,299,12
3993,287,12
1889,207,12
4071,289,12
4437,303,12
1065,167,12
4927,309,12
3553,273,12
2967,243,12
1395,183,12
1475,189,12
2983,245,12
2267,225,12
1469,179,12
3227,255,12
3739,271,12
903,147,12
1721,193,12
2883,247,12
1499,189,12
2481,227,12
1613,185,12
2063,211,12
1995,209,12
3755,281,12
3975,277,12
2167,217,12
3063,253,12
311,105,12
2377,225,12
3219,257,12
2479,229,12
3941,285,12
2419,225,12
573,125,12
1365,175,12
2387,225,12
2427,227,12
1527,193,12
347,109,12
5023,319,12
6049,339,12
2753,243,12
615,127,12
937,165,12
229,83,12
233,91,12
285,97,12
449,107,12
521,121,12
973,155,12
1657,197,12
495,115,12
3327,265,12
1037,161,12
1835,203,12
817,143,12
4015,285,12
403,113,12
2489,227,12
2001,209,12
3041,247,12
3013,249,12
1571,183,12
3575,267,12
847,145,12
2699,235,12
3205,263,12
2153,217,12
1499,185,12
811,145,12
1429,175,12
2763,237,12
2979,243,12
255,99,12
3453,271,12
2007,217,12
1609,195,12
2099,215,12
2971,247,12
225,95,12
4233,285,12
3559,261,12
125,73,12
909,147,12
813,141,12
167,79,12
1173,167,12
695,137,12
461,113,12
469,111,12
23,33,12
4963,313,12
1061,155,12
739,137,12
999,153,12
2351,223,12
1685,189,12
205,91,12
699,135,12
4649,303,12
3305,267,12
5307,323,12
1203,175,12
2605,237,12
2193,223,12
1583,195,12
459,119,12
2261,231,12
449,117,12
547,123,12
209,91,12
1667,195,12
2391,225,12
899,147,12
1541,191,12
1697,197,12
2303,221,12
1589,193,12
1429,187,12
167,77,12
697,127,12
2323,225,12
251,97,12
999,155,12
43,47,12
1349,173,12
807,143,12
2991,257,12
2157,217,12
2577,231,12
847,145,12
1207,177,12
731,139,12
1101,157,12
805,143,12
869,147,12
571,127,12
573,129,12
847,145,12
1783,201,12
95,61,12
951,149,12
607,121,12
29,41,12
111,67,12
2811,241,12
211,81,12
237,87,12
35,37,12
319,73,12
253,67,12
195,59,12
149,59,12
131,49,12
967,123,12
583,99,12
407,83,12
177,53,12
183,35,12
129,41,12
1313,141,12
115,21,12
161,53,12
309,71,12
65,17,12
555,93,12
335,49,12
429,57,12
345,75,12
141,47,12
559,93,12
97,47,12
257,67,12
75,41,12
381,81,12
279,3,12
149,55,12
73,27,12
815,115,12
161,1,12
161,1,12
223,61,12
411,83,12
175,21,12
145,9,12
405,81,12
183,19,12
291,31,12
39,29,12
51,31,12
85,43,12
117,39,12
83,47,12
367,65,12
141,25,12
523,89,12
1083,127,12
327,63,12
901,117,12
269,63,12
181,53,12
57,5,12
207,55,12
109,37,12
409,79,12
81,13,12
721,103,12
99,7,12
689,103,12
145,23,12
327,61,12
693,99,12
185,49,12
349,73,12
113,31,12
519,87,12
619,99,12
619,99,12
131,29,12
1059,125,12
95,27,12
357,75,12
51,5,12
51,11,12
155,43,12
397,77,12
289,57,12
567,91,12
211,63,12
417,81,12
87,19,12
843,113,12
405,73,12
63,9,12
129,45,12
211,49,12
133,25,12
193,49,12
103,21,12
495,87,12
45,3,12
301,73,12
601,101,12
105,39,12
803,111,12
337,75,12
69,25,12
723,103,12
371,77,12
177,35,12
125,19,12
107,3,12
415,81,12
873,117,12
213,15,12
121,33,12
59,15,12
771,113,12
83,31,12
91,1,12
101,17,12
83,11,12
257,57,12
63,21,12
417,81,12
587,93,12
115,39,12
91,33,12
65,27,12
1099,129,12
775,109,12
99,35,12
853,115,12
135,47,12
105,17,12
1059,129,12
637,105,12
249,63,12
59,25,12
347,77,12
151,15,12
435,83,12
161,55,12
117,43,12
267,65,12
293,71,12
47,11,12
43,5,12
387,77,12
867,117,12
179,45,12
157,51,12
351,75,12
97,35,12
529,89,12
637,97,12
669,101,12
403,63,12
63,7,12
37,13,12
923,117,12
197,37,12
887,115,12
591,97,12
811,109,12
517,81,12
929,115,12
965,119,12
467,85,12
109,27,12
705,105,12
397,81,12
173,27,12
235,35,12
139,53,12
1185,133,12
167,55,12
333,71,12
91,39,12
217,63,12
913,117,12
713,107,12
101,45,12
37,27,12
39,9,12
45,3,12
65,33,12
63,27,12
531,93,12
99,9,12
257,65,12
41,27,12
565,91,12
223,55,12
697,101,12
913,117,12
477,85,12
819,113,12
57,23,12
121,49,12
83,13,12
569,91,12
569,95,12
345,75,12
681,99,12
207,55,12
181,27,12
605,99,12
139,9,12
215,59,12
129,41,12
245,65,12
569,95,12
873,117,12
413,73,12
619,99,12
4485,341,13
1403,211,13
4257,327,13
5113,349,13
2543,261,13
3783,309,13
7361,421,13
2009,243,13
3229,283,13
2507,269,13
3143,289,13
7405,419,13
3267,291,13
7405,419,13
5113,349,13
3235,287,13
1901,237,13
3779,321,13
2909,281,13
2309,259,13
3625,307,13
2633,275,13
5423,369,13
4839,351,13
2783,277,13
2979,275,13
3261,301,13
425,137,13
2175,243,13
881,173,13
2515,255,13
863,171,13
2897,279,13
1641,225,13
1075,195,13
6413,389,13
3667,305,13
2411,249,13
129,81,13
3993,317,13
2729,267,13
2693,263,13
3405,291,13
2705,269,13
4083,311,13
3979,315,13
6969,401,13
6969,401,13
5505,367,13
3743,313,13
3515,307,13
6307,389,13
6307,389,13
3989,321,13
5135,359,13
3127,287,13
3643,297,13
3205,281,13
1733,227,13
5223,361,13
5401,365,13
3581,293,13
1863,245,13
3707,307,13
5077,359,13
3493,301,13
3997,325,13
4767,351,13
1943,243,13
2869,285,13
4329,337,13
3597,305,13
1109,197,13
2523,251,13
3665,309,13
4135,325,13
4295,329,13
2783,287,13
4029,321,13
4163,327,13
1103,183,13
3335,303,13
10033,485,13
4299,325,13
6661,399,13
3255,307,13
983,189,13
401,137,13
1491,215,13
363,133,13
3337,287,13
2823,277,13
1449,207,13
2097,245,13
1933,241,13
3091,289,13
5169,353,13
1737,219,13
2235,251,13
8629,449,13
1937,239,13
2855,279,13
1735,217,13
2305,253,13
1933,225,13
1615,221,13
5197,351,13
5197,351,13
787,157,13
125,79,13
783,177,13
6333,401,13
5369,373,13
4681,355,13
673,163,13
889,173,13
429,127,13
2393,257,13
2117,243,13
3135,303,13
1785,241,13
4899,353,13
1263,191,13
3181,293,13
5119,361,13
951,177,13
3659,307,13
6979,411,13
5499,367,13
2523,271,13
3337,301,13
6313,389,13
9921,471,13
5019,347,13
3309,297,13
3371,297,13
1653,225,13
1143,191,13
1289,209,13
1303,197,13
2641,275,13
6595,403,13
2979,283,13
2779,279,13
1101,193,13
6155,391,13
5305,369,13
5505,369,13
2399,259,13
6463,391,13
4145,333,13
2689,265,13
9233,467,13
1431,213,13
6765,401,13
3537,299,13
3875,311,13
2125,249,13
6713,405,13
401,131,13
9869,477,13
2507,267,13
651,165,13
1809,221,13
1123,179,13
4425,333,13
3775,313,13
1219,207,13
6175,395,13
1871,223,13
4473,331,13
4899,345,13
5627,371,13
8843,465,13
10383,491,13
3119,289,13
3485,297,13
2927,287,13
3997,319,13
2213,261,13
1371,211,13
2087,241,13
947,171,13
2209,257,13
2309,253,13
3699,309,13
8193,441,13
4655,357,13
5189,361,13
3645,311,13
5531,369,13
11327,509,13
2381,265,13
1105,197,13
1869,245,13
4295,343,13
5845,393,13
3977,335,13
1815,233,13
1957,241,13
6689,407,13
1969,235,13
3571,313,13
2659,275,13
6983,415,13
3827,335,13
4063,331,13
6949,423,13
1763,243,13
2911,289,13
2937,275,13
993,193,13
1511,205,13
543,151,13
2543,259,13
3023,289,13
2793,283,13
2713,275,13
4787,351,13
171,99,13
305,113,13
6921,413,13
3867,315,13
6739,405,13
4493,333,13
1739,229,13
1871,225,13
2081,243,13
961,171,13
4805,357,13
1037,195,13
3033,287,13
2555,259,13
1605,221,13
2259,265,13
4425,343,13
2703,279,13
3647,305,13
5585,369,13
4317,337,13
9583,467,13
6497,401,13
4783,353,13
949,189,13
4639,345,13
5375,369,13
3661,303,13
5627,371,13
5781,377,13
11763,529,13
1725,217,13
2121,257,13
3787,321,13
2173,267,13
3015,289,13
4795,353,13
2097,255,13
6087,393,13
3875,327,13
4605,349,13
2561,263,13
1715,239,13
451,147,13
3701,327,13
7981,447,13
3713,319,13
3947,329,13
6005,383,13
7059,415,13
10095,485,13
973,189,13
6609,395,13
2625,263,13
3661,305,13
2275,243,13
147,95,13
1873,243,13
2485,265,13
1583,219,13
4707,349,13
4667,341,13
1431,215,13
5547,371,13
3477,311,13
2107,243,13
2621,261,13
779,159,13
929,181,13
3049,285,13
1101,189,13
1653,215,13
1829,239,13
2031,243,13
73,61,13
387,127,13
1631,213,13
991,179,13
529,137,13
4911,351,13
8049,439,13
8423,443,13
889,177,13
229,105,13
151,91,13
7199,405,13
171,93,13
4473,347,13
9351,475,13
1897,245,13
4015,315,13
427,131,13
1549,209,13
2259,247,13
3653,305,13
6051,383,13
5917,383,13
9943,485,13
2799,269,13
397,125,13
4425,333,13
1079,197,13
6217,393,13
5403,367,13
5475,369,13
1241,183,13
669,153,13
287,109,13
2267,255,13
8679,455,13
2023,231,13
1129,179,13
333,111,13
1769,249,13
5889,387,13
1181,193,13
1835,235,13
3905,317,13
2647,265,13
391,135,13
1379,203,13
1045,185,13
1725,241,13
2889,287,13
3311,287,13
5737,377,13
2409,271,13
3491,297,13
3865,301,13
5377,365,13
2393,257,13
2145,251,13
6001,381,13
2761,273,13
2721,279,13
8541,455,13
1175,195,13
8331,447,13
743,167,13
797,169,13
975,175,13
3861,307,13
219,101,13
8047,441,13
7179,423,13
1559,213,13
8329,443,13
8659,439,13
2365,265,13
4273,329,13
3157,293,13
4325,339,13
2697,283,13
4111,331,13
2689,275,13
5401,365,13
2455,275,13
6129,385,13
14443,559,13
1435,211,13
4549,339,13
4821,351,13
1163,213,13
339,133,13
1757,231,13
10309,495,13
3669,309,13
785,185,13
3959,323,13
7109,417,13
7373,423,13
4833,349,13
7667,427,13
6047,393,13
4647,343,13
6739,399,13
1119,195,13
2279,251,13
3397,309,13
1489,217,13
4937,353,13
6223,401,13
1701,225,13
8639,461,13
5187,359,13
1999,253,13
15425,591,13
7587,419,13
3503,307,13
10429,487,13
3825,315,13
6989,419,13
1595,237,13
1681,227,13
1661,223,13
7067,429,13
869,177,13
10813,499,13
7033,425,13
5425,371,13
1491,215,13
11953,519,13
7719,441,13
3639,317,13
1131,209,13
6061,381,13
9413,465,13
10021,497,13
911,171,13
1653,235,13
2155,261,13
867,173,13
1715,223,13
9221,463,13
593,143,13
11583,521,13
11275,521,13
4195,331,13
1713,221,13
8173,441,13
4165,321,13
7371,419,13
5489,381,13
5905,375,13
1557,233,13
2273,263,13
7015,421,13
6175,399,13
6341,401,13
1709,239,13
4009,329,13
3485,301,13
2103,239,13
4597,337,13
7719,429,13
541,153,13
7261,419,13
2103,261,13
4459,341,13
6499,409,13
5681,383,13
3669,319,13
12037,517,13
1779,243,13
4719,351,13
7183,423,13
3647,319,13
361,135,13
4661,347,13
9141,463,13
7249,423,13
8043,441,13
7333,425,13
2919,297,13
4517,335,13
295,111,13
8565,447,13
1029,195,13
2351,255,13
1505,217,13
2475,255,13
5363,363,13
1013,187,13
3833,317,13
637,161,13
4893,353,13
7551,429,13
1449,209,13
237,115,13
2471,281,13
4707,359,13
5801,391,13
5081,349,13
4403,343,13
1545,219,13
4239,325,13
5843,371,13
3805,319,13
1713,241,13
6181,399,13
1743,229,13
1809,245,13
6479,399,13
5253,363,13
6279,387,13
5063,357,13
5759,377,13
7991,429,13
3359,293,13
4261,327,13
4361,329,13
6071,383,13
1433,211,13
267,115,13
1249,193,13
8825,465,13
75,67,13
371,119,13
213,89,13
8123,441,13
9791,481,13
8759,461,13
3319,305,13
1639,231,13
8421,451,13
2477,277,13
2353,255,13
2835,277,13
1617,235,13
995,183,13
2871,275,13
2061,241,13
603,145,13
29,47,13
69,59,13
21,31,13
609,109,13
457,101,13
595,107,13
949,129,13
295,19,13
655,45,13
839,125,13
543,1,13
955,121,13
1753,177,13
459,99,13
3677,261,13
1131,139,13
1825,183,13
1633,175,13
821,125,13
143,71,13
149,61,13
619,29,13
369,87,13
1067,143,13
483,101,13
425,85,13
165,61,13
291,79,13
283,39,13
439,75,13
1233,147,13
465,33,13
269,51,13
291,53,13
987,135,13
463,69,13
411,3,13
1589,171,13
2089,201,13
385,11,13
1965,191,13
1077,155,13
1323,163,13
1277,155,13
1123,139,13
305,67,13
789,107,13
363,31,13
1405,165,13
357,87,13
901,141,13
1947,195,13
537,69,13
459,101,13
441,73,13
855,125,13
845,123,13
963,131,13
269,23,13
619,39,13
57,31,13
443,103,13
163,3,13
927,135,13
107,27,13
713,101,13
917,139,13
825,123,13
213,9,13
395,93,13
613,117,13
965,147,13
295,33,13
353,51,13
435,77,13
1309,159,13
919,131,13
807,125,13
1143,143,13
213,49,13
1281,159,13
273,27,13
91,15,13
207,61,13
427,93,13
583,97,13
343,67,13
539,101,13
247,67,13
219,15,13
429,81,13
1041,135,13
249,25,13
79,25,13
105,13,13
1795,183,13
1361,159,13
495,19,13
291,27,13
203,7,13
277,25,13
2115,191,13
1289,151,13
1189,143,13
829,93,13
1337,155,13
1677,171,13
1761,177,13
569,107,13
301,85,13
273,83,13
951,139,13
89,37,13
263,23,13
797,111,13
1253,153,13
1443,171,13
161,27,13
6555,459,14
7701,473,14
14695,645,14
13659,627,14
8107,503,14
3553,367,14
4969,405,14
7149,477,14
5901,431,14
12245,609,14
3131,329,14
9249,523,14
4929,391,14
8467,507,14
2055,291,14
3479,341,14
11493,571,14
6867,473,14
5987,433,14
4495,395,14
3101,333,14
13987,613,14
11725,583,14
3323,359,14
4285,379,14
10375,551,14
4127,369,14
15317,657,14
4529,365,14
3063,329,14
5645,415,14
2949,343,14
4675,417,14
4359,385,14
19963,741,14
15417,675,14
3305,353,14
10445,571,14
4317,405,14
6127,439,14
1781,295,14
2655,327,14
7297,483,14
12137,613,14
2959,315,14
11431,589,14
26561,847,14
6771,463,14
25403,835,14
16033,651,14
5373,435,14
4951,417,14
3999,361,14
2279,307,14
19393,735,14
17631,711,14
14563,645,14
14467,657,14
6291,449,14
17999,713,14
6887,463,14
18993,709,14
13823,611,14
9803,535,14
8669,505,14
5595,419,14
9717,541,14
4991,423,14
15063,657,14
9495,545,14
20125,749,14
12315,603,14
7855,523,14
6395,463,14
6679,465,14
10135,561,14
10587,567,14
13647,629,14
13025,611,14
6529,469,14
17713,703,14
4377,391,14
2473,297,14
10507,573,14
6927,477,14
6901,479,14
9535,547,14
14705,665,14
23621,815,14
4187,391,14
5649,441,14
12351,609,14
5119,403,14
5105,431,14
4523,385,14
13241,603,14
6571,451,14
9941,539,14
9709,537,14
7959,497,14
6709,475,14
11365,583,14
5551,431,14
7465,495,14
21595,769,14
4955,385,14
4029,363,14
8105,491,14
5371,423,14
10325,549,14
493,159,14
11449,607,14
6509,479,14
6451,465,14
5977,449,14
13483,647,14
8193,505,14
2247,301,14
7551,495,14
5465,405,14
18159,719,14
14311,639,14
18773,711,14
4587,417,14
16901,699,14
18345,711,14
5105,443,14
4193,373,14
14875,667,14
569,175,14
15405,675,14
1775,285,14
681,199,14
1661,273,14
6731,471,14
5499,423,14
8417,525,14
8841,521,14
6391,443,14
1345,243,14
11943,597,14
4621,403,14
8485,531,14
9011,519,14
6743,491,14
10105,549,14
5105,431,14
5237,437,14
12165,607,14
12755,613,14
4987,389,14
3447,357,14
8065,523,14
3851,391,14
12271,617,14
16611,703,14
11941,603,14
12679,615,14
7825,499,14
1097,211,14
13487,639,14
23963,825,14
9899,549,14
9369,529,14
15245,653,14
18487,725,14
5925,457,14
7079,487,14
17117,695,14
9711,559,14
3893,381,14
13333,629,14
13201,621,14
2511,303,14
13917,635,14
6283,449,14
7641,505,14
939,203,14
11415,581,14
1537,261,14
5875,451,14
725,199,14
9897,553,14
5737,449,14
8125,507,14
1177,247,14
15827,669,14
4083,371,14
8343,507,14
3915,365,14
9315,535,14
19787,735,14
18099,713,14
7965,507,14
11407,587,14
4781,401,14
8953,531,14
9655,551,14
14857,649,14
6911,481,14
8273,527,14
26727,855,14
12795,611,14
11381,579,14
12119,589,14
7897,511,14
1943,273,14
8297,495,14
13517,607,14
15223,657,14
15319,641,14
18109,707,14
17017,683,14
11801,595,14
3007,333,14
7607,509,14
12053,601,14
5729,451,14
6945,477,14
20183,743,14
20455,747,14
1077,223,14
1149,223,14
1715,269,14
3231,335,14
1517,259,14
1121,229,14
185,113,14
5107,417,14
1031,211,14
9271,527,14
3729,371,14
3435,357,14
6679,465,14
12521,597,14
4413,383,14
2235,305,14
7041,465,14
3789,357,14
9589,567,14
233,115,14
24723,827,14
25725,839,14
5655,445,14
20127,741,14
5303,429,14
19975,765,14
16331,685,14
20649,749,14
5839,447,14
1735,281,14
8085,505,14
28827,889,14
12381,629,14
11047,599,14
6301,431,14
8851,509,14
33819,931,14
10203,585,14
4885,413,14
2147,317,14
9565,539,14
12887,599,14
1877,273,14
12745,595,14
9335,525,14
19967,743,14
7749,497,14
6425,487,14
10943,583,14
13843,647,14
6123,457,14
6347,459,14
3485,357,14
6327,453,14
3765,389,14
19927,733,14
11861,597,14
8177,499,14
6217,445,14
8865,555,14
897,197,14
559,159,14
31109,913,14
22547,785,14
4699,383,14
3599,347,14
21119,759,14
8705,517,14
10511,575,14
9833,569,14
9067,547,14
7301,489,14
11879,613,14
9261,533,14
6391,455,14
11729,579,14
3843,359,14
2345,305,14
10537,589,14
3597,383,14
5679,447,14
2233,287,14
5539,433,14
8845,551,14
1629,265,14
10067,567,14
6711,461,14
18297,707,14
10831,579,14
3571,353,14
5157,429,14
10687,559,14
3851,375,14
8511,529,14
9903,559,14
6603,473,14
11623,597,14
5553,447,14
3097,365,14
7335,489,14
3039,315,14
4887,405,14
1663,259,14
3551,371,14
6037,435,14
7203,477,14
17833,713,14
7151,477,14
6029,441,14
7319,469,14
7867,497,14
4451,389,14
749,189,14
37,53,14
8215,491,14
785,209,14
5639,421,14
247,123,14
221,125,14
1297,145,14
2437,241,14
2707,187,14
2113,125,14
1181,81,14
1843,203,14
3561,283,14
2103,207,14
3413,281,14
2667,255,14
2051,183,14
2453,205,14
3657,251,14
3225,259,14
3353,243,14
1887,177,14
2465,237,14
1041,169,14
3253,275,14
1853,209,14
4451,317,14
2755,249,14
143,9,14
1675,87,14
4155,291,14
1951,213,14
5457,341,14
1075,95,14
1395,121,14
2337,191,14
1753,131,14
725,109,14
1637,203,14
1003,161,14
543,127,14
905,129,14
2963,265,14
639,43,14
1677,169,14
4249,291,14
541,1,14
1975,147,14
631,123,14
137,5,14
2487,183,14
1487,153,14
3307,219,14
1061,79,14
1169,57,14
3625,281,14
485,75,14
1667,197,14
347,7,14
1825,191,14
205,17,14
827,127,14
499,125,14
1267,175,14
393,75,14
179,7,14
291,41,14
2713,217,14
1655,175,14
2867,245,14
2057,211,14
1187,163,14
1815,213,14
221,89,14
1713,163,14
1403,155,14
2157,229,14
2481,235,14
1379,153,14
1523,161,14
1403,155,14
619,23,14
3023,261,14
2349,233,14
2449,205,14
937,159,14
2681,213,14
1303,123,14
1029,81,14
1921,173,14
1549,173,14
5089,317,14
867,25,14
1317,141,14
1317,95,14
2583,237,14
631,81,14
2359,243,14
1977,181,14
3471,287,14
3417,275,14
1997,121,14
2259,217,14
1479,201,14
1583,79,14
697,61,14
2299,215,14
2827,257,14
409,67,14
1189,137,14
3679,273,14
1389,109,14
4533,327,14
2255,189,14
827,115,14
1373,53,14
1885,143,14
2219,243,14
2439,233,14
1113,57,14
8101,415,14
3785,275,14
3625,297,14
2017,207,14
1491,87,14
3311,257,14
1371,165,14
3071,267,14
1421,165,14
1105,75,14
1291,181,14
269,23,14
177,27,14
1193,65,14
915,85,14
2093,153,14
1771,181,14
2481,229,14
1385,85,14
2013,115,14
559,115,14
331,7,14
2473,219,14
2105,231,14
215,9,14
881,123,14
1897,207,14
255,49,14
1241,149,14
1049,153,14
653,9,14
361,19,14
3825,303,14
1203,71,14
643,101,14
355,47,14
3467,279,14
1589,165,14
281,23,14
865,121,14
2397,239,14
2491,229,14
583,125,14
3347,261,14
827,109,14
957,83,14
1433,159,14
1373,151,14
525,115,14
2933,247,14
1671,169,14
1285,197,14
4837,307,14
535,93,14
485,63,14
1625,173,14
5285,325,14
489,67,14
4271,311,14
2611,227,14
2129,221,14
3713,289,14
877,117,14
1195,67,14
1155,155,14
1747,189,14
1501,117,14
3833,285,14
569,69,14
1013,77,14
917,161,14
1839,203,14
3423,271,14
2715,235,14
709,35,14
643,29,14
157,53,14
567,33,14
715,87,14
1021,141,14
3917,295,14
2137,215,14
4605,313,14
1317,175,14
1069,161,14
801,115,14
6189,363,14
109,13,14
2271,233,14
503,101,14
253,9,14
1239,165,14
687,107,14
339,23,14
1053,161,14
105,19,14
2935,255,14
1865,205,14
1071,143,14
3891,285,14
1081,143,14
1263,171,14
893,111,14
1711,207,14
3329,261,14
2689,235,14
783,143,14
1641,179,14
577,101,14
2735,245,14
535,123,14
2853,249,14
499,89,14
3725,275,14
4111,297,14
4111,297,14
313,71,14
2151,221,14
2655,239,14
651,131,14
983,131,14
257,95,14
423,23,14
2075,217,14
349,53,14
1041,63,14
1561,189,14
61,9,14
511,13,14
497,13,14
3263,265,14
1029,143,14
2101,213,14
2451,213,14
1595,131,14
255,49,14
189,17,14
2039,203,14
1457,179,14
8059,397,14
2783,233,14
2331,193,14
1537,149,14
5721,347,14
5635,323,14
1617,87,14
4743,299,14
1461,141,14
1501,193,14
409,63,14
1303,99,14
5573,337,14
1611,165,14
409,23,14
3985,293,14
285,99,14
283,93,14
1769,173,14
1047,165,14
3071,261,14
1837,197,14
1977,209,14
2609,253,14
573,67,14
1189,169,14
255,19,14
3063,257,14
1305,177,14
551,53,14
2485,161,14
821,123,14
585,107,14
2487,229,14
973,131,14
581,29,14
2279,195,14
1255,61,14
3721,283,14
721,13,14
1617,173,14
999,103,14
1507,109,14
2083,49,14
2053,195,14
1813,25,14
3663,265,14
1197,137,14
1899,195,14
5397,343,14
1085,97,14
321,49,14
1577,195,14
1977,209,14
5617,355,14
1481,147,14
4837,307,14
929,131,14
1693,167,14
1755,181,14
571,81,14
389,73,14
469,15,14
2625,233,14
2915,247,14
469,81,14
2625,243,14
2383,225,14
277,11,14
971,79,14
3359,239,14
3481,251,14
799,129,14
3015,221,14
3803,275,14
2515,135,14
1415,61,14
1785,189,14
685,119,14
1065,117,14
1351,185,14
295,51,14
547,81,14
1753,173,14
377,25,14
309,41,14
1609,93,14
981,115,14
1669,201,14
501,77,14
1789,201,14
3237,261,14
151,47,14
2589,243,14
1425,163,14
1295,157,14
2421,123,14
1137,55,14
141,17,14
585,127,14
535,65,14
2133,143,14
4201,287,14
741,139,14
675,81,14
621,79,14
5371,349,14
19885,853,15
34531,1069,15
9485,635,15
4115,457,15
16435,793,15
6085,541,15
20883,859,15
12187,693,15
6551,509,15
5817,539,15
9731,665,15
16355,779,15
10209,667,15
12717,675,15
7803,591,15
22763,895,15
26155,945,15
26155,945,15
29865,989,15
1869,359,15
26703,943,15
22431,891,15
17119,793,15
17265,807,15
39709,1159,15
33569,1057,15
4811,467,15
31539,1027,15
29751,1001,15
31557,1009,15
38759,1131,15
14601,713,15
7059,567,15
20773,899,15
31319,1015,15
35515,1089,15
4263,475,15
6405,539,15
8681,601,15
21363,853,15
38861,1125,15
9309,609,15
2989,399,15
28389,975,15
28677,973,15
1813,321,15
12787,695,15
1011,267,15
27769,985,15
23563,907,15
13965,727,15
1933,339,15
19347,809,15
10823,651,15
6017,553,15
31307,1011,15
5327,497,15
8103,599,15
15309,737,15
44891,1169,15
26323,999,15
35283,1073,15
22667,901,15
12627,713,15
17877,813,15
25709,931,15
17499,787,15
28571,987,15
15477,789,15
46535,1225,15
12091,667,15
23375,895,15
11997,673,15
42233,1187,15
46659,1221,15
13157,707,15
28847,979,15
6065,543,15
20985,859,15
19349,839,15
6755,555,15
13225,717,15
10145,649,15
4987,469,15
28681,977,15
9421,631,15
18557,803,15
13561,711,15
19155,797,15
18175,799,15
31701,1041,15
16777,779,15
13269,717,15
8783,621,15
367,171,15
37969,1173,15
20275,909,15
22101,907,15
50851,1301,15
18045,855,15
13407,753,15
20545,869,15
20361,867,15
28763,1005,15
30609,1031,15
1625,331,15
21833,909,15
2629,367,15
2629,367,15
12623,675,15
36457,1105,15
12449,695,15
3679,451,15
14455,739,15
35273,1057,15
39479,1125,15
20945,869,15
24473,943,15
20047,851,15
2973,403,15
13583,747,15
43877,1213,15
13467,741,15
24511,945,15
7239,563,15
21779,883,15
20533,861,15
11923,681,15
10877,659,15
7029,559,15
21865,871,15
11947,711,15
26861,947,15
19637,859,15
31463,1063,15
13487,733,15
22655,867,15
43351,1235,15
27541,981,15
7319,547,15
8863,593,15
7083,577,15
50515,1311,15
1613,325,15
9829,637,15
14889,763,15
3079,389,15
21123,895,15
2265,349,15
20923,887,15
9027,603,15
21711,917,15
31161,1029,15
8311,605,15
18421,833,15
30187,1009,15
32963,1083,15
3995,463,15
25493,959,15
18971,809,15
8533,607,15
18931,823,15
13873,745,15
33727,1061,15
8475,559,15
9151,633,15
9231,627,15
34743,1109,15
8075,603,15
3677,443,15
1949,341,15
14843,727,15
1881,351,15
11025,663,15
11761,673,15
14753,765,15
10905,675,15
21247,875,15
19789,847,15
18647,841,15
6629,543,15
26719,971,15
5671,517,15
27777,999,15
21129,885,15
22871,907,15
13905,755,15
6535,539,15
17563,819,15
12889,725,15
36787,1167,15
23795,937,15
4005,433,15
16313,801,15
26279,981,15
21869,909,15
17701,779,15
13623,719,15
28613,991,15
27253,979,15
17157,775,15
15133,751,15
20117,845,15
15215,769,15
37391,1107,15
45175,1219,15
25083,961,15
64783,1427,15
28271,1027,15
10905,641,15
13067,679,15
19761,835,15
12243,721,15
909,253,15
5741,497,15
32151,1041,15
26339,973,15
22867,897,15
9393,615,15
6085,493,15
9505,603,15
9779,647,15
31245,1029,15
17721,781,15
15429,775,15
24559,955,15
52423,1287,15
7327,559,15
22397,911,15
26605,979,15
21587,877,15
32381,1071,15
22825,903,15
12871,715,15
8669,605,15
36609,1097,15
46069,1265,15
31547,1067,15
5025,505,15
8481,585,15
3785,431,15
8009,579,15
25683,967,15
35741,1119,15
8451,579,15
21981,885,15
5863,527,15
3615,417,15
6829,577,15
19969,857,15
21807,907,15
34763,1091,15
17543,821,15
9607,609,15
32597,1065,15
17157,787,15
14129,729,15
5625,527,15
2393,371,15
2933,385,15
11193,667,15
367,187,15
21467,915,15
14759,803,15
20627,875,15
14375,763,15
19553,825,15
6423,539,15
23475,933,15
10259,667,15
5477,487,15
6931,575,15
38203,1139,15
15913,785,15
11193,667,15
4573,475,15
8521,577,15
70159,1519,15
15963,761,15
21003,885,15
22845,921,15
12581,685,15
23903,955,15
16229,799,15
28333,1003,15
41183,1141,15
48509,1249,15
67309,1471,15
58189,1339,15
20373,869,15
31099,999,15
17381,763,15
25401,921,15
45501,1191,15
29751,997,15
31923,1021,15
27915,951,15
49913,1251,15
39457,1161,15
18715,829,15
25119,943,15
17643,849,15
60869,1441,15
2749,419,15
4191,451,15
22943,915,15
839,259,15
6699,539,15
13375,681,15
15791,785,15
32555,1031,15
26523,943,15
4743,465,15
12791,707,15
34663,1047,15
19797,853,15
20453,841,15
30445,1001,15
32659,1051,15
30021,1025,15
43453,1175,15
19991,829,15
11943,661,15
12595,697,15
9495,637,15
7821,593,15
5529,503,15
8289,583,15
22537,885,15
15839,747,15
36165,1083,15
14933,759,15
13757,729,15
33559,1071,15
30513,1027,15
39147,1127,15
46165,1199,15
26593,975,15
17155,811,15
34271,1101,15
11513,657,15
10467,639,15
36469,1089,15
13275,705,15
39833,1131,15
17215,817,15
46449,1219,15
36407,1097,15
14109,751,15
10035,639,15
20869,859,15
6799,567,15
21193,869,15
14317,737,15
6045,515,15
5713,471,15
5367,475,15
34905,1071,15
28183,953,15
31051,1001,15
14613,715,15
13663,729,15
18245,837,15
7037,537,15
35245,1083,15
7843,525,15
10333,625,15
10627,693,15
24339,983,15
9117,595,15
23439,899,15
10423,623,15
1989,337,15
27513,987,15
8399,583,15
27475,993,15
37645,1153,15
39635,1175,15
13809,775,15
42487,1195,15
44149,1209,15
6463,553,15
7749,575,15
14041,723,15
10435,663,15
5627,563,15
12377,693,15
44593,1207,15
8549,601,15
96847,1699,15
32509,1059,15
24361,927,15
29109,987,15
19003,861,15
67687,1437,15
8351,597,15
19613,859,15
14287,723,15
44361,1217,15
5489,515,15
16457,815,15
44511,1153,15
37371,1087,15
59407,1391,15
10925,665,15
24669,903,15
31765,1037,15
23603,905,15
21517,903,15
39289,1133,15
31139,1005,15
15375,785,15
51809,1311,15
69367,1459,15
6361,535,15
22919,903,15
6597,551,15
47013,1241,15
19393,869,15
8243,589,15
103339,1753,15
12667,689,15
19871,863,15
9267,633,15
10679,661,15
42215,1161,15
39089,1123,15
21157,885,15
45873,1259,15
34395,1101,15
7533,581,15
12451,691,15
6379,543,15
3579,433,15
20913,893,15
26107,989,15
9889,657,15
59655,1385,15
40591,1109,15
32609,1045,15
2013,373,15
5095,515,15
4301,461,15
24977,933,15
14481,715,15
17593,833,15
17345,789,15
25501,933,15
48363,1255,15
37231,1145,15
7773,599,15
18241,799,15
12323,665,15
27907,1001,15
3697,441,15
7383,577,15
17937,851,15
6045,545,15
21577,865,15
35929,1151,15
47659,1259,15
41393,1149,15
17059,803,15
18485,829,15
5699,545,15
6213,551,15
43767,1199,15
39319,1133,15
33003,1063,15
23883,913,15
17291,817,15
1813,321,15
39697,1105,15
32541,1035,15
84549,1625,15
7873,569,15
9627,615,15
21943,891,15
11427,695,15
46035,1197,15
4733,483,15
9097,595,15
14997,799,15
16623,801,15
3301,437,15
4725,493,15
10277,655,15
10327,653,15
16935,837,15
2615,417,15
37955,1135,15
9,15,15
3673,313,15
7911,427,15
7439,429,15
5645,389,15
5587,405,15
3621,309,15
3063,221,15
3655,275,15
4089,45,15
5031,305,15
8747,463,15
5457,377,15
1909,247,15
4679,301,15
709,39,15
2949,297,15
2423,219,15
1497,153,15
1329,213,15
1073,87,15
187,83,15
2605,265,15
4993,345,15
7377,301,15
2215,91,15
5677,357,15
3775,213,15
1533,177,15
7679,441,15
715,35,15
2145,223,15
2683,269,15
5803,375,15
3445,283,15
2609,221,15
3643,33,15
11307,541,15
2425,229,15
1647,219,15
3201,253,15
2797,271,15
6643,375,15
1941,35,15
1927,233,15
1911,187,15
1361,159,15
949,55,15
1127,159,15
10779,529,15
2159,229,15
689,115,15
443,91,15
43,7,15
3831,287,15
4933,313,15
3801,259,15
4665,247,15
3909,267,15
1683,159,15
5671,375,15
1935,167,15
219,39,15
1237,5,15
3385,309,15
5571,329,15
3385,309,15
5875,377,15
10087,505,15
3685,289,15
5401,393,15
747,123,15
379,1,15
3133,153,15
8511,457,15
2969,139,15
3103,25,15
3763,279,15
1611,229,15
1215,109,15
965,191,15
2601,277,15
2023,121,15
3545,315,15
2093,143,15
13993,589,15
7433,421,15
5697,387,15
1947,95,15
5007,359,15
1415,91,15
3663,229,15
8207,463,15
2537,223,15
4853,367,15
10635,533,15
11379,537,15
3567,197,15
451,45,15
1495,167,15
11105,513,15
4869,311,15
16249,619,15
12073,563,15
14309,595,15
6577,433,15
3833,313,15
2687,215,15
6647,313,15
2429,75,15
1801,17,15
2419,25,15
4137,161,15
815,135,15
8857,491,15
899,101,15
3371,299,15
4829,375,15
6843,409,15
3163,143,15
3065,255,15
3343,133,15
2003,125,15
2901,203,15
3689,311,15
8547,469,15
5277,335,15
1785,235,15
8547,469,15
8061,459,15
2373,239,15
7367,459,15
1085,123,15
2707,213,15
721,65,15
1323,35,15
925,31,15
3603,307,15
1589,165,15
8637,471,15
1889,27,15
4087,263,15
6697,375,15
4525,309,15
1497,103,15
5537,373,15
7087,409,15
6513,363,15
2625,221,15
709,83,15
3329,235,15
879,51,15
695,55,15
1979,87,15
6329,415,15
1431,215,15
1243,7,15
669,41,15
2645,257,15
2919,245,15
12279,547,15
12619,537,15
2737,73,15
9965,483,15
5283,363,15
1379,179,15
5833,341,15
6921,369,15
1757,185,15
4523,305,15
4817,365,15
623,9,15
1281,39,15
1149,147,15
421,73,15
813,17,15
1603,169,15
413,1,15
1363,49,15
1343,145,15
1681,207,15
1239,179,15
7857,459,15
241,27,15
3801,307,15
623,27,15
2213,15,15
1523,159,15
2585,197,15
1113,7,15
13567,567,15
4277,337,15
99,25,15
10387,533,15
2505,201,15
1277,97,15
6357,407,15
3519,247,15
2727,243,15
1829,195,15
971,119,15
9225,475,15
6069,343,15
8089,441,15
2859,213,15
6485,339,15
539,63,15
4781,341,15
3485,219,15
1013,31,15
3167,319,15
581,59,15
3771,287,15
1167,67,15
3423,289,15
1883,175,15
549,65,15
101,11,15
9177,425,15
2813,63,15
3617,261,15
4087,331,15
765,133,15
9655,489,15
2077,245,15
91,47,15
2071,215,15
9101,435,15
2515,291,15
985,189,15
1775,223,15
2943,245,15
2075,111,15
2787,243,15
7231,425,15
1357,91,15
4451,293,15
2965,289,15
1733,253,15
3385,329,15
4763,359,15
1941,215,15
7071,439,15
2249,205,15
4805,299,15
5323,357,15
2939,243,15
5277,363,15
1931,169,15
4887,349,15
1485,213,15
1335,119,15
6619,425,15
2993,263,15
1775,173,15
5631,339,15
943,65,15
10651,461,15
1703,47,15
20081,977,16
32671,1237,16
15447,923,16
10607,791,16
24115,1093,16
28673,1183,16
18417,929,16
29043,1171,16
35629,1235,16
60647,1583,16
8161,679,16
29701,1163,16
45311,1415,16
14151,871,16
33879,1233,16
3933,541,16
28033,1127,16
29207,1183,16
44683,1363,16
58071,1543,16
84299,1809,16
23121,1075,16
1561,385,16
24073,1025,16
24593,1051,16
39105,1303,16
37055,1287,16
43285,1359,16
36103,1209,16
68465,1627,16
60147,1521,16
78937,1759,16
25907,1043,16
24069,1081,16
52287,1475,16
7039,679,16
28503,1117,16
36931,1317,16
91339,1935,16
70969,1757,16
33041,1213,16
33553,1217,16
13901,873,16
18823,969,16
107063,2041,16
67131,1667,16
33183,1215,16
24685,1057,16
82351,1793,16
58005,1521,16
79845,1771,16
63393,1651,16
7907,655,16
36289,1251,16
31471,1107,16
22177,991,16
33799,1241,16
40283,1317,16
61747,1557,16
18839,963,16
13789,859,16
10283,751,16
37367,1269,16
66471,1631,16
81259,1779,16
26433,1139,16
46061,1407,16
10175,747,16
49229,1429,16
44515,1357,16
38979,1303,16
13521,831,16
51065,1499,16
78689,1777,16
60743,1567,16
22711,1037,16
15457,919,16
20367,1069,16
31267,1155,16
51549,1467,16
23375,1037,16
13779,855,16
53831,1487,16
46399,1377,16
12827,781,16
23541,1131,16
34297,1311,16
37387,1309,16
70839,1677,16
36001,1287,16
46551,1339,16
29753,1193,16
21655,1045,16
21711,1049,16
23847,1035,16
34183,1279,16
63323,1621,16
6377,599,16
11807,779,16
21073,1007,16
51527,1481,16
67651,1683,16
29429,1161,16
39733,1303,16
79553,1823,16
10783,769,16
79131,1725,16
47671,1373,16
18147,1015,16
69351,1703,16
40459,1357,16
46675,1395,16
33481,1231,16
19951,1053,16
30219,1175,16
80481,1787,16
51523,1521,16
81815,1851,16
57345,1565,16
33015,1177,16
20191,951,16
33669,1273,16
25023,1107,16
26647,1147,16
42385,1411,16
12615,851,16
11753,829,16
42249,1325,16
52431,1517,16
71299,1667,16
20253,1017,16
24649,1089,16
14815,961,16
63071,1583,16
46769,1455,16
30769,1179,16
29535,1109,16
55487,1517,16
35181,1221,16
10491,803,16
61537,1569,16
11717,819,16
69943,1701,16
100701,1941,16
92911,1893,16
74305,1725,16
41403,1373,16
18281,951,16
34169,1221,16
43987,1359,16
20321,1017,16
10895,805,16
7793,637,16
35307,1247,16
18305,941,16
57749,1535,16
124753,2163,16
57329,1517,16
99245,1931,16
26555,1129,16
39533,1313,16
6883,675,16
18637,1007,16
32547,1209,16
65339,1553,16
111277,2067,16
17909,955,16
47537,1441,16
6419,659,16
25495,1073,16
74875,1737,16
76163,1749,16
74497,1723,16
52149,1465,16
59037,1547,16
169717,2415,16
13771,833,16
38871,1327,16
44175,1349,16
106805,2045,16
89239,1867,16
23645,1095,16
35095,1229,16
21767,975,16
45757,1403,16
59291,1541,16
23431,1075,16
66759,1641,16
50931,1521,16
16503,957,16
62701,1635,16
6111,629,16
32027,1193,16
89777,1917,16
62901,1569,16
8591,745,16
44739,1407,16
35053,1233,16
28423,1171,16
24535,1103,16
78419,1721,16
41719,1359,16
44189,1399,16
34157,1179,16
34525,1229,16
30627,1175,16
10679,747,16
64007,1631,16
33903,1323,16
35071,1287,16
42311,1363,16
22141,1053,16
39847,1381,16
59977,1571,16
23431,1025,16
87327,1813,16
40273,1263,16
36349,1305,16
12113,801,16
44677,1361,16
30805,1165,16
3107,457,16
82029,1821,16
3091,471,16
35263,1331,16
48817,1367,16
73229,1715,16
69761,1653,16
34663,1261,16
47347,1397,16
9767,743,16
71843,1699,16
90697,1911,16
75593,1739,16
74129,1735,16
93487,1933,16
9949,773,16
76127,1749,16
53299,1453,16
26129,1169,16
108649,2067,16
71189,1703,16
27575,1093,16
41463,1361,16
37455,1255,16
14741,889,16
42791,1335,16
49721,1407,16
71859,1727,16
33673,1265,16
60283,1553,16
38043,1263,16
28257,1155,16
132403,2203,16
89349,1853,16
85173,1925,16
20545,1005,16
116633,2111,16
18001,945,16
34315,1241,16
140531,2307,16
53431,1485,16
19743,1023,16
33915,1197,16
28263,1071,16
15223,931,16
1431,369,16
37931,1245,16
41927,1309,16
15643,871,16
13059,813,16
49339,1481,16
76933,1791,16
35439,1261,16
47965,1473,16
26117,1067,16
24005,1097,16
204405,2743,16
107639,2057,16
34291,1171,16
55163,1511,16
41153,1367,16
82321,1817,16
44739,1447,16
81133,1791,16
8293,743,16
55311,1505,16
53519,1505,16
447,197,16
3677,481,16
111687,2063,16
5227,581,16
16211,877,16
3515,465,16
525,235,16
27333,1107,16
34555,1167,16
52941,1435,16
25801,1037,16
65091,1599,16
50189,1411,16
78159,1765,16
15373,891,16
23617,1053,16
39269,1287,16
27785,1161,16
81383,1723,16
43063,1323,16
33607,1199,16
1591,347,16
49561,1425,16
52295,1511,16
21073,981,16
38045,1255,16
58043,1615,16
53317,1609,16
25317,1081,16
10753,811,16
155181,2317,16
2957,505,16
47979,1541,16
63269,1623,16
33117,1221,16
63745,1625,16
3429,473,16
4579,537,16
82025,1857,16
71931,1661,16
45877,1423,16
87433,1797,16
217819,2749,16
25689,1141,16
32799,1275,16
35533,1275,16
72483,1715,16
60065,1583,16
47131,1389,16
57579,1491,16
100547,1945,16
18643,947,16
1385,347,16
26143,1187,16
89851,1917,16
53883,1493,16
129583,2199,16
141739,2249,16
83969,1845,16
34367,1275,16
26395,1143,16
38361,1325,16
16789,903,16
190975,2581,16
45469,1375,16
94947,1899,16
14581,873,16
70183,1697,16
101099,2005,16
141477,2273,16
63359,1603,16
75995,1755,16
44291,1403,16
70731,1747,16
16903,941,16
3585,493,16
34277,1335,16
6637,605,16
25861,1107,16
12435,855,16
94943,1839,16
23027,1061,16
58173,1531,16
27365,1183,16
34551,1287,16
105047,1963,16
45465,1353,16
114615,2057,16
102205,1971,16
51645,1463,16
16397,891,16
9033,781,16
11191,785,16
23977,1053,16
22283,1121,16
73853,1729,16
105681,2033,16
55541,1511,16
30473,1225,16
33439,1257,16
112649,2031,16
70999,1765,16
106081,1991,16
72705,1731,16
132463,2201,16
25281,1121,16
77907,1821,16
7241,659,16
24677,1109,16
811,275,16
1853,397,16
3959,513,16
3591,459,16
15801,951,16
97243,1927,16
35253,1305,16
19383,1001,16
9061,769,16
30789,1137,16
74847,1745,16
3447,515,16
38023,1313,16
1745,359,16
13853,881,16
17125,929,16
24247,1095,16
36439,1249,16
47031,1413,16
17697,901,16
52227,1485,16
1361,353,16
95795,1909,16
25767,1135,16
54851,1505,16
4525,527,16
40375,1297,16
18601,943,16
63357,1623,16
9359,699,16
98635,1975,16
29189,1129,16
23683,1067,16
25063,1125,16
22515,1033,16
3309,337,16
3019,153,16
1185,117,16
28529,913,16
6069,381,16
5415,391,16
13077,621,16
895,31,16
8633,525,16
2279,261,16
5503,109,16
8855,413,16
4651,19,16
2455,225,16
5269,397,16
16103,687,16
1683,107,16
7073,527,16
5091,287,16
6979,149,16
5853,3,16
3385,179,16
9147,261,16
28929,855,16
18473,531,16
8789,107,16
2525,297,16
14819,281,16
3585,177,16
19483,729,16
4357,221,16
3519,199,16
15235,579,16
5913,417,16
3967,291,16
2579,237,16
2895,117,16
1309,109,16
4237,209,16
461,121,16
3139,353,16
9037,379,16
4623,315,16
13025,627,16
2609,331,16
5481,443,16
17691,733,16
8145,511,16
13355,567,16
7199,303,16
4511,27,16
5017,23,16
11221,477,16
3121,231,16
5451,65,16
13133,665,16
12925,443,16
8475,93,16
11819,601,16
3701,95,16
8191,285,16
2305,251,16
18707,765,16
3611,293,16
13599,511,16
6291,121,16
4189,395,16
5575,343,16
8707,351,16
5597,367,16
10289,547,16
2189,131,16
1061,129,16
8555,451,16
30021,941,16
6247,409,16
25889,859,16
21401,805,16
6971,405,16
3691,303,16
3373,253,16
6799,61,16
19169,729,16
8773,81,16
2729,253,16
4563,11,16
8735,409,16
27103,847,16
16349,671,16
2235,93,16
4133,331,16
7341,391,16
10879,575,16
6745,307,16
1863,15,16
2643,81,16
4347,353,16
5551,283,16
3803,383,16
4221,357,16
17277,693,16
1439,11,16
5965,427,16
2145,85,16
17779,677,16
10161,393,16
6475,127,16
2187,71,16
2091,161,16
1655,223,16
25073,853,16
2971,333,16
4345,393,16
5585,133,16
38983,1079,16
5003,273,16
4205,265,16
5629,281,16
5777,43,16
1723,151,16
4121,245,16
15713,705,16
967,47,16
2709,217,16
4217,279,16
4891,311,16
21145,777,16
7089,381,16
3043,105,16
13509,633,16
30323,937,16
9307,175,16
6221,429,16
5139,29,16
11081,587,16
1669,101,16
12461,607,16
5637,439,16
7669,493,16
5989,381,16
7813,181,16
14693,647,16
7877,461,16
31183,971,16
8611,115,16
713,17,16
1165,165,16
1021,3,16
4557,421,16
5685,375,16
5577,411,16
5569,371,16
4893,429,16
2633,261,16
3467,185,16
7077,475,16
7715,441,16
7491,431,16
11429,537,16
4355,339,16
5135,375,16
7211,483,16
6687,393,16
4957,395,16
28449,927,16
847,29,16
9345,435,16
2379,103,16
21223,785,16
551,23,16
1257,105,16
1815,133,16
4931,349,16
7825,493,16
4691,87,16
5517,135,16
5613,369,16
14695,649,16
5747,11,16
6791,457,16
2063,267,16
4565,341,16
9761,569,16
851,155,16
3475,377,16
4869,391,16
6893,431,16
4847,389,16
4819,407,16
2719,273,16
12749,673,16
505,59,16
7443,319,16
4145,329,16
3091,251,16
1661,187,16
241,1,16
327,33,16
5149,361,16
2021,181,16
1843,271,16
5193,329,16
19197,747,16
4019,115,16
6273,379,16
3529,131,16
5759,377,16
1795,93,16
3133,245,16
4501,325,16
5113,247,16
5947,243,16
37873,1029,16
20885,783,16
3285,139,16
2503,205,16
9663,571,16
2113,189,16
10321,591,16
29935,947,16
9939,457,16
1151,47,16
11073,539,16
20023,743,16
3235,247,16
3399,203,16
2035,191,16
1063,73,16
10853,565,16
11057,427,16
7941,531,16
9757,551,16
2861,35,16
15127,669,16
2981,277,16
14399,713,16
6939,421,16
15551,665,16
13745,611,16
12913,625,16
4393,273,16
2823,135,16
8281,439,16
5419,309,16
5729,415,16
573,111,16
1111,213,16
13477,627,16
869,203,16
9003,541,16
5703,361,16
7149,475,16
13509,633,16
10203,521,16
2889,71,16
2217,63,16
5027,135,16
12401,615,16
2263,115,16
8311,453,16
7665,391,16
3097,171,16
12177,607,16
2831,333,16
4657,315,16
2949,177,16
3855,205,16
6079,487,16
10727,583,16
13593,673,16
3507,281,16
5767,373,16
28459,879,16
8395,435,16
11643,533,16
26347,869,16
245,5,16
24639,867,16
12835,551,16
4805,349,16
1617,237,16
3155,339,16
5307,423,16
6085,387,16
15985,675,16
1905,93,16
10461,549,16
573,81,16
10789,567,16
20297,675,16
15633,723,16
4881,159,16
2679,237,16
15669,693,16
14871,579,16
10653,495,16
2129,7,16
3535,217,16
3973,41,16
1635,31,16
2591,65,16
3705,287,16
3343,237,16
4903,299,16
16931,641,16
1139,149,16
1441,121,16
3505,139,16
7433,363,16
1913,215,16
9913,481,16
1043,109,16
5987,405,16
3911,341,16
4483,293,16
1193,5,16
1193,57,16
8277,491,16
4609,279,16
14251,517,16
8077,429,16
797,77,16
957,89,16
1961,99,16
8651,535,16
1791,267,16
35073,991,16
3869,127,16
269,13,16
955,27,16
775,87,16
17581,683,16
14257,593,16
1593,137,16
10145,487,16
8171,517,16
4481,309,16
5493,365,16
4671,315,16
11385,589,16
2589,75,16
1471,113,16
3473,107,16
15311,529,16
11557,449,16
12953,575,16
10313,575,16
3309,321,16
4491,279,16
2251,69,16
763,53,16
3643,233,16
4823,273,16
2793,249,16
8937,525,16
5441,383,16
9551,45,16
933,41,16
13133,639,16
985,141,16
2847,343,16
4019,369,16
4019,35,16
3893,205,16
11343,585,16
4807,347,16
4793,325,16
20839,797,16
