9,1,3
7,1,4
9,1,5
9,1,5
11,2,6
17,1,6
27,1,6
9,1,7
11,1,7
21,1,7
23,2,7
35,1,7
45,1,7
53,2,7
9,1,8
21,1,8
27,1,8
25,1,8
35,2,8
51,1,8
47,1,8
55,2,8
59,2,8
69,3,8
69,3,8
83,1,8
79,1,8
93,1,8
105,2,8
117,2,8
135,1,8
203,3,8
13,1,8
11,2,8
31,2,8
9,2,9
11,2,9
19,1,9
25,2,9
27,1,9
47,3,9
59,1,9
59,1,9
69,1,9
85,2,9
73,2,9
91,2,9
101,1,9
93,1,9
121,2,9
117,2,9
105,2,9
135,1,9
129,1,9
121,1,9
145,1,9
137,1,9
159,3,9
165,3,9
179,1,9
173,1,9
191,2,9
215,2,9
195,2,9
231,1,9
243,2,9
287,1,9
311,1,9
401,2,9
45,3,9
95,1,9
163,3,9
271,2,9
249,2,9
475,3,9
175,2,9
7,1,9
15,1,9
29,1,9
55,1,9
19,2,9
77,3,9
85,3,9
73,2,9
11,1,10
19,1,10
25,2,10
23,3,10
41,2,10
73,1,10
95,1,10
29,1,10
73,2,10
93,3,10
113,1,10
127,1,10
171,1,10
195,2,10
87,1,10
121,1,10
87,1,10
173,2,10
135,2,10
61,2,10
111,3,10
137,2,10
221,1,10
191,2,10
271,2,10
233,1,10
321,1,10
145,1,10
243,3,10
269,1,10
199,2,10
297,2,10
251,2,10
61,1,10
139,2,10
141,2,10
179,1,10
205,1,10
229,1,10
367,3,10
315,1,10
429,4,10
339,1,10
393,1,10
503,1,10
35,1,10
75,1,10
141,2,10
205,1,10
165,1,10
303,1,10
199,1,10
339,1,10
113,1,10
227,1,10
267,2,10
419,1,10
265,2,10
367,3,10
477,2,10
45,2,10
101,3,10
189,2,10
153,2,10
255,3,10
361,3,10
249,3,10
185,2,10
509,2,10
295,1,10
395,2,10
353,1,10
463,1,10
257,3,10
425,4,10
219,2,10
263,3,10
297,2,10
251,1,10
333,1,10
499,2,10
229,3,10
457,1,10
519,2,10
163,2,10
475,2,10
417,4,10
695,1,10
691,3,10
383,2,10
333,1,10
529,1,10
255,1,10
307,1,10
573,2,10
587,2,10
503,2,10
435,4,10
435,4,10
231,2,10
471,2,10
333,1,10
363,3,10
389,2,10
565,2,10
365,3,10
609,2,10
217,3,10
495,2,10
467,1,10
381,2,10
471,2,10
863,2,10
561,2,10
835,1,10
587,2,10
727,1,10
611,1,10
689,1,10
757,3,10
931,2,10
735,3,10
987,2,10
13,0,10
15,1,10
27,1,10
71,1,10
17,1,10
55,2,10
19,1,10
75,1,10
11,1,10
29,1,10
43,1,10
125,1,10
27,2,10
51,2,10
99,2,10
21,1,10
17,2,10
35,2,10
23,2,10
61,3,10
139,2,10
21,1,10
95,2,10
61,3,10
89,1,10
157,1,10
71,1,10
169,1,10
49,1,10
31,0,10
47,1,10
53,2,10
117,2,10
227,2,10
195,3,10
143,2,10
43,2,10
15,1,10
113,2,10
241,2,10
185,3,10
129,2,10
907,1,11
1095,1,11
747,2,11
449,1,11
883,3,11
1025,4,11
449,2,11
711,3,11
151,2,11
619,1,11
667,1,11
579,1,11
135,1,11
1017,2,11
591,1,11
589,3,11
885,2,11
911,1,11
1413,2,11
737,1,11
241,3,11
507,1,11
573,1,11
1457,1,11
1413,2,11
1457,1,11
1161,2,11
785,2,11
667,2,11
1283,1,11
857,3,11
1073,1,11
417,2,11
759,2,11
789,2,11
795,2,11
399,2,11
783,3,11
493,1,11
355,1,11
709,2,11
629,1,11
1051,4,11
789,3,11
389,2,11
333,2,11
789,3,11
713,1,11
639,3,11
321,1,11
757,2,11
1031,1,11
415,1,11
1103,1,11
213,1,11
661,1,11
541,3,11
321,4,11
55,1,11
361,2,11
531,1,11
99,2,11
451,2,11
535,1,11
135,1,11
749,2,11
833,3,11
489,1,11
1119,2,11
1347,1,11
1433,2,11
1289,3,11
1783,2,11
205,1,11
347,1,11
1179,2,11
929,1,11
843,2,11
1133,2,11
1021,1,11
799,1,11
413,2,11
649,1,11
545,1,11
577,1,11
381,2,11
795,2,11
535,1,11
763,2,11
327,2,11
889,2,11
549,1,11
391,2,11
625,1,11
217,1,11
799,2,11
205,1,11
291,2,11
939,4,11
1123,2,11
1643,1,11
545,3,11
305,4,11
873,3,11
655,1,11
433,2,11
615,2,11
479,3,11
733,3,11
477,1,11
493,1,11
873,3,11
595,1,11
1329,1,11
773,2,11
1089,1,11
725,3,11
387,2,11
255,2,11
647,1,11
761,2,11
909,1,11
705,3,11
1417,2,11
1813,3,11
1189,2,11
981,1,11
941,2,11
629,1,11
827,2,11
981,1,11
1039,4,11
279,1,11
823,2,11
1301,3,11
1529,1,11
601,2,11
1475,2,11
511,3,11
153,2,11
499,1,11
123,1,11
413,1,11
273,1,11
317,1,11
829,2,11
1305,1,11
665,2,11
901,1,11
851,3,11
885,1,11
691,3,11
399,1,11
217,1,11
1733,3,11
439,2,11
1031,4,11
729,2,11
681,2,11
1177,2,11
111,2,11
1603,1,11
723,2,11
1649,2,11
317,4,11
149,1,11
663,1,11
869,3,11
767,2,11
2015,2,11
1933,2,11
1129,1,11
1061,4,11
247,1,11
545,3,11
641,2,11
433,1,11
783,2,11
101,2,11
375,1,11
511,3,11
205,1,11
711,2,11
351,2,11
585,1,11
491,2,11
755,3,11
167,1,11
1283,1,11
305,2,11
337,1,11
441,1,11
463,2,11
407,2,11
87,1,11
1235,3,11
1173,2,11
689,2,11
491,3,11
349,2,11
319,4,11
695,2,11
137,3,11
525,1,11
385,2,11
359,2,11
597,3,11
1181,2,11
241,1,11
177,1,11
1407,3,11
1267,2,11
187,2,11
921,2,11
1235,3,11
1135,1,11
983,1,11
371,2,11
361,2,11
295,1,11
533,1,11
229,3,11
421,1,11
93,1,11
221,1,11
1199,2,11
1035,2,11
235,1,11
89,2,11
541,3,11
805,2,11
1779,1,11
39,1,11
249,1,11
539,3,11
453,2,11
177,2,11
2287,3,11
147,1,11
487,2,11
87,1,11
215,2,11
1275,3,11
291,3,11
53,1,11
11,1,11
1429,2,11
631,3,11
333,2,11
1031,2,11
961,1,11
1031,2,11
961,1,11
1127,2,11
899,2,11
467,1,11
235,3,11
267,1,11
217,2,11
847,2,11
575,1,11
331,4,11
983,4,11
579,1,11
2609,2,11
2141,1,11
1031,1,11
1217,1,11
1015,1,11
1707,3,11
1277,1,11
1507,2,11
1645,3,11
985,2,11
1541,2,11
973,4,11
1055,2,11
351,2,11
571,3,11
1363,2,11
801,1,11
1215,3,11
1941,1,11
1471,2,11
1187,3,11
2003,1,11
2579,2,11
1169,2,11
1047,2,11
491,3,11
909,2,11
255,4,11
829,2,11
629,1,11
641,2,11
1809,3,11
955,1,11
437,1,11
1343,3,11
2369,1,11
1425,2,11
1207,1,11
751,3,11
947,4,11
547,3,11
309,1,11
201,1,11
419,2,11
157,1,11
297,1,11
771,2,11
223,2,11
1741,3,11
1449,1,11
783,2,11
833,3,11
1099,4,11
801,2,11
611,1,11
841,2,11
1295,1,11
273,1,11
467,3,11
441,2,11
1655,2,11
2039,2,11
1249,1,11
1121,2,11
331,1,11
739,2,11
2241,4,11
165,2,11
89,2,11
281,3,11
141,1,11
395,1,11
209,2,11
141,2,11
389,2,11
143,1,11
23,1,11
25,1,11
949,2,11
367,2,11
377,2,11
661,2,11
1087,2,11
1331,2,11
1981,2,11
1589,3,11
909,4,11
859,2,11
539,3,11
67,3,11
333,1,11
437,2,11
29,1,11
121,1,11
119,2,11
209,2,11
43,2,11
33,2,11
19,2,11
109,2,11
359,4,11
9,1,11
53,3,11
235,2,11
137,1,11
173,2,11
391,1,11
87,1,11
339,1,11
211,1,11
67,1,11
333,2,11
247,2,11
33,1,11
19,2,11
139,3,11
89,2,11
95,1,11
137,1,11
65,2,11
9,1,11
49,1,11
173,2,11
233,2,11
73,1,11
51,1,11
175,1,11
113,1,11
41,1,11
29,2,11
189,2,11
73,2,11
67,1,11
379,2,11
203,2,11
91,0,11
619,1,11
339,1,11
57,2,11
11,1,11
139,2,11
483,1,11
205,1,11
91,0,11
619,1,11
339,1,11
139,2,11
483,1,11
205,1,11
63,1,11
27,0,11
61,2,11
51,1,11
259,1,11
91,1,11
123,1,11
261,1,11
71,2,11
19,1,11
69,2,11
199,1,11
57,1,11
37,1,11
75,2,11
87,2,11
19,2,11
87,2,11
439,3,11
67,2,11
307,3,11
151,3,11
23,1,11
291,3,11
501,4,11
67,2,11
67,2,11
291,3,11
135,3,11
131,3,11
135,3,11
21,2,11
85,2,11
73,3,11
35,1,11
185,2,11
99,2,11
137,3,11
101,2,11
185,2,11
29,1,11
275,1,11
117,1,11
57,1,11
39,2,11
171,1,11
253,2,11
117,2,11
51,1,11
63,2,11
369,2,11
125,2,11
145,3,11
101,2,11
31,1,11
307,2,11
37,1,11
359,2,11
55,3,11
47,2,11
431,1,11
251,2,11
145,1,11
45,1,11
245,2,11
81,2,11
227,1,11
475,2,11
27,0,11
105,2,11
49,2,11
351,2,11
155,1,11
149,3,11
57,3,11
249,2,11
273,1,11
329,3,11
71,3,11
233,2,11
123,1,11
143,1,11
207,1,11
373,1,11
55,2,11
77,2,11
185,1,11
31,1,11
303,3,11
227,2,11
31,2,11
17,2,11
183,2,11
31,2,11
93,2,11
49,2,11
331,2,11
47,2,11
307,3,11
127,1,11
431,3,11
81,2,11
441,3,11
137,1,11
137,1,11
235,2,11
499,1,11
161,2,11
445,2,11
327,2,11
141,3,11
403,1,11
345,1,11
295,3,11
195,2,11
181,3,11
593,2,11
275,1,11
331,3,11
429,3,11
79,2,11
301,3,11
327,2,11
177,2,11
175,3,11
753,1,11
309,2,11
321,3,11
545,1,11
723,2,11
467,2,11
223,2,11
135,3,11
679,2,11
85,2,11
607,2,11
891,3,11
2121,2,12
1163,3,12
3115,2,12
3115,2,12
1793,2,12
1771,1,12
849,1,12
1685,4,12
1687,4,12
1419,2,12
1143,2,12
123,1,12
2083,1,12
1995,2,12
1535,1,12
947,1,12
1463,3,12
3391,3,12
1477,1,12
2391,2,12
2067,1,12
1963,2,12
745,2,12
1319,1,12
2367,1,12
2227,2,12
2141,2,12
2317,2,12
1089,1,12
2669,2,12
761,1,12
2669,2,12
2551,1,12
2551,1,12
2027,2,12
1475,2,12
191,2,12
403,1,12
411,1,12
993,1,12
2619,3,12
597,2,12
633,1,12
733,1,12
1335,1,12
1277,3,12
1385,3,12
1867,2,12
3235,1,12
1219,1,12
953,1,12
775,1,12
1669,4,12
907,3,12
2735,2,12
561,3,12
3755,1,12
2087,2,12
1635,1,12
2763,5,12
805,2,12
937,1,12
345,1,12
2233,2,12
1253,2,12
321,3,12
1547,2,12
875,2,12
799,1,12
1673,3,12
2207,1,12
1881,2,12
2845,5,12
903,3,12
2561,1,12
1987,3,12
1019,3,12
983,2,12
2301,2,12
929,3,12
911,3,12
1655,4,12
1955,3,12
3243,2,12
1259,3,12
2781,2,12
1923,1,12
369,3,12
1979,2,12
2451,3,12
2463,4,12
2597,1,12
3177,2,12
673,1,12
2945,3,12
4517,2,12
2325,4,12
5443,2,12
667,2,12
1171,1,12
803,3,12
569,3,12
1091,2,12
991,1,12
1545,4,12
3345,3,12
1505,2,12
1871,2,12
1027,2,12
3461,1,12
1715,1,12
2997,1,12
793,3,12
2083,1,12
797,3,12
1925,3,12
111,2,12
767,1,12
219,4,12
2391,4,12
1131,3,12
1511,2,12
3811,3,12
1799,3,12
2403,4,12
5197,2,12
877,1,12
1781,1,12
1667,1,12
1291,2,12
2119,2,12
3219,1,12
4241,2,12
1877,1,12
1895,2,12
3371,2,12
621,4,12
1437,2,12
1415,2,12
459,2,12
2073,2,12
1105,1,12
663,1,12
917,2,12
529,2,12
833,2,12
2581,3,12
425,1,12
481,2,12
899,1,12
663,1,12
1885,2,12
1671,1,12
999,2,12
395,1,12
2533,1,12
1913,1,12
2317,4,12
1253,3,12
547,3,12
693,4,12
1637,1,12
2927,2,12
1125,1,12
923,3,12
1673,3,12
3961,3,12
1389,3,12
445,3,12
1503,2,12
1033,3,12
1281,2,12
135,2,12
1083,2,12
779,2,12
1383,1,12
1929,2,12
1297,3,12
1551,2,12
2385,2,12
1539,1,12
331,3,12
703,1,12
517,2,12
2061,1,12
2001,2,12
443,1,12
575,1,12
2387,1,12
2493,1,12
933,2,12
1237,2,12
2373,1,12
2629,2,12
2417,3,12
425,1,12
497,3,12
2151,2,12
2551,1,12
2117,2,12
163,2,12
879,2,12
4409,2,12
1613,3,12
4653,2,12
2835,5,12
4953,4,12
1257,2,12
1279,3,12
1191,1,12
317,2,12
161,1,12
857,2,12
807,4,12
1073,2,12
1611,2,12
1141,1,12
457,2,12
771,2,12
1487,2,12
1657,4,12
247,1,12
247,2,12
2187,2,12
1543,2,12
211,1,12
3043,2,12
2237,2,12
1707,2,12
1277,1,12
1583,1,12
555,2,12
1147,1,12
139,1,12
665,3,12
643,1,12
235,2,12
1179,1,12
2419,1,12
4849,1,12
1503,2,12
4591,1,12
165,3,12
4521,2,12
3993,2,12
1889,3,12
4071,2,12
4437,2,12
1065,1,12
4927,2,12
3553,3,12
2967,5,12
1395,2,12
1475,4,12
2983,3,12
2267,4,12
1469,1,12
3227,3,12
3739,1,12
903,3,12
1721,1,12
2883,2,12
1499,4,12
2481,1,12
1613,2,12
2063,1,12
1995,2,12
3755,1,12
3975,1,12
2167,2,12
3063,2,12
311,3,12
2377,4,12
3219,1,12
2479,1,12
3941,3,12
2419,4,12
573,3,12
1365,3,12
2387,4,12
2427,1,12
1527,1,12
347,1,12
5023,2,12
6049,2,12
2753,5,12
615,1,12
937,3,12
229,1,12
233,2,12
285,1,12
449,1,12
521,2,12
973,2,12
1657,1,12
495,2,12
3327,2,12
1037,2,12
1835,2,12
817,2,12
4015,3,12
403,1,12
2489,1,12
2001,2,12
3041,2,12
3013,2,12
1571,2,12
3575,2,12
847,2,12
2699,2,12
3205,1,12
2153,2,12
1499,2,12
811,2,12
1429,3,12
2763,2,12
2979,5,12
255,3,12
3453,1,12
2007,2,12
1609,3,12
2099,2,12
2971,2,12
225,2,12
4233,3,12
3559,3,12
125,1,12
909,3,12
813,2,12
167,1,12
1173,1,12
695,1,12
461,1,12
469,2,12
23,2,12
4963,1,12
1061,2,12
739,1,12
999,3,12
2351,1,12
1685,4,12
205,2,12
699,4,12
4649,2,12
3305,2,12
5307,2,12
1203,3,12
2605,2,12
2193,1,12
1583,3,12
459,2,12
2261,3,12
449,3,12
547,2,12
209,2,12
1667,3,12
2391,4,12
899,3,12
1541,1,12
1697,1,12
2303,2,12
1589,1,12
1429,2,12
167,2,12
697,1,12
2323,4,12
251,1,12
999,2,12
43,1,12
1349,1,12
807,2,12
2991,1,12
2157,2,12
2577,3,12
847,2,12
1207,2,12
731,1,12
1101,1,12
805,2,12
869,3,12
571,1,12
573,2,12
847,2,12
1783,2,12
95,1,12
951,1,12
607,2,12
29,1,12
111,1,12
2811,1,12
211,4,12
237,2,12
35,1,12
319,1,12
253,1,12
195,1,12
149,1,12
131,2,12
967,2,12
583,3,12
407,1,12
177,1,12
183,2,12
129,1,12
1313,2,12
115,2,12
161,1,12
309,1,12
65,1,12
555,2,12
335,2,12
429,2,12
345,3,12
141,1,12
559,2,12
97,1,12
257,1,12
75,1,12
381,4,12
279,1,12
149,2,12
73,3,12
815,2,12
161,0,12
161,0,12
223,1,12
411,1,12
175,2,12
145,2,12
405,4,12
183,1,12
291,1,12
39,1,12
51,1,12
85,1,12
117,2,12
83,1,12
367,2,12
141,2,12
523,1,12
1083,1,12
327,3,12
901,3,12
269,3,12
181,1,12
57,1,12
207,2,12
109,1,12
409,1,12
81,1,12
721,1,12
99,1,12
689,1,12
145,1,12
327,1,12
693,3,12
185,2,12
349,1,12
113,1,12
519,2,12
619,3,12
619,3,12
131,1,12
1059,3,12
95,3,12
357,3,12
51,1,12
51,1,12
155,1,12
397,2,12
289,2,12
567,2,12
211,3,12
417,4,12
87,1,12
843,1,12
405,1,12
63,2,12
129,3,12
211,2,12
133,2,12
193,2,12
103,2,12
495,2,12
45,1,12
301,1,12
601,1,12
105,2,12
803,2,12
337,3,12
69,2,12
723,1,12
371,2,12
177,2,12
125,1,12
107,1,12
415,4,12
873,3,12
213,2,12
121,2,12
59,2,12
771,1,12
83,1,12
91,0,12
101,1,12
83,1,12
257,2,12
63,2,12
417,4,12
587,2,12
115,2,12
91,2,12
65,3,12
1099,2,12
775,1,12
99,2,12
853,2,12
135,1,12
105,1,12
1059,2,12
637,3,12
249,3,12
59,2,12
347,2,12
151,2,12
435,1,12
161,2,12
117,1,12
267,2,12
293,1,12
47,1,12
43,1,12
387,2,12
867,3,12
179,3,12
157,2,12
351,3,12
97,2,12
529,1,12
637,1,12
669,1,12
403,3,12
63,1,12
37,1,12
923,3,12
197,1,12
887,2,12
591,1,12
811,1,12
517,4,12
929,2,12
965,2,12
467,2,12
109,3,12
705,3,12
397,4,12
173,3,12
235,2,12
139,1,12
1185,2,12
167,2,12
333,1,12
91,2,12
217,3,12
913,3,12
713,1,12
101,3,12
37,3,12
39,2,12
45,1,12
65,2,12
63,3,12
531,2,12
99,2,12
257,2,12
41,3,12
565,2,12
223,2,12
697,1,12
913,3,12
477,2,12
819,1,12
57,1,12
121,2,12
83,1,12
569,2,12
569,2,12
345,3,12
681,3,12
207,2,12
181,3,12
605,3,12
139,2,12
215,1,12
129,1,12
245,2,12
569,2,12
873,3,12
413,1,12
619,3,12
4485,2,13
1403,1,13
4257,2,13
5113,1,13
2543,3,13
3783,2,13
7361,1,13
2009,5,13
3229,1,13
2507,1,13
3143,2,13
7405,1,13
3267,2,13
7405,1,13
5113,1,13
3235,2,13
1901,2,13
3779,2,13
2909,1,13
2309,2,13
3625,1,13
2633,3,13
5423,3,13
4839,4,13
2783,1,13
2979,3,13
3261,2,13
425,1,13
2175,5,13
881,1,13
2515,3,13
863,3,13
2897,3,13
1641,4,13
1075,3,13
6413,1,13
3667,2,13
2411,2,13
129,4,13
3993,1,13
2729,2,13
2693,1,13
3405,2,13
2705,1,13
4083,1,13
3979,4,13
6969,1,13
6969,1,13
5505,1,13
3743,1,13
3515,1,13
6307,1,13
6307,1,13
3989,2,13
5135,1,13
3127,2,13
3643,4,13
3205,1,13
1733,1,13
5223,2,13
5401,2,13
3581,1,13
1863,3,13
3707,1,13
5077,1,13
3493,2,13
3997,3,13
4767,4,13
1943,5,13
2869,3,13
4329,1,13
3597,2,13
1109,1,13
2523,1,13
3665,2,13
4135,3,13
4295,2,13
2783,2,13
4029,2,13
4163,2,13
1103,2,13
3335,2,13
10033,2,13
4299,3,13
6661,3,13
3255,1,13
983,4,13
401,1,13
1491,2,13
363,2,13
3337,2,13
2823,1,13
1449,3,13
2097,3,13
1933,1,13
3091,2,13
5169,1,13
1737,2,13
2235,1,13
8629,1,13
1937,1,13
2855,3,13
1735,2,13
2305,2,13
1933,4,13
1615,2,13
5197,4,13
5197,4,13
787,1,13
125,1,13
783,2,13
6333,1,13
5369,1,13
4681,2,13
673,1,13
889,1,13
429,1,13
2393,1,13
2117,5,13
3135,2,13
1785,1,13
4899,1,13
1263,1,13
3181,1,13
5119,2,13
951,2,13
3659,1,13
6979,2,13
5499,1,13
2523,1,13
3337,2,13
6313,1,13
9921,2,13
5019,1,13
3309,4,13
3371,4,13
1653,4,13
1143,1,13
1289,2,13
1303,1,13
2641,3,13
6595,2,13
2979,1,13
2779,3,13
1101,1,13
6155,2,13
5305,3,13
5505,3,13
2399,2,13
6463,2,13
4145,3,13
2689,2,13
9233,1,13
1431,2,13
6765,1,13
3537,2,13
3875,1,13
2125,2,13
6713,5,13
401,1,13
9869,3,13
2507,2,13
651,3,13
1809,2,13
1123,1,13
4425,3,13
3775,1,13
1219,3,13
6175,2,13
1871,1,13
4473,1,13
4899,3,13
5627,2,13
8843,3,13
10383,1,13
3119,2,13
3485,4,13
2927,2,13
3997,2,13
2213,3,13
1371,1,13
2087,1,13
947,3,13
2209,1,13
2309,2,13
3699,2,13
8193,4,13
4655,3,13
5189,2,13
3645,1,13
5531,3,13
11327,1,13
2381,2,13
1105,1,13
1869,3,13
4295,3,13
5845,2,13
3977,2,13
1815,1,13
1957,1,13
6689,2,13
1969,2,13
3571,1,13
2659,3,13
6983,2,13
3827,2,13
4063,1,13
6949,3,13
1763,5,13
2911,2,13
2937,3,13
993,1,13
1511,2,13
543,1,13
2543,2,13
3023,2,13
2793,1,13
2713,3,13
4787,4,13
171,3,13
305,1,13
6921,2,13
3867,4,13
6739,5,13
4493,3,13
1739,1,13
1871,4,13
2081,5,13
961,3,13
4805,3,13
1037,3,13
3033,2,13
2555,2,13
1605,2,13
2259,2,13
4425,3,13
2703,3,13
3647,2,13
5585,3,13
4317,1,13
9583,1,13
6497,1,13
4783,1,13
949,4,13
4639,3,13
5375,3,13
3661,2,13
5627,2,13
5781,2,13
11763,2,13
1725,2,13
2121,1,13
3787,2,13
2173,2,13
3015,2,13
4795,1,13
2097,3,13
6087,2,13
3875,2,13
4605,1,13
2561,1,13
1715,1,13
451,3,13
3701,2,13
7981,2,13
3713,2,13
3947,2,13
6005,1,13
7059,2,13
10095,2,13
973,4,13
6609,2,13
2625,1,13
3661,2,13
2275,5,13
147,2,13
1873,5,13
2485,2,13
1583,2,13
4707,1,13
4667,2,13
1431,2,13
5547,2,13
3477,1,13
2107,5,13
2621,3,13
779,2,13
929,1,13
3049,3,13
1101,4,13
1653,2,13
1829,1,13
2031,5,13
73,1,13
387,1,13
1631,2,13
991,1,13
529,1,13
4911,4,13
8049,1,13
8423,1,13
889,2,13
229,3,13
151,2,13
7199,5,13
171,2,13
4473,1,13
9351,3,13
1897,3,13
4015,4,13
427,1,13
1549,2,13
2259,2,13
3653,2,13
6051,1,13
5917,1,13
9943,2,13
2799,1,13
397,3,13
4425,3,13
1079,1,13
6217,2,13
5403,1,13
5475,3,13
1241,2,13
669,3,13
287,1,13
2267,3,13
8679,3,13
2023,3,13
1129,1,13
333,2,13
1769,2,13
5889,3,13
1181,1,13
1835,2,13
3905,1,13
2647,2,13
391,4,13
1379,2,13
1045,2,13
1725,1,13
2889,2,13
3311,2,13
5737,2,13
2409,1,13
3491,4,13
3865,2,13
5377,2,13
2393,1,13
2145,1,13
6001,2,13
2761,3,13
2721,3,13
8541,3,13
1175,3,13
8331,2,13
743,1,13
797,2,13
975,3,13
3861,1,13
219,1,13
8047,4,13
7179,3,13
1559,2,13
8329,1,13
8659,1,13
2365,2,13
4273,2,13
3157,1,13
4325,2,13
2697,1,13
4111,1,13
2689,3,13
5401,2,13
2455,3,13
6129,3,13
14443,2,13
1435,1,13
4549,2,13
4821,4,13
1163,2,13
339,2,13
1757,3,13
10309,4,13
3669,2,13
785,2,13
3959,2,13
7109,2,13
7373,3,13
4833,1,13
7667,2,13
6047,2,13
4647,3,13
6739,3,13
1119,3,13
2279,1,13
3397,2,13
1489,2,13
4937,1,13
6223,1,13
1701,4,13
8639,1,13
5187,1,13
1999,2,13
15425,2,13
7587,1,13
3503,1,13
10429,1,13
3825,4,13
6989,1,13
1595,2,13
1681,1,13
1661,1,13
7067,3,13
869,2,13
10813,1,13
7033,3,13
5425,2,13
1491,2,13
11953,2,13
7719,4,13
3639,1,13
1131,2,13
6061,2,13
9413,3,13
10021,2,13
911,3,13
1653,2,13
2155,3,13
867,1,13
1715,1,13
9221,1,13
593,2,13
11583,1,13
11275,1,13
4195,1,13
1713,2,13
8173,4,13
4165,2,13
7371,1,13
5489,2,13
5905,4,13
1557,1,13
2273,1,13
7015,1,13
6175,3,13
6341,1,13
1709,1,13
4009,2,13
3485,2,13
2103,1,13
4597,1,13
7719,3,13
541,3,13
7261,1,13
2103,3,13
4459,2,13
6499,1,13
5681,1,13
3669,2,13
12037,2,13
1779,5,13
4719,4,13
7183,3,13
3647,2,13
361,4,13
4661,1,13
9141,1,13
7249,3,13
8043,4,13
7333,3,13
2919,4,13
4517,2,13
295,2,13
8565,2,13
1029,3,13
2351,3,13
1505,2,13
2475,3,13
5363,3,13
1013,2,13
3833,1,13
637,2,13
4893,1,13
7551,3,13
1449,2,13
237,2,13
2471,1,13
4707,1,13
5801,2,13
5081,1,13
4403,3,13
1545,2,13
4239,3,13
5843,2,13
3805,2,13
1713,1,13
6181,3,13
1743,1,13
1809,3,13
6479,3,13
5253,3,13
6279,3,13
5063,3,13
5759,2,13
7991,3,13
3359,1,13
4261,2,13
4361,2,13
6071,1,13
1433,1,13
267,2,13
1249,1,13
8825,3,13
75,1,13
371,2,13
213,1,13
8123,4,13
9791,2,13
8759,1,13
3319,2,13
1639,3,13
8421,2,13
2477,1,13
2353,3,13
2835,1,13
1617,2,13
995,2,13
2871,3,13
2061,1,13
603,2,13
29,1,13
69,1,13
21,1,13
609,1,13
457,1,13
595,1,13
949,2,13
295,1,13
655,3,13
839,3,13
543,0,13
955,2,13
1753,2,13
459,3,13
3677,3,13
1131,1,13
1825,2,13
1633,3,13
821,3,13
143,1,13
149,1,13
619,1,13
369,2,13
1067,2,13
483,1,13
425,2,13
165,1,13
291,1,13
283,2,13
439,3,13
1233,3,13
465,2,13
269,2,13
291,1,13
987,4,13
463,2,13
411,1,13
1589,3,13
2089,2,13
385,1,13
1965,1,13
1077,2,13
1323,1,13
1277,2,13
1123,1,13
305,1,13
789,1,13
363,1,13
1405,3,13
357,2,13
901,2,13
1947,3,13
537,2,13
459,1,13
441,1,13
855,3,13
845,2,13
963,1,13
269,1,13
619,2,13
57,1,13
443,1,13
163,1,13
927,4,13
107,3,13
713,1,13
917,1,13
825,2,13
213,2,13
395,2,13
613,3,13
965,3,13
295,2,13
353,2,13
435,2,13
1309,2,13
919,1,13
807,3,13
1143,2,13
213,2,13
1281,2,13
273,3,13
91,2,13
207,1,13
427,2,13
583,1,13
343,1,13
539,1,13
247,1,13
219,2,13
429,4,13
1041,4,13
249,2,13
79,2,13
105,1,13
1795,2,13
1361,2,13
495,1,13
291,3,13
203,1,13
277,2,13
2115,1,13
1289,1,13
1189,2,13
829,2,13
1337,2,13
1677,3,13
1761,2,13
569,1,13
301,2,13
273,1,13
951,1,13
89,1,13
263,1,13
797,2,13
1253,3,13
1443,3,13
161,3,13
6555,4,14
7701,2,14
14695,3,14
13659,3,14
8107,1,14
3553,1,14
4969,5,14
7149,3,14
5901,1,14
12245,3,14
3131,2,14
9249,1,14
4929,2,14
8467,3,14
2055,2,14
3479,2,14
11493,1,14
6867,2,14
5987,1,14
4495,2,14
3101,3,14
13987,1,14
11725,2,14
3323,1,14
4285,1,14
10375,2,14
4127,3,14
15317,3,14
4529,2,14
3063,2,14
5645,2,14
2949,3,14
4675,2,14
4359,3,14
19963,3,14
15417,5,14
3305,1,14
10445,1,14
4317,5,14
6127,1,14
1781,2,14
2655,2,14
7297,3,14
12137,1,14
2959,4,14
11431,2,14
26561,3,14
6771,1,14
25403,2,14
16033,3,14
5373,3,14
4951,2,14
3999,2,14
2279,1,14
19393,4,14
17631,3,14
14563,3,14
14467,3,14
6291,1,14
17999,2,14
6887,1,14
18993,1,14
13823,2,14
9803,2,14
8669,2,14
5595,1,14
9717,1,14
4991,3,14
15063,3,14
9495,2,14
20125,2,14
12315,3,14
7855,1,14
6395,1,14
6679,3,14
10135,3,14
10587,5,14
13647,2,14
13025,2,14
6529,2,14
17713,2,14
4377,2,14
2473,4,14
10507,2,14
6927,3,14
6901,1,14
9535,1,14
14705,3,14
23621,2,14
4187,2,14
5649,4,14
12351,3,14
5119,2,14
5105,1,14
4523,3,14
13241,3,14
6571,2,14
9941,3,14
9709,2,14
7959,2,14
6709,3,14
11365,2,14
5551,1,14
7465,4,14
21595,1,14
4955,3,14
4029,3,14
8105,1,14
5371,3,14
10325,3,14
493,2,14
11449,1,14
6509,1,14
6451,3,14
5977,1,14
13483,1,14
8193,2,14
2247,2,14
7551,4,14
5465,5,14
18159,1,14
14311,3,14
18773,3,14
4587,2,14
16901,2,14
18345,3,14
5105,1,14
4193,1,14
14875,2,14
569,3,14
15405,5,14
1775,3,14
681,1,14
1661,3,14
6731,2,14
5499,3,14
8417,4,14
8841,1,14
6391,1,14
1345,5,14
11943,2,14
4621,2,14
8485,3,14
9011,2,14
6743,1,14
10105,3,14
5105,1,14
5237,2,14
12165,1,14
12755,1,14
4987,1,14
3447,3,14
8065,1,14
3851,2,14
12271,1,14
16611,2,14
11941,3,14
12679,3,14
7825,1,14
1097,1,14
13487,3,14
23963,4,14
9899,3,14
9369,2,14
15245,1,14
18487,3,14
5925,1,14
7079,1,14
17117,2,14
9711,2,14
3893,2,14
13333,2,14
13201,4,14
2511,2,14
13917,2,14
6283,1,14
7641,2,14
939,2,14
11415,2,14
1537,3,14
5875,2,14
725,1,14
9897,2,14
5737,1,14
8125,3,14
1177,2,14
15827,2,14
4083,2,14
8343,3,14
3915,2,14
9315,2,14
19787,4,14
18099,2,14
7965,3,14
11407,1,14
4781,1,14
8953,3,14
9655,2,14
14857,2,14
6911,2,14
8273,2,14
26727,4,14
12795,2,14
11381,2,14
12119,2,14
7897,2,14
1943,3,14
8297,4,14
13517,1,14
15223,3,14
15319,1,14
18109,2,14
17017,1,14
11801,3,14
3007,3,14
7607,1,14
12053,1,14
5729,2,14
6945,3,14
20183,1,14
20455,3,14
1077,1,14
1149,1,14
1715,1,14
3231,2,14
1517,2,14
1121,1,14
185,1,14
5107,2,14
1031,1,14
9271,2,14
3729,2,14
3435,3,14
6679,3,14
12521,2,14
4413,1,14
2235,2,14
7041,3,14
3789,3,14
9589,5,14
233,2,14
24723,1,14
25725,1,14
5655,2,14
20127,3,14
5303,3,14
19975,4,14
16331,2,14
20649,2,14
5839,2,14
1735,1,14
8085,2,14
28827,2,14
12381,2,14
11047,1,14
6301,1,14
8851,1,14
33819,3,14
10203,4,14
4885,2,14
2147,1,14
9565,3,14
12887,1,14
1877,3,14
12745,3,14
9335,4,14
19967,1,14
7749,2,14
6425,1,14
10943,2,14
13843,1,14
6123,1,14
6347,4,14
3485,3,14
6327,2,14
3765,1,14
19927,1,14
11861,2,14
8177,1,14
6217,2,14
8865,3,14
897,1,14
559,2,14
31109,2,14
22547,2,14
4699,1,14
3599,1,14
21119,3,14
8705,2,14
10511,3,14
9833,1,14
9067,1,14
7301,2,14
11879,1,14
9261,2,14
6391,3,14
11729,2,14
3843,1,14
2345,2,14
10537,2,14
3597,1,14
5679,2,14
2233,2,14
5539,1,14
8845,2,14
1629,2,14
10067,5,14
6711,1,14
18297,2,14
10831,2,14
3571,1,14
5157,3,14
10687,2,14
3851,4,14
8511,2,14
9903,2,14
6603,2,14
11623,2,14
5553,2,14
3097,2,14
7335,2,14
3039,4,14
4887,5,14
1663,2,14
3551,2,14
6037,3,14
7203,3,14
17833,2,14
7151,3,14
6029,4,14
7319,2,14
7867,2,14
4451,1,14
749,4,14
37,1,14
8215,1,14
785,2,14
5639,1,14
247,2,14
221,3,14
1297,2,14
2437,1,14
2707,2,14
2113,3,14
1181,4,14
1843,2,14
3561,1,14
2103,3,14
3413,1,14
2667,3,14
2051,2,14
2453,2,14
3657,1,14
3225,2,14
3353,5,14
1887,2,14
2465,2,14
1041,2,14
3253,3,14
1853,2,14
4451,1,14
2755,2,14
143,2,14
1675,2,14
4155,2,14
1951,2,14
5457,2,14
1075,2,14
1395,2,14
2337,1,14
1753,1,14
725,1,14
1637,2,14
1003,2,14
543,1,14
905,2,14
2963,2,14
639,1,14
1677,2,14
4249,2,14
541,0,14
1975,3,14
631,2,14
137,1,14
2487,2,14
1487,3,14
3307,2,14
1061,1,14
1169,2,14
3625,1,14
485,3,14
1667,1,14
347,1,14
1825,1,14
205,1,14
827,1,14
499,3,14
1267,3,14
393,3,14
179,1,14
291,1,14
2713,2,14
1655,3,14
2867,3,14
2057,1,14
1187,1,14
1815,2,14
221,1,14
1713,1,14
1403,2,14
2157,1,14
2481,2,14
1379,3,14
1523,2,14
1403,2,14
619,1,14
3023,3,14
2349,1,14
2449,2,14
937,2,14
2681,2,14
1303,2,14
1029,4,14
1921,1,14
1549,1,14
5089,1,14
867,2,14
1317,2,14
1317,2,14
2583,2,14
631,4,14
2359,5,14
1977,1,14
3471,2,14
3417,3,14
1997,2,14
2259,2,14
1479,2,14
1583,1,14
697,1,14
2299,2,14
2827,1,14
409,1,14
1189,1,14
3679,3,14
1389,1,14
4533,2,14
2255,4,14
827,2,14
1373,1,14
1885,2,14
2219,5,14
2439,1,14
1113,2,14
8101,2,14
3785,3,14
3625,4,14
2017,3,14
1491,2,14
3311,1,14
1371,3,14
3071,2,14
1421,3,14
1105,3,14
1291,1,14
269,1,14
177,3,14
1193,2,14
915,2,14
2093,3,14
1771,1,14
2481,1,14
1385,2,14
2013,2,14
559,2,14
331,1,14
2473,2,14
2105,3,14
215,2,14
881,2,14
1897,3,14
255,2,14
1241,1,14
1049,3,14
653,2,14
361,1,14
3825,2,14
1203,1,14
643,1,14
355,1,14
3467,3,14
1589,3,14
281,1,14
865,2,14
2397,1,14
2491,1,14
583,3,14
3347,3,14
827,1,14
957,1,14
1433,2,14
1373,1,14
525,2,14
2933,2,14
1671,2,14
1285,1,14
4837,1,14
535,2,14
485,3,14
1625,1,14
5285,3,14
489,1,14
4271,1,14
2611,1,14
2129,2,14
3713,2,14
877,3,14
1195,1,14
1155,2,14
1747,4,14
1501,3,14
3833,3,14
569,2,14
1013,2,14
917,2,14
1839,2,14
3423,1,14
2715,2,14
709,2,14
643,1,14
157,1,14
567,2,14
715,2,14
1021,2,14
3917,2,14
2137,2,14
4605,1,14
1317,3,14
1069,2,14
801,2,14
6189,3,14
109,1,14
2271,1,14
503,1,14
253,2,14
1239,3,14
687,1,14
339,1,14
1053,2,14
105,1,14
2935,3,14
1865,2,14
1071,2,14
3891,3,14
1081,2,14
1263,3,14
893,2,14
1711,3,14
3329,3,14
2689,2,14
783,2,14
1641,1,14
577,1,14
2735,3,14
535,2,14
2853,2,14
499,1,14
3725,3,14
4111,4,14
4111,4,14
313,1,14
2151,2,14
2655,1,14
651,1,14
983,1,14
257,2,14
423,1,14
2075,2,14
349,1,14
1041,3,14
1561,4,14
61,2,14
511,1,14
497,1,14
3263,2,14
1029,2,14
2101,2,14
2451,2,14
1595,1,14
255,2,14
189,1,14
2039,2,14
1457,1,14
8059,1,14
2783,1,14
2331,1,14
1537,1,14
5721,1,14
5635,2,14
1617,2,14
4743,2,14
1461,2,14
1501,1,14
409,3,14
1303,3,14
5573,1,14
1611,3,14
409,1,14
3985,1,14
285,3,14
283,2,14
1769,1,14
1047,3,14
3071,3,14
1837,1,14
1977,2,14
2609,2,14
573,1,14
1189,2,14
255,1,14
3063,1,14
1305,2,14
551,1,14
2485,2,14
821,2,14
585,1,14
2487,1,14
973,1,14
581,1,14
2279,3,14
1255,1,14
3721,1,14
721,1,14
1617,1,14
999,1,14
1507,1,14
2083,2,14
2053,3,14
1813,2,14
3663,2,14
1197,1,14
1899,3,14
5397,3,14
1085,1,14
321,2,14
1577,3,14
1977,2,14
5617,2,14
1481,3,14
4837,1,14
929,1,14
1693,1,14
1755,1,14
571,4,14
389,1,14
469,2,14
2625,1,14
2915,2,14
469,4,14
2625,5,14
2383,4,14
277,1,14
971,1,14
3359,1,14
3481,1,14
799,2,14
3015,2,14
3803,3,14
2515,4,14
1415,1,14
1785,4,14
685,2,14
1065,3,14
1351,2,14
295,2,14
547,4,14
1753,1,14
377,2,14
309,1,14
1609,2,14
981,2,14
1669,2,14
501,2,14
1789,2,14
3237,3,14
151,1,14
2589,5,14
1425,1,14
1295,1,14
2421,2,14
1137,2,14
141,1,14
585,1,14
535,2,14
2133,2,14
4201,2,14
741,1,14
675,4,14
621,1,14
5371,1,14
19885,1,15
34531,1,15
9485,2,15
4115,1,15
16435,2,15
6085,1,15
20883,1,15
12187,4,15
6551,1,15
5817,3,15
9731,3,15
16355,2,15
10209,2,15
12717,5,15
7803,2,15
22763,2,15
26155,5,15
26155,5,15
29865,2,15
1869,1,15
26703,2,15
22431,5,15
17119,2,15
17265,2,15
39709,2,15
33569,2,15
4811,1,15
31539,2,15
29751,3,15
31557,1,15
38759,3,15
14601,2,15
7059,5,15
20773,2,15
31319,3,15
35515,4,15
4263,3,15
6405,3,15
8681,1,15
21363,1,15
38861,5,15
9309,3,15
2989,3,15
28389,4,15
28677,2,15
1813,2,15
12787,2,15
1011,2,15
27769,2,15
23563,1,15
13965,1,15
1933,2,15
19347,1,15
10823,3,15
6017,2,15
31307,2,15
5327,2,15
8103,1,15
15309,2,15
44891,2,15
26323,4,15
35283,2,15
22667,2,15
12627,2,15
17877,2,15
25709,3,15
17499,1,15
28571,3,15
15477,2,15
46535,4,15
12091,2,15
23375,2,15
11997,1,15
42233,1,15
46659,3,15
13157,2,15
28847,2,15
6065,2,15
20985,1,15
19349,1,15
6755,3,15
13225,2,15
10145,2,15
4987,2,15
28681,1,15
9421,1,15
18557,2,15
13561,3,15
19155,1,15
18175,2,15
31701,2,15
16777,2,15
13269,2,15
8783,4,15
367,3,15
37969,3,15
20275,3,15
22101,1,15
50851,1,15
18045,4,15
13407,2,15
20545,2,15
20361,3,15
28763,3,15
30609,1,15
1625,1,15
21833,3,15
2629,1,15
2629,1,15
12623,5,15
36457,3,15
12449,2,15
3679,2,15
14455,1,15
35273,2,15
39479,5,15
20945,2,15
24473,2,15
20047,2,15
2973,2,15
13583,3,15
43877,1,15
13467,3,15
24511,5,15
7239,1,15
21779,1,15
20533,3,15
11923,2,15
10877,1,15
7029,2,15
21865,2,15
11947,3,15
26861,1,15
19637,1,15
31463,1,15
13487,1,15
22655,3,15
43351,3,15
27541,3,15
7319,1,15
8863,1,15
7083,1,15
50515,3,15
1613,3,15
9829,3,15
14889,2,15
3079,1,15
21123,2,15
2265,1,15
20923,1,15
9027,3,15
21711,2,15
31161,4,15
8311,3,15
18421,3,15
30187,1,15
32963,3,15
3995,1,15
25493,2,15
18971,1,15
8533,1,15
18931,1,15
13873,2,15
33727,1,15
8475,2,15
9151,2,15
9231,3,15
34743,1,15
8075,3,15
3677,1,15
1949,2,15
14843,1,15
1881,4,15
11025,3,15
11761,1,15
14753,4,15
10905,5,15
21247,4,15
19789,3,15
18647,2,15
6629,2,15
26719,1,15
5671,2,15
27777,4,15
21129,3,15
22871,1,15
13905,2,15
6535,3,15
17563,4,15
12889,3,15
36787,2,15
23795,1,15
4005,1,15
16313,3,15
26279,3,15
21869,3,15
17701,2,15
13623,1,15
28613,1,15
27253,2,15
17157,3,15
15133,1,15
20117,3,15
15215,1,15
37391,4,15
45175,2,15
25083,2,15
64783,1,15
28271,2,15
10905,1,15
13067,2,15
19761,2,15
12243,2,15
909,2,15
5741,2,15
32151,2,15
26339,2,15
22867,3,15
9393,3,15
6085,2,15
9505,3,15
9779,1,15
31245,4,15
17721,2,15
15429,3,15
24559,2,15
52423,4,15
7327,2,15
22397,1,15
26605,2,15
21587,1,15
32381,4,15
22825,3,15
12871,3,15
8669,3,15
36609,1,15
46069,3,15
31547,2,15
5025,2,15
8481,4,15
3785,1,15
8009,2,15
25683,1,15
35741,2,15
8451,2,15
21981,3,15
5863,2,15
3615,2,15
6829,1,15
19969,1,15
21807,1,15
34763,1,15
17543,1,15
9607,3,15
32597,3,15
17157,1,15
14129,6,15
5625,2,15
2393,2,15
2933,3,15
11193,2,15
367,2,15
21467,3,15
14759,2,15
20627,4,15
14375,2,15
19553,4,15
6423,3,15
23475,2,15
10259,2,15
5477,1,15
6931,3,15
38203,2,15
15913,2,15
11193,2,15
4573,3,15
8521,1,15
70159,3,15
15963,1,15
21003,3,15
22845,2,15
12581,2,15
23903,2,15
16229,2,15
28333,2,15
41183,2,15
48509,1,15
67309,1,15
58189,2,15
20373,2,15
31099,4,15
17381,2,15
25401,2,15
45501,2,15
29751,1,15
31923,1,15
27915,2,15
49913,3,15
39457,4,15
18715,1,15
25119,2,15
17643,2,15
60869,2,15
2749,1,15
4191,2,15
22943,3,15
839,2,15
6699,3,15
13375,2,15
15791,2,15
32555,1,15
26523,2,15
4743,3,15
12791,2,15
34663,2,15
19797,1,15
20453,2,15
30445,3,15
32659,1,15
30021,3,15
43453,3,15
19991,1,15
11943,1,15
12595,2,15
9495,3,15
7821,1,15
5529,1,15
8289,2,15
22537,3,15
15839,3,15
36165,3,15
14933,3,15
13757,6,15
33559,4,15
30513,2,15
39147,3,15
46165,2,15
26593,4,15
17155,1,15
34271,2,15
11513,3,15
10467,3,15
36469,4,15
13275,3,15
39833,3,15
17215,2,15
46449,2,15
36407,1,15
14109,1,15
10035,3,15
20869,1,15
6799,5,15
21193,2,15
14317,2,15
6045,2,15
5713,2,15
5367,3,15
34905,4,15
28183,1,15
31051,3,15
14613,3,15
13663,6,15
18245,4,15
7037,2,15
35245,3,15
7843,4,15
10333,4,15
10627,4,15
24339,1,15
9117,3,15
23439,2,15
10423,2,15
1989,1,15
27513,3,15
8399,2,15
27475,2,15
37645,1,15
39635,3,15
13809,3,15
42487,2,15
44149,3,15
6463,2,15
7749,3,15
14041,2,15
10435,3,15
5627,1,15
12377,4,15
44593,2,15
8549,1,15
96847,1,15
32509,2,15
24361,3,15
29109,3,15
19003,3,15
67687,2,15
8351,2,15
19613,1,15
14287,2,15
44361,1,15
5489,2,15
16457,2,15
44511,1,15
37371,1,15
59407,2,15
10925,3,15
24669,3,15
31765,2,15
23603,2,15
21517,3,15
39289,2,15
31139,3,15
15375,2,15
51809,3,15
69367,1,15
6361,2,15
22919,3,15
6597,2,15
47013,2,15
19393,2,15
8243,2,15
103339,1,15
12667,2,15
19871,1,15
9267,2,15
10679,1,15
42215,4,15
39089,1,15
21157,3,15
45873,1,15
34395,2,15
7533,2,15
12451,1,15
6379,2,15
3579,1,15
20913,2,15
26107,2,15
9889,3,15
59655,2,15
40591,1,15
32609,3,15
2013,1,15
5095,2,15
4301,1,15
24977,2,15
14481,3,15
17593,3,15
17345,2,15
25501,2,15
48363,2,15
37231,2,15
7773,1,15
18241,2,15
12323,3,15
27907,3,15
3697,4,15
7383,1,15
17937,2,15
6045,2,15
21577,2,15
35929,1,15
47659,1,15
41393,2,15
17059,2,15
18485,1,15
5699,2,15
6213,2,15
43767,2,15
39319,2,15
33003,1,15
23883,2,15
17291,2,15
1813,2,15
39697,3,15
32541,4,15
84549,4,15
7873,1,15
9627,3,15
21943,5,15
11427,2,15
46035,4,15
4733,3,15
9097,3,15
14997,2,15
16623,3,15
3301,2,15
4725,2,15
10277,2,15
10327,1,15
16935,4,15
2615,2,15
37955,2,15
9,2,15
3673,1,15
7911,2,15
7439,3,15
5645,1,15
5587,5,15
3621,2,15
3063,2,15
3655,3,15
4089,3,15
5031,2,15
8747,1,15
5457,2,15
1909,2,15
4679,2,15
709,2,15
2949,4,15
2423,2,15
1497,3,15
1329,2,15
1073,2,15
187,1,15
2605,2,15
4993,3,15
7377,2,15
2215,2,15
5677,3,15
3775,2,15
1533,2,15
7679,4,15
715,2,15
2145,1,15
2683,1,15
5803,4,15
3445,1,15
2609,2,15
3643,2,15
11307,1,15
2425,1,15
1647,2,15
3201,2,15
2797,1,15
6643,4,15
1941,2,15
1927,1,15
1911,2,15
1361,2,15
949,2,15
1127,2,15
10779,2,15
2159,1,15
689,2,15
443,2,15
43,1,15
3831,2,15
4933,1,15
3801,2,15
4665,2,15
3909,2,15
1683,2,15
5671,4,15
1935,1,15
219,2,15
1237,1,15
3385,2,15
5571,2,15
3385,2,15
5875,2,15
10087,2,15
3685,2,15
5401,2,15
747,2,15
379,0,15
3133,3,15
8511,1,15
2969,1,15
3103,2,15
3763,3,15
1611,1,15
1215,1,15
965,1,15
2601,1,15
2023,2,15
3545,4,15
2093,2,15
13993,2,15
7433,1,15
5697,3,15
1947,2,15
5007,1,15
1415,2,15
3663,1,15
8207,1,15
2537,1,15
4853,1,15
10635,2,15
11379,2,15
3567,1,15
451,3,15
1495,1,15
11105,4,15
4869,1,15
16249,1,15
12073,1,15
14309,3,15
6577,1,15
3833,1,15
2687,2,15
6647,1,15
2429,3,15
1801,1,15
2419,2,15
4137,2,15
815,4,15
8857,1,15
899,1,15
3371,2,15
4829,4,15
6843,1,15
3163,2,15
3065,3,15
3343,2,15
2003,3,15
2901,2,15
3689,1,15
8547,2,15
5277,2,15
1785,2,15
8547,2,15
8061,4,15
2373,1,15
7367,4,15
1085,2,15
2707,2,15
721,2,15
1323,2,15
925,1,15
3603,1,15
1589,3,15
8637,2,15
1889,3,15
4087,1,15
6697,4,15
4525,2,15
1497,1,15
5537,1,15
7087,1,15
6513,3,15
2625,2,15
709,1,15
3329,2,15
879,2,15
695,2,15
1979,2,15
6329,2,15
1431,2,15
1243,1,15
669,1,15
2645,1,15
2919,3,15
12279,1,15
12619,2,15
2737,1,15
9965,3,15
5283,3,15
1379,1,15
5833,2,15
6921,3,15
1757,2,15
4523,2,15
4817,2,15
623,2,15
1281,2,15
1149,3,15
421,1,15
813,1,15
1603,2,15
413,0,15
1363,2,15
1343,2,15
1681,3,15
1239,1,15
7857,4,15
241,3,15
3801,1,15
623,3,15
2213,2,15
1523,2,15
2585,1,15
1113,1,15
13567,5,15
4277,1,15
99,2,15
10387,2,15
2505,2,15
1277,1,15
6357,2,15
3519,2,15
2727,5,15
1829,3,15
971,2,15
9225,3,15
6069,3,15
8089,4,15
2859,2,15
6485,2,15
539,3,15
4781,2,15
3485,2,15
1013,1,15
3167,2,15
581,1,15
3771,2,15
1167,1,15
3423,2,15
1883,3,15
549,2,15
101,1,15
9177,3,15
2813,3,15
3617,3,15
4087,1,15
765,2,15
9655,2,15
2077,3,15
91,1,15
2071,2,15
9101,3,15
2515,2,15
985,4,15
1775,1,15
2943,3,15
2075,2,15
2787,5,15
7231,3,15
1357,2,15
4451,1,15
2965,2,15
1733,2,15
3385,2,15
4763,1,15
1941,2,15
7071,1,15
2249,2,15
4805,2,15
5323,3,15
2939,5,15
5277,3,15
1931,2,15
4887,1,15
1485,2,15
1335,2,15
6619,3,15
2993,1,15
1775,1,15
5631,2,15
943,2,15
10651,1,15
1703,1,15
20081,1,16
32671,1,16
15447,2,16
10607,2,16
24115,1,16
28673,3,16
18417,1,16
29043,1,16
35629,3,16
60647,1,16
8161,2,16
29701,1,16
45311,2,16
14151,2,16
33879,3,16
3933,1,16
28033,3,16
29207,3,16
44683,2,16
58071,1,16
84299,4,16
23121,3,16
1561,3,16
24073,3,16
24593,1,16
39105,1,16
37055,4,16
43285,3,16
36103,3,16
68465,1,16
60147,4,16
78937,1,16
25907,2,16
24069,2,16
52287,3,16
7039,2,16
28503,1,16
36931,2,16
91339,4,16
70969,2,16
33041,1,16
33553,1,16
13901,3,16
18823,3,16
107063,2,16
67131,1,16
33183,6,16
24685,2,16
82351,2,16
58005,4,16
79845,3,16
63393,2,16
7907,2,16
36289,3,16
31471,4,16
22177,1,16
33799,2,16
40283,2,16
61747,3,16
18839,3,16
13789,1,16
10283,1,16
37367,4,16
66471,2,16
81259,2,16
26433,2,16
46061,3,16
10175,3,16
49229,1,16
44515,2,16
38979,1,16
13521,2,16
51065,1,16
78689,1,16
60743,1,16
22711,2,16
15457,1,16
20367,1,16
31267,4,16
51549,3,16
23375,2,16
13779,4,16
53831,1,16
46399,5,16
12827,2,16
23541,3,16
34297,3,16
37387,3,16
70839,3,16
36001,4,16
46551,2,16
29753,1,16
21655,3,16
21711,1,16
23847,4,16
34183,1,16
63323,1,16
6377,1,16
11807,2,16
21073,2,16
51527,1,16
67651,4,16
29429,4,16
39733,1,16
79553,1,16
10783,1,16
79131,4,16
47671,1,16
18147,3,16
69351,2,16
40459,2,16
46675,4,16
33481,1,16
19951,5,16
30219,3,16
80481,1,16
51523,4,16
81815,2,16
57345,2,16
33015,2,16
20191,2,16
33669,2,16
25023,4,16
26647,2,16
42385,2,16
12615,2,16
11753,1,16
42249,3,16
52431,2,16
71299,1,16
20253,3,16
24649,4,16
14815,2,16
63071,1,16
46769,3,16
30769,3,16
29535,1,16
55487,2,16
35181,3,16
10491,2,16
61537,2,16
11717,4,16
69943,6,16
100701,2,16
92911,2,16
74305,4,16
41403,1,16
18281,2,16
34169,3,16
43987,3,16
20321,3,16
10895,3,16
7793,3,16
35307,2,16
18305,1,16
57749,2,16
124753,3,16
57329,2,16
99245,1,16
26555,1,16
39533,2,16
6883,5,16
18637,2,16
32547,3,16
65339,1,16
111277,3,16
17909,2,16
47537,2,16
6419,1,16
25495,2,16
74875,3,16
76163,3,16
74497,1,16
52149,2,16
59037,3,16
169717,4,16
13771,3,16
38871,1,16
44175,2,16
106805,2,16
89239,1,16
23645,3,16
35095,1,16
21767,4,16
45757,2,16
59291,2,16
23431,3,16
66759,2,16
50931,4,16
16503,3,16
62701,3,16
6111,2,16
32027,1,16
89777,4,16
62901,2,16
8591,2,16
44739,3,16
35053,3,16
28423,1,16
24535,1,16
78419,1,16
41719,3,16
44189,1,16
34157,3,16
34525,1,16
30627,3,16
10679,3,16
64007,2,16
33903,5,16
35071,4,16
42311,2,16
22141,5,16
39847,1,16
59977,1,16
23431,3,16
87327,3,16
40273,2,16
36349,4,16
12113,3,16
44677,1,16
30805,2,16
3107,1,16
82029,2,16
3091,2,16
35263,3,16
48817,1,16
73229,4,16
69761,3,16
34663,2,16
47347,2,16
9767,1,16
71843,1,16
90697,4,16
75593,2,16
74129,2,16
93487,1,16
9949,1,16
76127,3,16
53299,1,16
26129,2,16
108649,3,16
71189,2,16
27575,1,16
41463,1,16
37455,2,16
14741,2,16
42791,3,16
49721,3,16
71859,2,16
33673,3,16
60283,1,16
38043,2,16
28257,4,16
132403,1,16
89349,2,16
85173,4,16
20545,3,16
116633,1,16
18001,5,16
34315,2,16
140531,2,16
53431,5,16
19743,3,16
33915,4,16
28263,4,16
15223,3,16
1431,3,16
37931,3,16
41927,3,16
15643,2,16
13059,2,16
49339,1,16
76933,3,16
35439,2,16
47965,2,16
26117,2,16
24005,1,16
204405,2,16
107639,3,16
34291,1,16
55163,1,16
41153,1,16
82321,2,16
44739,1,16
81133,3,16
8293,1,16
55311,3,16
53519,3,16
447,1,16
3677,2,16
111687,1,16
5227,2,16
16211,1,16
3515,3,16
525,2,16
27333,4,16
34555,2,16
52941,3,16
25801,2,16
65091,3,16
50189,2,16
78159,2,16
15373,5,16
23617,5,16
39269,4,16
27785,4,16
81383,1,16
43063,5,16
33607,2,16
1591,1,16
49561,4,16
52295,1,16
21073,3,16
38045,2,16
58043,3,16
53317,1,16
25317,2,16
10753,1,16
155181,2,16
2957,2,16
47979,2,16
63269,2,16
33117,3,16
63745,4,16
3429,2,16
4579,2,16
82025,2,16
71931,2,16
45877,1,16
87433,2,16
217819,1,16
25689,2,16
32799,4,16
35533,4,16
72483,4,16
60065,1,16
47131,2,16
57579,3,16
100547,2,16
18643,1,16
1385,1,16
26143,1,16
89851,4,16
53883,1,16
129583,2,16
141739,2,16
83969,4,16
34367,4,16
26395,3,16
38361,3,16
16789,3,16
190975,2,16
45469,4,16
94947,3,16
14581,3,16
70183,1,16
101099,2,16
141477,1,16
63359,2,16
75995,5,16
44291,2,16
70731,1,16
16903,1,16
3585,2,16
34277,3,16
6637,3,16
25861,4,16
12435,4,16
94943,2,16
23027,1,16
58173,1,16
27365,3,16
34551,4,16
105047,2,16
45465,3,16
114615,3,16
102205,4,16
51645,3,16
16397,5,16
9033,2,16
11191,2,16
23977,5,16
22283,2,16
73853,3,16
105681,2,16
55541,1,16
30473,4,16
33439,2,16
112649,2,16
70999,2,16
106081,2,16
72705,2,16
132463,2,16
25281,2,16
77907,2,16
7241,1,16
24677,1,16
811,3,16
1853,1,16
3959,4,16
3591,4,16
15801,2,16
97243,2,16
35253,4,16
19383,3,16
9061,1,16
30789,2,16
74847,2,16
3447,2,16
38023,2,16
1745,1,16
13853,1,16
17125,1,16
24247,3,16
36439,1,16
47031,3,16
17697,2,16
52227,5,16
1361,1,16
95795,2,16
25767,2,16
54851,3,16
4525,2,16
40375,1,16
18601,2,16
63357,2,16
9359,2,16
98635,3,16
29189,1,16
23683,2,16
25063,5,16
22515,1,16
3309,1,16
3019,3,16
1185,3,16
28529,2,16
6069,2,16
5415,2,16
13077,4,16
895,1,16
8633,4,16
2279,3,16
5503,1,16
8855,2,16
4651,1,16
2455,4,16
5269,1,16
16103,2,16
1683,1,16
7073,2,16
5091,2,16
6979,1,16
5853,1,16
3385,1,16
9147,3,16
28929,4,16
18473,3,16
8789,1,16
2525,4,16
14819,1,16
3585,2,16
19483,6,16
4357,2,16
3519,1,16
15235,2,16
5913,2,16
3967,2,16
2579,2,16
2895,3,16
1309,1,16
4237,2,16
461,2,16
3139,1,16
9037,1,16
4623,4,16
13025,3,16
2609,1,16
5481,1,16
17691,1,16
8145,2,16
13355,5,16
7199,2,16
4511,3,16
5017,1,16
11221,3,16
3121,3,16
5451,2,16
13133,3,16
12925,1,16
8475,2,16
11819,1,16
3701,2,16
8191,3,16
2305,1,16
18707,4,16
3611,1,16
13599,2,16
6291,2,16
4189,2,16
5575,3,16
8707,4,16
5597,1,16
10289,1,16
2189,1,16
1061,2,16
8555,2,16
30021,1,16
6247,1,16
25889,1,16
21401,3,16
6971,5,16
3691,2,16
3373,2,16
6799,1,16
19169,6,16
8773,4,16
2729,2,16
4563,1,16
8735,1,16
27103,3,16
16349,2,16
2235,2,16
4133,1,16
7341,2,16
10879,3,16
6745,1,16
1863,2,16
2643,4,16
4347,1,16
5551,1,16
3803,1,16
4221,3,16
17277,4,16
1439,1,16
5965,2,16
2145,2,16
17779,1,16
10161,2,16
6475,1,16
2187,1,16
2091,2,16
1655,1,16
25073,1,16
2971,3,16
4345,2,16
5585,2,16
38983,2,16
5003,3,16
4205,2,16
5629,1,16
5777,1,16
1723,1,16
4121,3,16
15713,3,16
967,1,16
2709,2,16
4217,3,16
4891,1,16
21145,3,16
7089,2,16
3043,3,16
13509,2,16
30323,1,16
9307,3,16
6221,3,16
5139,1,16
11081,1,16
1669,1,16
12461,1,16
5637,1,16
7669,2,16
5989,2,16
7813,1,16
14693,1,16
7877,1,16
31183,1,16
8611,2,16
713,1,16
1165,3,16
1021,1,16
4557,1,16
5685,4,16
5577,2,16
5569,2,16
4893,3,16
2633,3,16
3467,2,16
7077,3,16
7715,4,16
7491,1,16
11429,2,16
4355,2,16
5135,4,16
7211,3,16
6687,2,16
4957,2,16
28449,3,16
847,1,16
9345,3,16
2379,1,16
21223,2,16
551,1,16
1257,3,16
1815,2,16
4931,1,16
7825,2,16
4691,2,16
5517,4,16
5613,3,16
14695,2,16
5747,1,16
6791,1,16
2063,2,16
4565,2,16
9761,1,16
851,2,16
3475,2,16
4869,2,16
6893,1,16
4847,1,16
4819,2,16
2719,3,16
12749,1,16
505,1,16
7443,2,16
4145,2,16
3091,1,16
1661,2,16
241,0,16
327,2,16
5149,2,16
2021,1,16
1843,1,16
5193,2,16
19197,3,16
4019,2,16
6273,1,16
3529,1,16
5759,2,16
1795,2,16
3133,3,16
4501,3,16
5113,2,16
5947,5,16
37873,4,16
20885,4,16
3285,1,16
2503,2,16
9663,1,16
2113,4,16
10321,2,16
29935,1,16
9939,1,16
1151,1,16
11073,3,16
20023,1,16
3235,2,16
3399,2,16
2035,1,16
1063,1,16
10853,2,16
11057,2,16
7941,3,16
9757,2,16
2861,2,16
15127,2,16
2981,1,16
14399,2,16
6939,1,16
15551,3,16
13745,2,16
12913,4,16
4393,3,16
2823,4,16
8281,1,16
5419,2,16
5729,2,16
573,2,16
1111,2,16
13477,3,16
869,2,16
9003,1,16
5703,2,16
7149,3,16
13509,2,16
10203,1,16
2889,1,16
2217,3,16
5027,4,16
12401,3,16
2263,2,16
8311,2,16
7665,2,16
3097,3,16
12177,1,16
2831,3,16
4657,4,16
2949,2,16
3855,2,16
6079,1,16
10727,2,16
13593,1,16
3507,1,16
5767,1,16
28459,2,16
8395,3,16
11643,2,16
26347,2,16
245,1,16
24639,3,16
12835,2,16
4805,1,16
1617,2,16
3155,2,16
5307,3,16
6085,3,16
15985,5,16
1905,2,16
10461,3,16
573,4,16
10789,5,16
20297,5,16
15633,2,16
4881,2,16
2679,2,16
15669,4,16
14871,2,16
10653,4,16
2129,1,16
3535,2,16
3973,1,16
1635,1,16
2591,2,16
3705,2,16
3343,2,16
4903,2,16
16931,1,16
1139,1,16
1441,2,16
3505,1,16
7433,3,16
1913,2,16
9913,2,16
1043,1,16
5987,5,16
3911,2,16
4483,1,16
1193,1,16
1193,2,16
8277,1,16
4609,3,16
14251,2,16
8077,3,16
797,2,16
957,1,16
1961,3,16
8651,2,16
1791,2,16
35073,1,16
3869,1,16
269,1,16
955,3,16
775,2,16
17581,1,16
14257,1,16
1593,1,16
10145,1,16
8171,2,16
4481,2,16
5493,2,16
4671,4,16
11385,2,16
2589,3,16
1471,1,16
3473,1,16
15311,2,16
11557,1,16
12953,3,16
10313,3,16
3309,2,16
4491,3,16
2251,2,16
763,1,16
3643,1,16
4823,3,16
2793,2,16
8937,4,16
5441,1,16
9551,3,16
933,1,16
13133,3,16
985,2,16
2847,3,16
4019,3,16
4019,2,16
3893,2,16
11343,4,16
4807,1,16
4793,3,16
20839,1,16
