12,1,3
0,1,4
60,2,5
180,1,5
84,1,6
252,2,6
0,2,6
168,3,7
864,1,7
720,2,7
2112,1,7
1344,2,7
1728,2,7
156,2,7
540,1,8
996,3,8
0,1,8
1044,2,8
1548,3,8
2484,2,8
792,3,8
432,2,8
0,3,8
1308,3,8
4224,2,8
0,2,8
504,2,8
6840,2,8
12012,2,8
2772,3,8
0,3,8
0,3,8
240,3,8
96,2,8
708,2,8
360,4,9
2640,1,9
1836,3,9
3216,2,9
9180,1,9
3552,3,9
7776,2,9
5184,2,9
5880,3,9
10296,2,9
6168,3,9
12348,2,9
14976,2,9
3312,2,9
17772,2,9
7704,3,9
5280,3,9
21564,2,9
2412,2,9
8784,3,9
23976,2,9
6444,3,9
31692,2,9
1536,3,9
26724,2,9
9516,3,9
948,3,9
10932,3,9
11172,3,9
660,3,9
16968,3,9
19008,3,9
1236,3,9
3372,3,9
15120,1,9
6108,3,9
2700,2,9
64056,2,9
46056,2,9
43188,3,9
7428,2,9
168,2,9
1152,3,9
204,2,9
4128,2,9
252,1,9
2232,3,9
5724,2,9
4224,2,9
1872,1,10
2448,4,10
2052,1,10
2460,2,10
2676,4,10
8304,3,10
21132,2,10
3912,3,10
2352,4,10
5808,2,10
13248,2,10
5556,3,10
10008,2,10
21876,3,10
4368,3,10
16776,2,10
0,4,10
28260,2,10
8736,3,10
10224,2,10
13608,3,10
1860,3,10
12684,3,10
40284,2,10
29100,3,10
2904,3,10
22476,3,10
6912,2,10
25428,3,10
83268,2,10
2604,2,10
5808,3,10
0,2,10
2952,2,10
8568,2,10
39408,2,10
0,2,10
53568,2,10
23412,3,10
27312,3,10
36744,3,10
5844,3,10
0,3,10
52680,3,10
0,3,10
4272,4,10
4596,4,10
804,4,10
22944,3,10
16380,3,10
21456,3,10
12108,3,10
150540,2,10
5088,3,10
91272,2,10
30108,3,10
35400,3,10
19236,2,10
43188,3,10
7692,3,10
4860,3,10
4572,4,10
69336,2,10
4500,4,10
17172,3,10
45744,3,10
69000,2,10
10236,2,10
95628,3,10
31080,3,10
1896,3,10
40920,3,10
75192,3,10
64800,2,10
4032,3,10
20580,3,10
14772,3,10
58596,3,10
0,4,10
37728,3,10
0,3,10
5952,4,10
42132,3,10
49836,3,10
9660,4,10
4404,3,10
5220,3,10
0,3,10
135564,3,10
3780,3,10
1440,4,10
86676,3,10
17364,3,10
8700,4,10
59424,3,10
20148,3,10
189240,2,10
62724,3,10
0,4,10
12072,4,10
237396,2,10
3540,3,10
31080,3,10
1212,4,10
81384,3,10
9504,4,10
6708,3,10
14592,3,10
0,4,10
59244,3,10
51696,3,10
12240,4,10
115836,3,10
5820,3,10
0,3,10
16260,4,10
97104,3,10
0,4,10
6276,3,10
468084,2,10
137184,3,10
10176,3,10
0,4,10
600,4,10
276,3,10
1020,3,10
3732,3,10
3552,3,10
636,2,10
912,2,10
7248,2,10
108,2,10
1992,2,10
4116,3,10
648,2,10
780,2,10
1536,2,10
5184,3,10
2208,4,10
192,2,10
660,3,10
2532,3,10
1548,3,10
10920,2,10
432,2,10
2064,2,10
2856,2,10
2820,3,10
8976,3,10
3096,3,10
7248,3,10
6048,4,10
672,3,10
6960,3,10
1080,3,10
3540,3,10
14352,3,10
276,3,10
3420,3,10
2616,3,10
900,3,10
7296,2,10
12612,3,10
2736,2,10
18324,2,10
196632,3,11
337224,3,11
51912,4,11
9324,3,11
24648,3,11
233376,3,11
21372,4,11
16512,3,11
19776,4,11
108540,3,11
8520,3,11
97536,3,11
22752,2,11
6132,4,11
30492,4,11
14064,3,11
254256,3,11
152892,3,11
107220,4,11
169908,3,11
124980,2,11
40128,4,11
104016,3,11
10524,4,11
107220,4,11
10500,4,11
347088,3,11
12024,4,11
116916,3,11
7044,3,11
242772,3,11
209052,3,11
21012,4,11
46212,4,11
9912,4,11
10308,3,11
13524,3,11
12480,3,11
18960,3,11
31332,4,11
148488,3,11
159060,3,11
368112,3,11
9456,4,11
132276,2,11
38844,3,11
9456,4,11
225552,3,11
122520,3,11
184152,2,11
215268,3,11
28632,3,11
53928,4,11
296736,3,11
9600,4,11
10632,3,11
20916,4,11
10380,3,11
9324,2,11
81276,3,11
337380,2,11
15804,4,11
106680,3,11
130548,3,11
74772,2,11
38388,4,11
18588,3,11
29076,4,11
20016,3,11
349308,3,11
126084,4,11
19428,4,11
13644,4,11
22956,4,11
47844,3,11
7212,4,11
254724,3,11
169680,3,11
82644,4,11
11712,4,11
52680,4,11
18564,4,11
65208,4,11
12612,3,11
133716,3,11
19152,4,11
6504,3,11
2736,4,11
153444,3,11
49596,3,11
5664,3,11
32328,4,11
9288,3,11
133008,3,11
160884,2,11
16848,3,11
23640,3,11
9108,2,11
65736,4,11
388416,3,11
464376,3,11
87984,3,11
49584,2,11
10932,3,11
144480,3,11
10224,4,11
104508,3,11
23316,4,11
14160,4,11
9012,3,11
83088,3,11
13464,4,11
68112,4,11
289212,3,11
17124,3,11
344328,3,11
265560,3,11
56748,3,11
40212,2,11
193020,3,11
237408,3,11
229728,3,11
693444,2,11
468876,3,11
225480,4,11
7680,4,11
116712,4,11
38676,3,11
69012,4,11
193704,3,11
52260,4,11
243744,3,11
151932,2,11
128568,3,11
34176,3,11
545496,3,11
105024,3,11
32064,3,11
16488,4,11
25788,3,11
78840,3,11
21804,4,11
93000,3,11
56988,3,11
202860,2,11
46536,4,11
97848,4,11
462288,2,11
204264,3,11
320616,3,11
62208,4,11
14520,3,11
12660,3,11
64836,2,11
460752,3,11
18972,4,11
63228,4,11
46644,4,11
191028,3,11
17112,4,11
18372,3,11
131628,4,11
43020,4,11
16644,4,11
8220,3,11
42624,2,11
24852,3,11
25260,3,11
14844,3,11
21396,4,11
180624,4,11
268392,3,11
259092,3,11
13548,4,11
14652,4,11
30792,4,11
39624,4,11
221340,3,11
16848,4,11
4764,4,11
84000,3,11
27492,4,11
162024,3,11
17400,4,11
10668,3,11
83496,3,11
5256,3,11
21840,3,11
7152,4,11
6828,3,11
54840,3,11
361512,2,11
80148,3,11
35436,4,11
17964,2,11
97824,4,11
275856,3,11
124536,3,11
79320,3,11
252684,2,11
16464,2,11
125664,3,11
19812,4,11
150132,3,11
57576,3,11
86220,3,11
169020,3,11
42048,3,11
7740,2,11
112608,2,11
529596,3,11
410256,3,11
33132,2,11
100344,4,11
81408,4,11
79848,4,11
311472,3,11
239460,2,11
82248,3,11
15072,4,11
18876,3,11
26040,4,11
97308,3,11
19572,3,11
75060,2,11
334212,3,11
19224,3,11
118548,2,11
44976,2,11
20916,4,11
51012,4,11
8880,4,11
7884,4,11
40596,3,11
101364,3,11
300252,2,11
99000,2,11
264756,4,11
22980,4,11
84048,3,11
16812,3,11
126120,2,11
391404,3,11
47016,3,11
25452,2,11
6300,1,11
156180,4,11
39552,3,11
27456,4,11
10524,4,11
57900,4,11
10548,4,11
57900,4,11
102684,4,11
53400,3,11
3288,4,11
27396,3,11
30840,4,11
38580,3,11
97584,4,11
122340,3,11
38604,4,11
61524,4,11
14232,3,11
16128,4,11
242100,4,11
79092,4,11
103320,4,11
20652,3,11
469536,3,11
22668,3,11
361644,3,11
14760,4,11
260460,3,11
610668,3,11
78672,4,11
81564,3,11
45552,3,11
35136,2,11
108204,4,11
60120,4,11
286200,3,11
164364,4,11
21912,3,11
90528,4,11
8964,4,11
10560,4,11
9816,4,11
24204,3,11
134340,3,11
880464,2,11
34128,4,11
183180,3,11
154932,3,11
451704,2,11
585348,3,11
236820,3,11
368472,2,11
8268,4,11
309192,4,11
195000,4,11
25128,3,11
187008,3,11
69420,4,11
50256,4,11
53292,3,11
32784,4,11
111504,3,11
39876,3,11
167904,2,11
138312,3,11
50016,2,11
152544,4,11
12408,4,11
10728,4,11
34356,3,11
273768,3,11
159828,3,11
518376,2,11
215016,3,11
370308,3,11
33540,3,11
343944,2,11
171096,2,11
25296,4,11
699384,3,11
468912,3,11
1295124,2,11
27900,4,11
149616,3,11
12828,4,11
27720,2,11
16992,4,11
44352,3,11
32556,3,11
252468,2,11
34524,4,11
26496,3,11
62208,3,11
79956,2,11
9240,2,11
26496,1,11
273084,3,11
251292,2,11
30768,4,11
134340,3,11
142500,4,11
458580,3,11
29592,4,11
39288,4,11
188652,3,11
192420,3,11
447552,2,11
15564,4,11
64680,3,11
91524,3,11
7488,3,11
46728,2,11
60972,2,11
112092,2,11
53940,1,11
37908,1,11
3756,4,11
23100,3,11
169992,2,11
660,5,11
8988,2,11
20484,3,11
13260,2,11
4668,3,11
32856,3,11
900,3,11
30432,3,11
21432,3,11
20292,4,11
49116,3,11
18072,3,11
312,2,11
2016,4,11
14376,3,11
3276,3,11
14868,3,11
41520,2,11
1968,2,11
588,3,11
3012,2,11
1968,3,11
16968,3,11
3828,4,11
1176,3,11
8172,3,11
3384,3,11
2736,4,11
912,2,11
32376,2,11
8388,3,11
3216,3,11
1896,3,11
13284,3,11
144,3,11
91548,3,11
9108,4,11
1080,3,11
180,2,11
948,2,11
32352,3,11
8880,4,11
48,1,11
91524,3,11
9108,4,11
1020,3,11
32352,3,11
8904,4,11
1560,3,11
384,2,11
1296,2,11
2268,3,11
17136,3,11
2592,3,11
6216,3,11
2196,3,11
4596,3,11
7020,4,11
3036,3,11
24480,3,11
1728,4,11
4944,4,11
1152,2,11
21084,2,11
5436,3,11
1956,2,11
42804,3,11
432,2,11
60504,2,11
13368,3,11
468,3,11
10308,3,11
64524,3,11
216,3,11
216,2,11
10308,3,11
4212,4,11
35232,4,11
4212,4,11
1368,2,11
9972,3,11
3504,4,11
864,3,11
2724,2,11
14292,2,11
4680,3,11
2376,3,11
8412,3,11
3420,4,11
36960,3,11
14124,3,11
14412,2,11
936,3,11
15204,3,11
2796,3,11
6552,3,11
1032,3,11
288,2,11
6108,3,11
14112,2,11
8076,2,11
10020,2,11
132,2,11
42996,3,11
12864,4,11
63228,3,11
2004,3,11
2928,4,11
67548,3,11
29088,3,11
3276,3,11
3048,3,11
16416,3,11
22368,2,11
3012,2,11
3924,3,11
288,2,11
6816,2,11
2904,3,11
3024,3,11
3528,4,11
12636,3,11
5592,2,11
14928,2,11
20064,3,11
24024,3,11
20628,3,11
13728,3,11
6300,3,11
8592,3,11
2652,3,11
33216,3,11
996,2,11
13920,4,11
29292,2,11
492,3,11
24456,3,11
26688,3,11
576,2,11
420,1,11
46572,2,11
1920,1,11
4356,2,11
456,3,11
47292,3,11
2340,3,11
39540,3,11
13512,4,11
8400,4,11
7320,4,11
28596,3,11
2556,2,11
2652,3,11
1728,4,11
52680,3,11
14364,3,11
3696,3,11
4080,3,11
7248,4,11
49692,3,11
30432,3,11
18168,3,11
54120,2,11
12264,3,11
3840,3,11
5448,4,11
33300,3,11
43836,3,11
11760,3,11
79020,2,11
92472,2,11
2940,3,11
16512,4,11
124212,3,11
31956,3,11
26520,3,11
11808,4,11
82032,3,11
2472,3,11
23448,3,11
27648,2,11
4056,4,11
14040,3,11
45252,3,11
180888,3,11
28176,4,12
243900,4,12
29604,4,12
29628,4,12
25872,4,12
1105020,3,12
104700,3,12
21060,3,12
55188,4,12
701712,3,12
171708,4,12
131580,2,12
367056,4,12
1217796,3,12
166740,4,12
102204,4,12
625728,3,12
7104,4,12
185988,4,12
1708080,3,12
1257540,3,12
1070796,3,12
1032240,2,12
61428,4,12
494568,4,12
674676,4,12
16308,4,12
1186104,3,12
319740,3,12
453024,4,12
33240,3,12
453024,4,12
58656,4,12
58656,4,12
379428,4,12
391536,4,12
51336,4,12
632124,2,12
105612,3,12
238044,3,12
1364208,3,12
113892,4,12
167928,3,12
190848,3,12
66960,3,12
17028,3,12
159972,4,12
1394808,3,12
873072,4,12
511152,3,12
174504,3,12
123768,4,12
960684,3,12
170220,3,12
607128,4,12
123336,4,12
83808,4,12
1226520,3,12
266532,4,12
1187580,3,12
86196,3,12
507444,3,12
115044,3,12
1163376,3,12
16644,4,12
332388,2,12
69888,4,12
365796,3,12
79080,4,12
226404,4,12
396360,4,12
323016,4,12
625680,4,12
41880,3,12
1620528,3,12
1373532,3,12
109680,4,12
454500,3,12
100596,3,12
25056,3,12
360900,3,12
783552,3,12
850896,3,12
1574916,3,12
808980,3,12
2676,4,12
870468,3,12
549588,2,12
107892,4,12
906024,3,12
23508,3,12
1620420,3,12
1620792,3,12
224052,3,12
614988,4,12
39036,4,12
259764,3,12
65100,4,12
128508,4,12
556068,3,12
172188,4,12
46356,4,12
359628,3,12
411444,3,12
437028,4,12
2711724,3,12
568320,3,12
1668276,3,12
413628,3,12
865584,4,12
728748,3,12
2367624,3,12
147588,4,12
885828,3,12
1046832,2,12
321744,4,12
13176,4,12
119592,3,12
22728,2,12
0,4,12
41292,4,12
422496,3,12
3037656,3,12
243000,4,12
0,4,12
61188,4,12
115440,4,12
706140,3,12
219060,4,12
0,3,12
354228,4,12
35364,4,12
30552,4,12
21984,3,12
35172,3,12
376416,4,12
100212,4,12
238440,4,12
0,4,12
100056,4,12
52260,4,12
335316,3,12
142200,4,12
337752,3,12
645900,2,12
153360,3,12
1362768,3,12
107688,3,12
285864,2,12
40380,3,12
257880,3,12
280200,4,12
189960,3,12
351036,3,12
394740,2,12
467568,4,12
904260,3,12
928692,4,12
641124,3,12
196368,3,12
804012,2,12
480108,4,12
129456,4,12
477516,3,12
263664,4,12
1270536,3,12
435660,4,12
103680,4,12
100872,4,12
817596,3,12
106968,4,12
60084,4,12
16488,4,12
24600,4,12
104664,4,12
129780,3,12
1048104,3,12
220788,4,12
209856,4,12
1314780,3,12
28860,3,12
77280,3,12
204360,3,12
145452,3,12
138996,4,12
298176,4,12
148968,3,12
633816,2,12
109716,4,12
1313436,3,12
60612,4,12
31812,3,12
859080,3,12
2232684,3,12
430596,4,12
129480,3,12
95448,4,12
1151652,3,12
1213956,3,12
301704,4,12
65376,2,12
133392,4,12
1009524,4,12
248676,4,12
1292724,4,12
532824,4,12
1559604,4,12
26052,3,12
369780,3,12
297864,3,12
62016,3,12
59616,2,12
207072,3,12
783684,2,12
72072,3,12
215724,4,12
69528,4,12
73848,3,12
241968,3,12
195156,4,12
95820,3,12
21708,2,12
195540,2,12
380844,4,12
80028,3,12
163764,2,12
557868,4,12
201492,4,12
328572,4,12
102348,4,12
0,3,12
94296,4,12
57852,3,12
5796,5,12
6900,4,12
94056,4,12
39828,3,12
94008,4,12
34260,4,12
139368,4,12
138696,4,12
3085980,3,12
7524,5,12
1084356,4,12
956676,4,12
427416,4,12
0,4,12
1138416,4,12
81516,4,12
157380,4,12
145140,4,12
429036,4,12
111588,4,12
71664,3,12
0,4,12
425448,4,12
100956,4,12
1614012,3,12
2465784,3,12
29676,5,12
18756,4,12
585516,4,12
179964,3,12
452340,4,12
869292,3,12
230016,4,12
323196,4,12
0,3,12
16296,4,12
55200,4,12
2397048,3,12
45672,4,12
226860,3,12
703728,4,12
1648308,3,12
134208,4,12
443424,4,12
64680,4,12
459564,3,12
0,4,12
1321068,3,12
3364896,2,12
48864,4,12
1452000,4,12
2321004,4,12
2140572,3,12
40848,4,12
60636,3,12
8040,5,12
41004,3,12
27504,4,12
73536,3,12
77148,2,12
453168,3,12
1110564,3,12
126288,3,12
711552,4,12
215232,4,12
1097472,3,12
23184,5,12
184152,4,12
32676,5,12
425256,4,12
248244,3,12
389160,4,12
325836,3,12
96480,4,12
415764,4,12
38736,3,12
1766628,3,12
750564,4,12
25080,4,12
307296,4,12
167472,4,12
670272,3,12
44556,4,12
500016,4,12
49044,3,12
884808,4,12
4714860,2,12
749184,3,12
388764,4,12
320616,4,12
38544,5,12
111540,4,12
0,4,12
25200,4,12
51756,4,12
47028,3,12
29460,3,12
167868,4,12
173196,4,12
119304,3,12
263208,2,12
9600,1,12
0,4,12
28200,5,12
13200,4,12
14040,4,12
221544,4,12
16068,4,12
40512,3,12
145932,3,12
694548,4,12
2304816,3,12
836940,4,12
91920,4,12
139080,4,12
798180,3,12
132612,4,12
82800,3,12
91824,5,12
34632,5,12
18840,5,12
30420,5,12
51708,5,12
0,5,12
28116,5,12
52896,5,12
28068,4,12
0,5,12
9216,5,12
113100,4,12
18924,5,12
47724,4,12
88752,4,12
44712,4,12
233040,3,12
12408,4,12
20364,3,12
23688,5,12
0,5,12
11088,5,12
236532,4,12
0,5,12
81444,5,12
44484,4,12
5028,5,12
50196,4,12
54600,4,12
34356,4,12
185052,3,12
0,3,12
87192,4,12
0,5,12
0,3,12
11640,3,12
9384,3,12
36612,2,12
0,4,12
2280,5,12
10872,4,12
0,1,12
7968,3,12
31128,3,12
25548,3,12
22212,3,12
4680,2,12
304152,3,12
25716,4,12
27000,3,12
22824,3,12
4512,3,12
6744,3,12
7284,3,12
53784,3,12
10500,4,12
28272,3,12
1116,3,12
56724,4,12
5424,3,12
5832,3,12
55476,3,12
45720,2,12
4188,3,12
27624,4,12
33216,3,12
11136,4,12
3648,2,12
63336,4,12
12360,4,12
3384,3,12
44880,4,12
2016,3,12
2016,3,12
25188,3,12
55116,3,12
68544,4,12
648,3,12
15060,3,12
2340,3,12
6936,3,12
3396,4,12
2844,3,12
7188,3,12
43788,3,12
30852,2,12
30492,3,12
2208,3,12
27168,3,12
201720,3,12
21144,3,12
1476,3,12
97332,2,12
6708,3,12
3216,3,12
31008,2,12
7560,2,12
71160,3,12
4092,3,12
182904,3,12
4488,3,12
147888,3,12
2832,3,12
0,3,12
113496,3,12
12876,2,12
56436,3,12
4272,3,12
83460,3,12
70608,3,12
70608,3,12
24984,3,12
3024,3,12
10824,4,12
9504,4,12
1140,3,12
372,3,12
6336,3,12
88668,3,12
33084,3,12
29568,4,12
12060,3,12
6804,3,12
672,2,12
162876,3,12
3696,3,12
37440,4,12
7752,3,12
17580,2,12
3072,2,12
3084,3,12
2688,3,12
107436,3,12
2064,2,12
69324,4,12
17496,3,12
11136,3,12
148932,3,12
25872,3,12
1068,2,12
103032,3,12
18264,4,12
23328,4,12
11220,4,12
35244,4,12
21780,3,12
20736,3,12
1752,3,12
16896,4,12
6804,4,12
62136,4,12
7116,4,12
72,2,12
2448,2,12
11280,3,12
5796,3,12
1044,3,12
6348,3,12
184896,3,12
14760,2,12
2340,2,12
1488,2,12
356484,3,12
16476,4,12
5760,3,12
148776,3,12
13992,3,12
2112,3,12
29196,4,12
60408,4,12
25272,3,12
0,2,12
5820,3,12
924,2,12
30024,4,12
11436,3,12
35472,3,12
7440,3,12
21180,3,12
6900,3,12
900,3,12
3216,2,12
412740,3,12
7920,3,12
7764,3,12
55476,3,12
6720,3,12
90900,3,12
122244,3,12
6468,4,12
145488,4,12
300,1.5,12
1284,2,12
40992,3,12
53940,3,12
179556,3,12
5940,4,12
18792,3,12
7344,3,12
214596,3,12
151452,3,12
76488,3,12
3540,3,12
125592,3,12
57816,2,12
1512,2,12
4752,3,12
12684,3,12
12036,3,12
30348,2,12
87936,2,12
24420,2,12
43608,2,12
9948,3,12
62160,3,12
6492,4,12
1416,4,12
3432,5,12
34800,4,12
9516,4,12
2388,3,12
11304,3,12
8064,3,12
13740,2,12
9600,3,12
87408,3,12
36876,3,12
7056,3,12
15384,3,12
7092,3,12
228360,3,12
5856,4,12
11736,4,12
21228,3,12
69528,3,12
53784,3,12
29784,3,12
118644,3,12
6144,4,12
2004,3,12
101088,3,12
3072,4,12
8844,3,12
8424,4,12
2112,4,12
105708,3,12
25476,4,12
14424,3,12
51516,4,12
258660,4,13
1190400,3,13
1234908,4,13
71364,4,13
2921052,3,13
53964,4,13
299808,4,13
501060,4,13
857052,4,13
1331124,4,13
534396,3,13
5175000,4,13
1265520,4,13
5175000,4,13
71388,4,13
867696,4,13
508728,4,13
80364,4,13
921264,4,13
1893912,3,13
861720,4,13
2427516,3,13
2312160,4,13
2656956,4,13
3747192,3,13
919704,4,13
210756,4,13
68688,5,13
401436,4,13
286284,4,13
1773936,3,13
547920,3,13
2540808,3,13
258924,3,13
176220,4,13
57768,4,13
1142112,4,13
607644,4,13
89808,2,13
69888,4,13
537588,4,13
493908,4,13
254652,5,13
2741856,3,13
3926796,3,13
5803884,3,13
2704800,4,13
2704800,4,13
1764888,4,13
75672,5,13
711276,4,13
39876,4,13
39876,4,13
130152,4,13
2506968,4,13
1838904,3,13
4079340,3,13
649224,4,13
1081368,3,13
127572,4,13
122424,4,13
247728,4,13
410052,3,13
841800,4,13
377928,5,13
41412,4,13
3438864,4,13
7783200,3,13
487968,4,13
198384,4,13
93120,5,13
66972,4,13
180420,3,13
436140,4,13
4650120,3,13
2324028,4,13
166512,4,13
546012,4,13
40080,4,13
275292,5,13
890292,3,13
213276,5,13
5520408,4,13
151464,4,13
1840872,4,13
4117248,3,13
323304,4,13
61896,5,13
76500,5,13
74436,3,13
641004,4,13
52404,4,13
56148,5,13
2648940,3,13
885480,4,13
153408,4,13
6707340,3,13
1680636,3,13
2285172,3,13
4248552,4,13
607500,4,13
1119720,4,13
1223952,3,13
2167488,3,13
1846464,3,13
441024,3,13
5857452,3,13
5857452,3,13
656712,3,13
213264,2,13
98496,5,13
503028,4,13
85896,4,13
367080,5,13
87432,4,13
8592,5,13
192036,3,13
684192,4,13
1472652,3,13
770472,4,13
223104,3,13
6740052,3,13
495900,3,13
55020,5,13
550764,4,13
648324,3,13
911832,4,13
4164804,4,13
5870652,3,13
2635488,3,13
1919832,4,13
265416,4,13
3745860,4,13
1279212,4,13
4091580,3,13
53040,4,13
87576,4,13
144156,4,13
309516,4,13
25128,3,13
2870388,3,13
4011768,4,13
1470984,3,13
2371596,3,13
1441884,3,13
2736504,4,13
820728,4,13
283596,4,13
864924,4,13
719316,5,13
7512324,3,13
3674844,3,13
5936712,4,13
125316,5,13
743352,4,13
768420,4,13
898524,4,13
117612,3,13
2893788,4,13
848220,2,13
564720,4,13
1670280,3,13
224400,4,13
1716972,3,13
352728,4,13
83544,5,13
104892,5,13
3332208,2,13
7745220,3,13
194652,4,13
1188288,4,13
71568,4,13
1409364,4,13
150384,4,13
4265484,4,13
51228,5,13
860640,4,13
607884,4,13
317604,5,13
145536,4,13
195336,4,13
87612,3,13
89844,4,13
418440,3,13
1087236,4,13
1262808,4,13
632928,4,13
172944,5,13
152748,4,13
1322244,4,13
40632,4,13
6620808,4,13
47736,5,13
98100,4,13
281640,3,13
2304072,4,13
501180,4,13
2021724,4,13
483216,4,13
669840,4,13
2558808,4,13
329232,4,13
128856,4,13
160608,5,13
2616288,4,13
1073388,4,13
1309368,4,13
2524416,4,13
340008,4,13
169260,3,13
3135768,3,13
229368,4,13
22992,3,13
60600,4,13
293424,4,13
47220,5,13
620676,4,13
605364,4,13
291816,5,13
55512,3,13
118728,2,13
191964,4,13
1151172,4,13
99756,4,13
51060,4,13
426912,4,13
25704,4,13
1557276,3,13
352680,3,13
183648,4,13
129360,4,13
1278732,4,13
201372,5,13
478644,4,13
1288188,4,13
5943720,3,13
995064,4,13
668460,3,13
9426072,3,13
170040,5,13
5675148,4,13
338436,4,13
2218056,4,13
102792,3,13
723996,3,13
2594004,4,13
2318556,3,13
2916468,4,13
114876,4,13
152100,4,13
395208,4,13
216384,5,13
396912,3,13
3143172,3,13
73716,5,13
66720,5,13
333216,4,13
126564,5,13
231516,5,13
183324,4,13
550296,4,13
96528,5,13
177828,3,13
351180,5,13
582228,5,13
269568,5,13
76584,5,13
1748088,4,13
2390280,4,13
230988,4,13
218496,3,13
2659140,4,13
2062068,3,13
1261728,4,13
1426644,3,13
52188,3,13
1959648,3,13
3585924,3,13
203256,4,13
7490856,3,13
6640620,3,13
231564,4,13
1654524,4,13
3327528,3,13
1294236,3,13
263040,3,13
418536,3,13
2753712,2,13
145224,4,13
251760,4,13
1385376,3,13
1714284,3,13
658416,4,13
26988,5,13
181704,4,13
1462536,3,13
118884,4,13
396456,3,13
501120,4,13
5127168,4,13
14279184,3,13
179712,4,13
89844,2,13
340560,2,13
275268,4,13
142764,2,13
1818048,4,13
2920980,4,13
183336,5,13
176112,5,13
177612,4,13
1498608,3,13
274740,4,13
424692,4,13
2782908,4,13
8643312,3,13
5685720,4,13
422292,3,13
13344,5,13
83544,5,13
109236,5,13
215424,4,13
1613112,4,13
235104,4,13
595512,3,13
1614924,2,13
569808,2,13
2396544,3,13
15512040,3,13
1410828,3,13
758388,3,13
181056,3,13
342264,5,13
2625852,4,13
14880,5,13
315120,4,13
431328,5,13
20136,5,13
88608,5,13
63924,5,13
14412,4,13
192924,5,13
150912,5,13
518868,4,13
1073820,5,13
338604,5,13
1159152,4,13
26784,5,13
442176,4,13
66948,4,13
359292,4,13
463068,4,13
43488,5,13
159084,5,13
861984,5,13
599544,3,13
776592,5,13
44676,5,13
14952,5,13
385368,3,13
1308264,4,13
128244,3,13
125604,5,13
578832,5,13
18876,3,13
728808,5,13
3105984,4,13
124596,3,13
5880276,3,13
237996,3,13
1286148,4,13
527148,4,13
866016,4,13
167820,5,13
1786500,4,13
492276,4,13
76716,5,13
2968548,5,13
811476,3,13
1367688,4,13
1656936,4,13
550812,3,13
131664,4,13
728976,3,13
1254444,5,13
251940,4,13
157032,5,13
1072068,4,13
110508,5,13
664320,5,13
60456,5,13
820068,5,13
173628,4,13
1794120,4,13
3557904,4,13
934596,3,13
2244480,3,13
469068,4,13
30768,5,13
2366472,4,13
991620,5,13
47052,3,13
567792,4,13
504072,5,13
98280,4,13
2555448,5,13
3271548,4,13
225972,5,13
4295136,4,13
299748,5,13
1855440,4,13
274812,3,13
357000,4,13
1255836,3,13
481632,4,13
293736,4,13
4900944,4,13
132864,5,13
1735452,4,13
221388,4,13
4852296,4,13
185196,5,13
1221324,4,13
123276,5,13
1998024,4,13
865752,4,13
211188,4,13
413244,3,13
261000,5,13
194808,3,13
99660,5,13
206364,4,13
3915912,4,13
89808,4,13
154368,5,13
199944,4,13
1527876,4,13
1478664,3,13
113460,5,13
1092192,4,13
2453844,4,13
198576,4,13
1918776,4,13
164472,5,13
411108,4,13
255348,4,13
403260,5,13
382056,4,13
358332,4,13
459684,3,13
862980,4,13
1771368,3,13
6378372,3,13
109824,5,13
141024,4,13
700080,5,13
289836,3,13
1437840,4,13
1145688,5,13
7065852,3,13
760044,4,13
785124,4,13
878088,4,13
315264,5,13
744720,5,13
246672,5,13
95184,5,13
5607192,3,13
15147780,3,13
653364,5,13
338388,4,13
239928,4,13
13271352,2,13
744336,4,13
125316,4,13
3653568,4,13
186660,4,13
1969008,3,13
46680,4,13
1278048,3,13
1583976,4,13
446832,4,13
134352,4,13
1880676,2,13
2206296,4,13
491016,4,13
863712,3,13
68424,3,13
363156,5,13
3833832,3,13
477048,5,13
68580,4,13
337068,5,13
67752,5,13
64224,4,13
7554744,3,13
1472832,4,13
1462524,3,13
567372,5,13
452232,4,13
7077984,2,13
767460,5,13
563916,5,13
450336,5,13
223284,4,13
150672,4,13
1861848,4,13
3674808,3,13
3832092,3,13
1251744,4,13
655032,5,13
502248,4,13
89388,3,13
1073064,3,13
146784,4,13
36036,5,13
164580,3,13
74076,4,13
121764,5,13
136704,5,13
6488952,4,13
1344000,4,13
347088,4,13
1149804,5,13
256020,5,13
862752,4,13
789684,4,13
1333560,3,13
925308,3,13
946572,4,13
2143068,3,13
207444,4,13
105840,1,13
29484,5,13
6696,5,13
110976,4,13
115116,3,13
193500,3,13
389388,3,13
9360,3,13
11364,3,13
334632,3,13
192,3,13
23340,3,13
281088,4,13
172788,3,13
78564,4,13
387900,3,13
691872,3,13
815796,3,13
121584,4,13
169920,2,13
66468,3,13
120792,4,13
14424,4,13
556764,3,13
49608,4,13
41028,4,13
5640,3,13
39036,4,13
25272,4,13
33552,3,13
181356,3,13
4620,4,13
16692,3,13
17052,3,13
265800,3,13
281796,3,13
12864,4,13
171636,4,13
1284552,3,13
924,3,13
548508,3,13
199080,4,13
82656,4,13
111648,4,13
59640,4,13
34968,4,13
29940,4,13
44628,4,13
178464,4,13
33612,5,13
42696,4,13
449916,3,13
4644,3,13
48372,4,13
68304,4,13
64176,4,13
28212,5,13
237936,3,13
90240,3,13
5448,3,13
3612,5,13
66840,3,13
67680,5,13
63492,4,13
17112,5,13
47784,4,13
315168,3,13
61128,3,13
1080,3,13
25284,4,13
53580,4,13
142716,4,13
3420,3,13
382944,4,13
38568,3,13
292308,3,13
281604,3,13
42864,4,13
59940,4,13
12876,2,13
524748,3,13
1488,2,13
912,2,13
5712,4,13
122664,3,13
15300,4,13
19968,5,13
258312,3,13
17616,4,13
52572,3,13
11568,3,13
885708,2,13
125280,4,13
2160,3,13
6108,4,13
667848,3,13
488940,3,13
1464,3,13
3960,4,13
11652,3,13
12888,3,13
246300,4,13
418980,3,13
650712,3,13
584568,3,13
358224,3,13
637428,3,13
611592,3,13
25812,4,13
15228,4,13
18204,4,13
178116,4,13
2568,4,13
21276,3,13
226644,3,13
117360,4,13
687324,3,13
15576,5,13
3920028,4,14
4990824,4,14
293472,5,14
3125364,5,14
1281720,5,14
501840,5,14
100440,5,14
2052324,5,14
3736176,4,14
520560,4,14
160596,4,14
1644492,5,14
2390016,4,14
1417740,5,14
406044,5,14
1625676,4,14
2221440,5,14
813324,4,14
3717348,4,14
7756032,3,14
8069220,3,14
1305828,4,14
7191060,4,14
895488,4,14
4589472,3,14
7044048,4,14
6495648,3,14
53064708,3,14
70812,5,14
7567380,3,14
2843148,4,14
495300,5,14
1165932,5,14
531684,4,14
176712,5,14
5124876,5,14
352632,4,14
2200452,5,14
1130688,5,14
3299772,4,14
705372,4,14
4405908,3,14
1035588,5,14
1076748,4,14
4414320,3,14
491280,5,14
11501076,5,14
4079832,4,14
10132260,5,14
10061376,4,14
1727976,5,14
5514924,4,14
224256,4,14
759420,4,14
16883328,4,14
4549188,5,14
19699752,4,14
216288,4,14
0,5,14
413028,5,14
1012500,5,14
59472,5,14
2915976,5,14
4762452,4,14
5317140,4,14
1960320,4,14
8226168,4,14
6366756,4,14
370200,5,14
684204,4,14
10769988,5,14
3848772,4,14
12981600,3,14
3356976,4,14
7291488,4,14
2428740,4,14
3559536,4,14
620568,5,14
18501756,4,14
1620168,5,14
16079280,4,14
1917696,4,14
281736,5,14
3884520,5,14
330288,4,14
1119432,5,14
6908064,4,14
776148,5,14
7083816,5,14
884844,5,14
269880,4,14
427428,5,14
8381532,3,14
762552,5,14
1759548,4,14
7057452,4,14
15945360,3,14
5098440,4,14
600096,5,14
6522528,4,14
17335872,3,14
10835052,4,14
2096616,4,14
3177996,4,14
87684,5,14
2407632,4,14
300852,5,14
6639756,4,14
3877572,4,14
333636,4,14
283752,4,14
2892408,5,14
1369032,5,14
333036,4,14
1757880,5,14
13481880,4,14
315636,4,14
1285884,4,14
4947312,4,14
10768020,3,14
5451432,5,14
8974416,4,14
12442944,4,14
1271484,5,14
14336592,4,14
17990604,4,14
9143136,3,14
2847024,4,14
17743524,4,14
147684,5,14
2844768,5,14
296016,4,14
302196,5,14
278304,5,14
1020528,5,14
470832,5,14
2505372,5,14
127920,4,14
15030456,3,14
1346076,3,14
569472,4,14
875292,5,14
18125712,3,14
6022248,4,14
3513084,4,14
324120,4,14
711360,5,14
660420,4,14
2432028,5,14
46920,5,14
387132,4,14
2340636,4,14
22511844,3,14
614376,5,14
892656,4,14
60886968,3,14
12909108,4,14
12009348,4,14
2161428,4,14
812784,3,14
2885760,5,14
568332,5,14
5601672,4,14
555096,5,14
518928,5,14
401292,4,14
1528368,5,14
1379232,5,14
13134936,4,14
2358540,5,14
900636,5,14
14218200,4,14
13188012,4,14
908832,4,14
45796944,3,14
502476,4,14
12084972,4,14
2230848,2,14
1806300,5,14
432564,5,14
1318476,5,14
440052,3,14
359400,5,14
781620,4,14
2379636,4,14
755496,3,14
12814716,4,14
8055036,3,14
5520036,4,14
2039556,4,14
1758912,5,14
4494432,5,14
211392,4,14
6800112,4,14
3879864,5,14
3767232,4,14
4733556,4,14
10126248,4,14
439188,5,14
439416,4,14
1709088,5,14
9890340,5,14
2749752,5,14
7563432,4,14
491976,5,14
8507868,4,14
571584,5,14
4078392,4,14
32275692,3,14
15885948,4,14
14280660,4,14
4585344,5,14
3720096,5,14
9096684,4,14
480300,5,14
900720,5,14
333408,4,14
1140552,5,14
1668528,5,14
27688704,4,14
16858272,4,14
201744,5,14
101352,5,14
322644,3,14
2633040,3,14
303900,5,14
352548,5,14
220896,2,14
860232,5,14
453120,4,14
1434360,5,14
1319280,4,14
622224,4,14
15111060,3,14
6755736,4,14
1746804,4,14
1091088,4,14
1435956,5,14
453816,5,14
4773612,4,14
48828,6,14
10200384,5,14
10953816,5,14
443748,4,14
729636,5,14
1384788,5,14
4524684,4,14
3410532,5,14
998112,4,14
1348776,4,14
11439444,2,14
482376,3,14
5137248,4,14
2414676,4,14
18726360,3,14
472476,5,14
3669192,4,14
18346572,5,14
3451572,5,14
562608,4,14
581172,3,14
6458796,4,14
10053444,4,14
3182220,3,14
9733632,4,14
887808,4,14
5173704,5,14
235068,3,14
3470304,4,14
6349968,4,14
25604940,3,14
1503000,5,14
15753288,3,14
879276,5,14
4285704,4,14
964752,3,14
1072968,5,14
3590292,5,14
747612,5,14
5115684,4,14
8875788,4,14
738792,3,14
963888,2,14
2212560,5,14
527580,5,14
332316,5,14
227568,5,14
19941516,4,14
1292652,5,14
3890352,4,14
3006432,5,14
7601280,4,14
163368,5,14
601716,4,14
4463316,3,14
6605148,3,14
894852,5,14
218160,5,14
134640,4,14
1537320,4,14
2657520,3,14
2376624,4,14
1206444,3,14
3004140,4,14
2172072,5,14
451152,5,14
4268748,4,14
4162464,4,14
2450160,5,14
2259312,5,14
2198124,4,14
933504,3,14
787692,5,14
956244,4,14
0,4,14
4627584,4,14
3442308,4,14
764304,5,14
3003396,4,14
839136,3,14
247980,5,14
617508,4,14
479268,4,14
121812,5,14
257856,5,14
10184268,3,14
573768,4,14
4002540,5,14
358824,4,14
879960,5,14
771336,4,14
657156,4,14
0,4,14
36756,5,14
17412,3,14
900504,5,14
140520,5,14
0,6,14
23940,6,14
49092,5,14
148164,4,14
639984,4,14
80508,5,14
212412,5,14
22368,3,14
365148,4,14
1006152,4,14
292692,4,14
291384,4,14
138180,5,14
220680,4,14
509028,4,14
679500,4,14
1098756,3,14
629280,4,14
119844,4,14
990660,4,14
24348,4,14
973812,4,14
510768,4,14
2534532,4,14
883380,4,14
312,2,14
234744,5,14
1028532,4,14
128040,3,14
744336,3,14
72336,3,14
65040,4,14
301716,4,14
86424,4,14
69696,3,14
320292,4,14
415008,4,14
161124,3,14
62628,3,14
1387596,4,14
28020,3,14
117180,4,14
1055544,4,14
804,2,14
1354776,5,14
202260,3,14
10512,5,14
381672,4,14
111012,3,14
649776,3,14
53280,3,14
7284,3,14
63264,4,14
24300,4,14
275064,4,14
83820,5,14
302004,5,14
1272,3,14
69792,5,14
48432,4,14
332652,3,14
16896,3,14
2268,3,14
5844,3,14
603084,4,14
564252,3,14
40044,4,14
323940,4,14
113976,4,14
87120,4,14
47988,5,14
138000,4,14
246864,3,14
173604,3,14
397992,4,14
60972,4,14
628284,3,14
246864,3,14
2700,3,14
108564,4,14
35100,3,14
461292,4,14
93624,5,14
14592,4,14
66756,4,14
40020,4,14
8664,4,14
84564,3,14
26508,4,14
144072,4,14
128736,4,14
104028,4,14
624624,4,14
31440,3,14
2277468,3,14
18216,4,14
2352816,3,14
664752,4,14
51516,4,14
327696,4,14
2347116,3,14
19272,4,14
23844,4,14
417192,4,14
3518964,3,14
44172,4,14
184116,5,14
40584,4,14
57168,4,14
361476,5,14
11364,4,14
88692,3,14
41040,4,14
220920,3,14
1634016,3,14
521928,4,14
19128,4,14
2626212,4,14
1077264,4,14
6135996,3,14
387900,4,14
1902540,4,14
731088,4,14
66636,4,14
256896,4,14
17988,4,14
22080,4,14
359832,4,14
54528,4,14
66048,4,14
19488,3,14
26736,4,14
64956,4,14
337920,4,14
268128,5,14
30072,4,14
24408,4,14
65208,4,14
3096,3,14
481068,4,14
110592,5,14
1764,1.5,14
124356,3,14
211212,4,14
4140,3,14
24516,4,14
334668,3,14
885696,4,14
5640,3,14
1626708,4,14
315720,4,14
21516,3,14
31956,3,14
2004048,3,14
155520,4,14
425400,5,14
61896,4,14
533820,4,14
794400,4,14
59328,4,14
77892,5,14
111000,4,14
430152,3,14
155940,4,14
315936,3,14
48408,5,14
592320,4,14
31080,3,14
198516,3,14
2699256,3,14
52332,4,14
88104,2,14
981180,3,14
2611644,4,14
48276,4,14
1518984,4,14
1003932,3,14
58068,4,14
154368,4,14
47580,3,14
12012,4,14
229644,3,14
189564,4,14
43080,4,14
125292,4,14
57180,3,14
323700,5,14
138900,4,14
583368,3,14
188424,5,14
615060,4,14
8736,3,14
34836,4,14
10416,4,14
6156,5,14
21828,5,14
193788,4,14
834228,4,14
311412,4,14
47580,4,14
371844,3,14
120540,4,14
107940,4,14
624204,5,14
1896,3,14
490896,4,14
16056,3,14
324228,4,14
118380,3,14
52440,4,14
12744,3,14
70044,3,14
28788,4,14
742692,4,14
647856,4,14
607044,3,14
1298868,4,14
212016,3,14
486672,3,14
81108,3,14
625344,3,14
1121976,4,14
534792,4,14
674148,2,14
171180,4,14
68496,4,14
50016,4,14
31596,5,14
874272,4,14
0,3,14
614784,4,14
705000,4,14
705000,4,14
75576,3,14
1748088,3,14
353580,4,14
230976,3,14
95292,4,14
15504,5,14
14076,3,14
406980,4,14
16140,3,14
203040,4,14
967848,3,14
1188,2,14
2388,3,14
14592,3,14
129576,4,14
1230600,2,14
63168,4,14
403584,3,14
73980,4,14
8220,3,14
19068,4,14
240588,4,14
320640,4,14
36588,4,14
751104,4,14
54324,4,14
9780,3,14
1206684,4,14
1490052,4,14
28188,4,14
1028652,4,14
87792,4,14
890556,3,14
35208,2,14
37248,3,14
160440,4,14
417456,4,14
15132,3,14
51792,4,14
37272,3,14
42336,3,14
278760,4,14
64380,3,14
285564,3,14
119172,3,14
517608,4,14
204624,3,14
21564,4,14
48180,3,14
26904,3,14
670224,4,14
345288,4,14
13452,4,14
436140,4,14
112224,3,14
67920,3,14
862824,4,14
165948,4,14
89880,4,14
1071336,3,14
14880,4,14
641892,4,14
9864,3,14
30948,4,14
83472,3,14
130740,3,14
17316,3,14
255864,4,14
4092,2.5,14
614040,5,14
234420,3,14
289308,4,14
1287360,4,14
82716,4,14
2592,4,14
136536,4,14
395460,4,14
1655052,4,14
315060,3,14
259992,5,14
164004,3,14
33264,5,14
26088,4,14
24696,3,14
50616,4,14
4044,4,14
353928,4,14
950052,3,14
21132,3,14
537564,4,14
861888,4,14
134028,4,14
22284,4,14
498948,4,14
121704,5,14
419088,4,14
86868,3,14
870948,4,14
362616,3,14
14304,4,14
6192,5,14
115596,4,14
1015536,3,14
32388,5,14
117948,4,14
96180,5,14
113400,4,14
60720,4,14
13824,5,14
46800,4,14
323700,4,14
25548,5,14
81228,5,14
127104,5,14
224172,4,14
18564,4,14
1509744,3,14
223536,4,14
242400,4,14
89484,4,14
19764,3,14
26784,3,14
117804,3,14
9720,4,14
251664,4,14
858924,4,14
78108,5,14
26868,4,14
50172,5,14
5078580,3,14
848616,5,15
1029564,5,15
7326636,4,15
2965656,5,15
1092876,5,15
2163312,4,15
11425152,5,15
64841940,3,15
1820244,5,15
6206724,4,15
60663324,3,15
12844872,4,15
5191644,5,15
15414612,4,15
4762560,4,15
35391588,4,15
37667040,4,15
37667040,4,15
597984,5,15
623040,6,15
32832396,4,15
6285120,5,15
1406952,5,15
18781428,4,15
18376476,5,15
73114596,4,15
3913812,4,15
24456828,5,15
50346360,4,15
76713120,4,15
44408568,5,15
30440880,4,15
3568788,5,15
24327480,4,15
11458308,5,15
764700,4,15
1057020,6,15
1076376,5,15
2417448,4,15
2795568,5,15
130039428,4,15
1452708,5,15
12768204,3,15
16011888,5,15
1172748,4,15
5533836,3,15
4663008,5,15
1162188,3,15
499944,5,15
7564572,5,15
3591588,5,15
720696,5,15
7872972,5,15
1306836,5,15
7576104,4,15
10905720,5,15
3969840,4,15
5479656,4,15
24351276,4,15
126281532,4,15
11234472,5,15
71020104,4,15
1455144,5,15
3675360,5,15
986916,5,15
11276484,5,15
27429408,4,15
46874544,4,15
3163992,4,15
2580660,5,15
3979932,5,15
27515292,4,15
15994836,4,15
33897936,5,15
1941288,5,15
1840776,5,15
53146644,4,15
1936260,5,15
15244368,4,15
9553980,5,15
17720916,4,15
3251232,4,15
5263824,5,15
23394900,3,15
2347932,5,15
10024032,4,15
7348908,5,15
20247588,4,15
640764,5,15
17120604,4,15
922080,5,15
25216116,4,15
16803444,4,15
5465844,5,15
530304,3,15
1169412,5,15
21090648,5,15
29823708,4,15
584088,5,15
27123408,4,15
909540,4,15
1195116,5,15
11308332,5,15
1234716,5,15
62140140,4,15
1066008,5,15
2412168,5,15
1064376,5,15
1064376,5,15
15203280,4,15
3972660,5,15
2734008,5,15
1544640,5,15
11029344,4,15
48161040,4,15
1090116,5,15
2298312,4,15
24246648,4,15
21728904,4,15
1616844,4,15
21778428,4,15
37838064,5,15
1456812,5,15
31255464,4,15
26111064,3,15
12743364,5,15
44704824,4,15
15260640,4,15
4303128,5,15
4330332,4,15
4641468,5,15
8319384,4,15
17427900,5,15
5053320,5,15
13103844,5,15
3498528,4,15
8736012,5,15
40242480,5,15
23326440,5,15
3824184,4,15
15293508,4,15
1157940,4,15
53600520,5,15
741036,5,15
343788,6,15
1527192,5,15
569592,5,15
28926204,4,15
8152452,3,15
24379236,4,15
35621736,3,15
6889428,4,15
69324696,4,15
3076908,5,15
7173456,5,15
279324,5,15
45847788,4,15
2080104,5,15
61765356,4,15
3560340,4,15
8920764,4,15
34703040,4,15
34581636,4,15
60188904,4,15
7041696,4,15
1387632,5,15
3672456,5,15
18710256,4,15
3472128,5,15
13464240,3,15
517524,5,15
4939944,5,15
206952,5,15
15373788,4,15
16974204,4,15
1099548,5,15
8668344,4,15
5652120,5,15
4716996,5,15
339636,5,15
1186620,5,15
17730672,5,15
977628,4,15
19631940,5,15
36022104,4,15
24188016,4,15
7600728,5,15
1753284,5,15
3087504,5,15
4069032,5,15
26089884,5,15
960756,5,15
295188,5,15
7035816,5,15
54025152,4,15
2205192,4,15
16611072,4,15
19225068,4,15
7918620,5,15
46011552,4,15
15351444,4,15
6154260,5,15
115894956,3,15
1989864,5,15
80789424,4,15
56190072,5,15
1029228,5,15
32697384,5,15
46297236,4,15
4204440,4,15
11412036,4,15
3559032,5,15
17026896,4,15
155772,3,15
24097200,3,15
1433004,4,15
71296032,4,15
11989704,5,15
5025396,4,15
4871904,4,15
38841108,3,15
2013120,5,15
32918520,5,15
935412,5,15
2607756,5,15
21080016,4,15
139737444,4,15
4324464,4,15
13493268,4,15
20697324,4,15
67332228,4,15
19629612,5,15
12595500,5,15
4777932,5,15
39967104,3,15
79083000,4,15
2510904,5,15
49615644,4,15
7970400,4,15
31951116,3,15
1866564,5,15
10143180,4,15
17679000,5,15
30202944,5,15
5302716,4,15
36047832,4,15
17162856,3,15
8900496,3,15
6036096,5,15
5181948,5,15
7156908,5,15
72269256,4,15
26233656,4,15
1839084,5,15
62301612,4,15
10732032,4,15
380076,5,15
3038316,5,15
1711992,4,15
8176632,3,15
6838284,4,15
3203892,2,15
7169640,4,15
11675772,4,15
44596452,4,15
17759880,4,15
38444028,4,15
31140900,3,15
1088448,5,15
7984836,4,15
18331752,3,15
475044,6,15
58603368,4,15
2268156,5,15
6752676,4,15
6595020,4,15
8798640,4,15
85368552,5,15
3869676,4,15
2952060,4,15
5513256,4,15
1638720,4,15
41829696,4,15
7110336,5,15
3494352,5,15
3138648,5,15
10659708,4,15
64757724,5,15
66122076,5,15
1746480,5,15
48406692,4,15
5840328,5,15
57561816,4,15
17502060,5,15
558552,5,15
1128072,5,15
48281064,4,15
39071712,5,15
626292,5,15
13523148,5,15
35221164,4,15
15024432,5,15
2999916,5,15
189576,6,15
1456872,5,15
6559572,5,15
313896,6,15
913044,5,15
10551372,4,15
9112560,5,15
10559856,5,15
36618888,4,15
5236032,3,15
13392840,4,15
10280916,5,15
4836744,4,15
1689912,5,15
6745080,4,15
10736772,5,15
216267804,3,15
27775548,5,15
21474360,4,15
22107444,4,15
168972,6,15
54647652,3,15
2794596,4,15
351492,6,15
878364,5,15
6055632,5,15
3725112,5,15
13815204,5,15
2726316,5,15
5003664,5,15
8575008,5,15
50492580,4,15
63286356,4,15
109137576,4,15
9946140,5,15
1964820,5,15
22504356,5,15
796848,5,15
581616,6,15
430932,5,15
582552,5,15
12459120,5,15
107843772,3,15
6976236,5,15
744780,6,15
4646520,5,15
1996944,5,15
5234628,5,15
1634028,5,15
711984,5,15
402612,4,15
716616,5,15
332904,6,15
343584,6,15
12220200,5,15
49628580,4,15
10075308,5,15
1045524,6,15
293640,6,15
5424780,4,15
140784,6,15
15686772,5,15
369408,5,15
540696,5,15
1344636,6,15
8525184,5,15
2142588,5,15
3654804,5,15
468564,6,15
348168,5,15
9581268,5,15
2900616,5,15
14937168,5,15
1349400,6,15
3223824,6,15
3585840,5,15
19941036,5,15
1614000,5,15
2395884,5,15
1345656,5,15
3131892,5,15
8121420,4,15
1620180,6,15
3839940,5,15
5369988,6,15
466176,5,15
19413588,6,15
24760680,5,15
19582524,4,15
7755984,5,15
15026880,4,15
1121088,6,15
6746856,4,15
19544352,4,15
22680408,4,15
1214208,5,15
921492,5,15
4268232,5,15
1626024,5,15
10225212,5,15
8137188,6,15
599244,5,15
2535600,6,15
966624,5,15
35792556,4,15
29969328,4,15
87669168,4,15
1151952,4,15
1797696,5,15
21000408,5,15
32506956,5,15
2066892,5,15
6676944,5,15
3858216,5,15
6890796,5,15
25782384,4,15
504156,5,15
12418800,5,15
1779564,4,15
4844688,5,15
4391916,3,15
55096584,3,15
5734980,5,15
20081076,5,15
441912,6,15
108773748,4,15
7219992,4,15
943056,6,15
2703312,5,15
21134628,3,15
4429164,4,15
33104580,4,15
73784460,4,15
2785056,5,15
3629328,5,15
4276392,5,15
730392,6,15
377352,4,15
4961904,4,15
1932060,5,15
3947016,4,15
15856284,4,15
7005624,5,15
4205964,4,15
980556,5,15
23775636,5,15
6110904,6,15
1946028,5,15
20246436,4,15
243192,5,15
206504940,3,15
2468856,3,15
557520,5,15
9250812,5,15
2862336,5,15
32491200,4,15
3913812,6,15
97650852,4,15
1801068,5,15
8257824,5,15
338580,6,15
776268,6,15
2981112,4,15
16546656,5,15
15851844,5,15
23201016,5,15
1186740,5,15
1378752,5,15
1281144,4,15
87605796,4,15
58296624,4,15
1105680,6,15
820500,6,15
1411308,5,15
7905348,5,15
4942836,5,15
445416,6,15
980388,5,15
445164,6,15
5175228,5,15
3980592,4,15
2853468,4,15
682764,4,15
2447244,5,15
57953904,3,15
1066260,5,15
3847812,3,15
73797432,4,15
1680,7,15
337380,4,15
4356528,4,15
564492,4,15
932808,4,15
1467084,4,15
203460,4,15
210672,4,15
961368,4,15
1010664,5,15
1852188,4,15
4369560,4,15
146004,5,15
847740,4,15
121332,4,15
12180,4,15
78228,3,15
386412,4,15
53772,3,15
447648,3,15
179616,3,15
38400,4,15
750144,4,15
171720,4,15
442644,5,15
173856,4,15
88884,4,15
104952,4,15
175080,4,15
178596,5,15
7728,4,15
1827180,3,15
266232,5,15
392724,5,15
686736,4,15
627084,4,15
98112,4,15
644964,4,15
706344,4,15
240936,4,15
46908,4,15
248556,5,15
1264332,4,15
587700,5,15
350352,4,15
279600,4,15
111804,4,15
18048,3,15
246024,4,15
165660,5,15
249192,4,15
43584,4,15
29148,4,15
288,3,15
1569816,4,15
99540,4,15
633888,4,15
979056,4,15
846168,4,15
159348,4,15
3977796,4,15
1067844,5,15
15780,3,15
5832,4,15
851016,4,15
1741560,4,15
851016,4,15
10114572,3,15
288600,4,15
185772,4,15
360552,4,15
55752,3,15
2280,3.5,15
534324,3,15
4328088,4,15
151488,4,15
8880,3,15
2670396,3,15
120192,4,15
190920,5,15
309948,5,15
209040,4,15
47892,4,15
1583040,4,15
238656,5,15
13746540,4,15
7642776,4,15
667044,5,15
121344,4,15
499656,5,15
44052,3,15
76920,4,15
1368420,4,15
210432,5,15
1548732,5,15
808152,4,15
6163536,4,15
175392,4,15
7524,4,15
275364,4,15
1432188,3,15
182220,5,15
8616444,4,15
7620804,4,15
6954996,4,15
1184880,5,15
856332,4,15
1114296,5,15
2443752,4,15
718668,3,15
5484,3,15
5508,3,15
87876,4,15
52752,4,15
925584,5,15
74052,6,15
461472,4,15
1392936,4,15
2794728,4,15
116904,4,15
780828,4,15
1506372,5,15
66564,4,15
3821148,4,15
829884,4,15
259692,4,15
1297956,4,15
262296,4,15
259692,4,15
1055028,5,15
110016,5,15
1253064,4,15
208764,3,15
222192,3,15
23304,4,15
54300,3,15
425124,5,15
2106648,3,15
58272,4,15
1806300,4,15
10560,3,15
897840,4,15
2955108,4,15
1581228,4,15
78516,4,15
345888,5,15
508608,5,15
3994476,3,15
197688,3,15
427176,4,15
600300,4,15
39048,3,15
10056,4,15
76608,4,15
2068536,4,15
156408,4,15
18012,3,15
93240,4,15
2160552,3,15
478380,4,15
1643724,5,15
10863888,4,15
1760628,5,15
3347208,4,15
1655244,4,15
223356,4,15
1921752,4,15
242724,5,15
393888,4,15
890664,4,15
732384,5,15
720,2.5,15
10596,4,15
115584,5,15
75576,4,15
919272,5,15
33816,4,15
1008,3.5,15
13104,3,15
75540,3,15
508860,3,15
554400,3,15
1454688,4,15
3504,3,15
678576,4,15
17760,4,15
2580480,4,15
197256,4,15
227964,4,15
2424,3,15
12033924,4,15
62076,4,15
25752,5,15
8292144,4,15
392196,3,15
51588,4,15
8919156,3,15
650184,4,15
84276,5,15
941784,3,15
453324,5,15
7571208,4,15
5395788,3,15
227664,4,15
51492,4,15
1052664,4,15
146640,3,15
3909804,4,15
328008,4,15
45636,4,15
1911252,3,15
223908,3,15
4028076,3,15
28452,3,15
131796,3,15
225792,4,15
4200,4,15
1980,4,15
514032,4,15
45432,4,15
3449208,3,15
906096,4,15
16308,4,15
546468,4,15
541320,3,15
5268,6,15
58392,5,15
2064924,4,15
488472,4,15
196884,4,15
3125532,3,15
119052,4,15
2271384,4,15
770988,5,15
1305624,4,15
73452,4,15
814632,4,15
842508,3,15
363780,3,15
279084,3,15
1018476,4,15
369372,4,15
4806864,4,15
297144,4,15
1173180,4,15
370536,4,15
69696,6,15
1595928,4,15
286488,3,15
13531956,3,15
98268,4,15
391680,4,15
3532152,4,15
1362480,3,15
24300,5,15
436848,5,15
28548,2.5,15
4485720,4,15
1748148,5,15
57398448,4,16
6740760,5,16
7876896,5,16
5234796,5,16
76074288,4,16
20743008,5,16
8467836,5,16
60501588,4,16
93197340,4,16
111509400,5,16
6724608,5,16
19851504,5,16
9908808,6,16
22430832,4,16
29918256,5,16
335292,6,16
65285652,4,16
30825612,5,16
41959020,5,16
18900576,6,16
184751016,5,16
71022840,4,16
4158048,3,16
79554432,4,16
4788684,6,16
38616732,5,16
39284112,5,16
199528524,4,16
12216396,4,16
42652716,5,16
215181408,4,16
61397580,5,16
69226224,4,16
19024032,4,16
36535416,5,16
940476,6,16
2470464,5,16
166877304,4,16
119600796,5,16
14953572,5,16
2139744,6,16
1193964,5,16
2429172,5,16
14671320,5,16
3748080,6,16
134663676,5,16
4861692,6,16
687828,6,16
4036140,6,16
1484436,5,16
113215860,5,16
64137060,5,16
4444860,5,16
76217700,4,16
22780680,5,16
62693676,4,16
65658636,5,16
83187744,5,16
2990664,5,16
9872052,5,16
1727604,6,16
16031292,4,16
112982220,4,16
50836824,5,16
71898720,5,16
21607920,5,16
7957320,6,16
10262244,5,16
13434072,6,16
1361268,5,16
7295508,6,16
12490212,5,16
97844424,5,16
4749288,5,16
12826020,6,16
4803624,5,16
165719016,3,16
2694648,5,16
92574120,4,16
148457004,4,16
17091012,5,16
1191852,6,16
77584980,5,16
7106916,5,16
8100108,5,16
11140272,6,16
25886640,5,16
548016,4,16
854736,6,16
31601304,5,16
174764064,4,16
8207280,6,16
1693800,5,16
13913472,5,16
76988160,4,16
22036044,5,16
5979696,5,16
737748,5,16
48674148,3,16
12647880,5,16
52835796,5,16
78482280,5,16
4917144,4,16
43232868,5,16
397587192,4,16
5576064,5,16
2296284,5,16
154453140,4,16
3080664,6,16
122136240,5,16
1491432,5,16
145807176,4,16
22434108,5,16
4297668,6,16
3244356,6,16
99531168,5,16
1955796,5,16
104522976,5,16
2981016,5,16
3427896,4,16
8761536,5,16
40105740,5,16
24527004,5,16
4563816,6,16
42293700,5,16
9850032,5,16
105063876,3,16
30519492,5,16
3608160,5,16
128089344,5,16
3662688,6,16
5439168,5,16
17048892,4,16
59169468,5,16
37181880,5,16
4849308,6,16
982836,6,16
3997584,5,16
32371236,4,16
1071984,6,16
19222116,5,16
11843244,4,16
4612980,5,16
163455600,5,16
203253168,5,16
5317404,6,16
14617512,6,16
21418404,4,16
19004448,5,16
32409804,5,16
3874296,6,16
9292932,5,16
1199496,4,16
26636328,5,16
11559084,5,16
54136836,5,16
226828572,5,16
9134964,5,16
39426840,6,16
22674288,5,16
3358968,5,16
1689744,5,16
45741456,4,16
6349176,5,16
289643952,4,16
34174752,6,16
4809444,6,16
3351912,5,16
2475276,6,16
20100900,5,16
4841736,5,16
27898032,5,16
18481224,6,16
72609780,5,16
15868152,6,16
118749024,6,16
123566052,3,16
32633448,5,16
1782372,5,16
181191612,5,16
61080084,5,16
17543952,5,16
27676524,5,16
42996888,4,16
99548364,4,16
319611264,4,16
69030132,4,16
2392620,5,16
8964192,5,16
5942700,6,16
207718872,4,16
8329992,3,16
6282480,6,16
21861756,5,16
32445060,6,16
8786856,5,16
166150656,4,16
109187532,4,16
5135652,5,16
48050280,5,16
43027116,6,16
245202612,4,16
50256684,5,16
97195260,4,16
1207056,5,16
102610248,4,16
16275096,4,16
24125988,6,16
9086064,6,16
25552020,5,16
104698932,4,16
1928220,5,16
4273272,6,16
233159472,4,16
1572096,5,16
19656732,5,16
26016552,5,16
2891304,5,16
22947828,4,16
192185352,4,16
25987320,5,16
12701988,3,16
4820004,5,16
4214868,5,16
10529556,6,16
148206324,4,16
115473600,5,16
283674408,4,16
10082256,6,16
12985008,4,16
17380548,4,16
33255588,5,16
145335144,5,16
89747856,5,16
93800364,5,16
2491296,5,16
6619920,5,16
2743848,5,16
5287788,4,16
1220004,5,16
96364488,5,16
126948540,4,16
4999944,4,16
10465752,6,16
23898324,5,16
63989388,4,16
18422028,5,16
34421700,5,16
29841816,6,16
37274964,5,16
13595616,4,16
13556880,5,16
3234528,6,16
190982904,5,16
124550484,5,16
6881652,6,16
24673824,5,16
84153072,5,16
50972520,4,16
4114752,5,16
59582076,6,16
66231408,5,16
21877512,4,16
5392788,5,16
10611888,5,16
31297308,4,16
317964,6,16
97897236,4,16
19593252,5,16
19777104,4,16
8028168,5,16
2308056,6,16
16985628,6,16
7678656,5,16
16698024,6,16
12513240,5,16
5745036,6,16
98501016,6,16
9345684,6,16
4193328,6,16
52151256,5,16
107656908,4,16
3510540,5,16
13244304,6,16
77102844,5,16
3823716,6,16
81966072,5,16
63105936,5,16
227220,6,16
3719136,4,16
150281664,5,16
4002012,5,16
8193936,5,16
12438024,3,16
4133376,2,16
103310280,4,16
4296864,5,16
12170352,6,16
38344212,4,16
8010060,6,16
11465904,6,16
831168,6,16
1476264,6,16
66164040,4,16
17659116,5,16
15719748,5,16
78873768,5,16
6348276,5,16
21764112,5,16
339180,5,16
8255496,5,16
70245828,5,16
48843360,4,16
9750624,5,16
13274688,6,16
21728844,6,16
42962124,4,16
2921604,6,16
81598692,5,16
4220448,3,16
65734692,4,16
226074708,4,16
36801612,5,16
53105436,5,16
817080,6,16
5145348,4,16
9035628,6,16
2337264,6,16
33118296,5,16
105809688,5,16
511571148,5,16
21184020,5,16
28477884,5,16
28220424,5,16
51135480,5,16
67652508,5,16
2430696,5,16
63695652,5,16
24660624,5,16
3563196,5,16
697068,6,16
37408728,5,16
525588036,4,16
50150616,5,16
111120408,5,16
4636560,5,16
108561792,5,16
7337688,5,16
5481084,6,16
8542932,5,16
131931228,3,16
4264584,6,16
9571824,6,16
103917672,5,16
6586836,5,16
24751080,5,16
166357944,5,16
11003304,6,16
119349312,4,16
35469372,5,16
42417024,5,16
12205008,6,16
4309608,6,16
5366244,4,16
28117212,5,16
25050372,3,16
78512652,4,16
6535704,5,16
50427432,5,16
16199628,4,16
230428500,4,16
53746656,4,16
20806164,6,16
39780336,6,16
41957520,5,16
105063852,5,16
81412824,5,16
139697892,4,16
73111776,3,16
1818888,4,16
12076008,5,16
1593204,5,16
5977848,6,16
5257080,6,16
446443092,4,16
224509380,4,16
5676120,5,16
13699476,5,16
86064504,5,16
13402032,5,16
144542856,5,16
18191916,6,16
83114064,6,16
14488008,5,16
40347996,6,16
52776912,3,16
14500644,4,16
6296724,2,16
1204380,5,16
2192892,5,16
29365824,2,16
25020072,4,16
157414728,5,16
15399228,6,16
42786240,4,16
1309944,6,16
16897428,5,16
15063828,6,16
522756,6,16
10529040,6,16
1395444,4,16
3029340,6,16
3624960,5,16
2239980,6,16
0,5,16
4704132,5,16
3315312,6,16
1134504,6,16
1449408,3,16
123339444,5,16
75829140,4,16
70948536,5,16
9243564,4,16
5673264,4,16
8830212,5,16
218896512,4,16
4765572,4,16
131636424,5,16
2240316,5,16
2474424,6,16
1242732,6,16
2425608,5,16
1078404,3,16
59988,5,16
52620,3,16
18881064,5,16
1195200,5,16
1045716,5,16
990528,5,16
144156,4,16
1697304,4,16
163896,5,16
43656,4,16
399360,4,16
33144,4,16
118500,3,16
335400,4,16
3862320,5,16
183048,4,16
1929648,5,16
588480,5,16
255504,4,16
865824,5,16
138456,4,16
1136244,3,16
33448248,4,16
6209868,4,16
207588,4,16
800268,5,16
311124,4,16
853992,4,16
1345236,4,16
644628,4,16
357108,4,16
2753520,5,16
408276,4,16
1334796,4,16
199284,5,16
118536,5,16
35832,3,16
294228,4,16
145332,6,16
533484,5,16
4331904,4,16
996264,4,16
12159828,4,16
831696,5,16
1359300,5,16
4268808,5,16
399660,6,16
2393556,5,16
1486656,4,16
79800,4,16
7176,3,16
6134796,4,16
742332,4,16
44268,4,16
1044948,5,16
4348488,4,16
192744,5,16
4740132,5,16
3353388,5,16
10579908,4,16
601308,4,16
35810844,4,16
345816,4,16
5840448,4,16
121320,4,16
962796,4,16
4833084,3,16
317460,6,16
1795032,4,16
1466964,5,16
153708,4,16
76908,3,16
3716232,4,16
56138604,4,16
75132,5,16
35142912,4,16
47119188,4,16
129144,5,16
761940,5,16
417852,4,16
86880,5,16
1137408,5,16
402000,5,16
178944,5,16
7020,5,16
1513392,6,16
14691996,5,16
15321888,4,16
55164,4,16
239508,6,16
2213916,4,16
8931012,4,16
263556,5,16
139392,4,16
111780,5,16
1997340,4,16
389016,5,16
1314576,5,16
276960,4,16
1570176,4,16
82992,4,16
3079536,4,16
22104,3.5,16
2076996,4,16
440376,5,16
63960,5,16
40008,3,16
131700,4,16
1599120,3,16
34565364,4,16
754200,5,16
529236,6,16
4327548,5,16
102112020,4,16
197328,4,16
1190412,4,16
146808,4,16
20988,3.5,16
169092,5,16
881292,4,16
5332176,5,16
16176,3,16
377568,4,16
693408,4,16
2428752,4,16
2203524,4,16
663612,4,16
350868,5,16
15769572,4,16
12075480,5,16
12924732,5,16
3058356,5,16
754044,5,16
8645868,4,16
53112,5,16
11104440,4,16
1403388,5,16
1445424,5,16
632628,4,16
415668,4,16
11020788,4,16
793128,4,16
65001468,4,16
414216,5,16
891720,6,16
221820,3,16
44472,3,16
463464,3,16
2527632,4,16
4554252,4,16
2217180,4,16
1297812,3,16
2568348,5,16
79248,5,16
4561176,4,16
67944,5,16
663144,5,16
85212,5,16
1203024,4,16
2494308,4,16
16121076,3,16
2838468,4,16
1750296,4,16
29782680,4,16
96384,5,16
4139676,4,16
66984,4,16
54264492,4,16
5724,2,16
132540,5,16
89028,4,16
661152,5,16
192600,5,16
65460,4,16
146700,4,16
930264,5,16
21549420,4,16
785412,5,16
898644,5,16
1652508,4,16
4248300,4,16
6689544,4,16
680568,3,16
1971792,4,16
4501776,4,16
3400344,4,16
1623852,4,16
616296,5,16
956892,5,16
1225488,5,16
62796,5,16
1807068,4,16
534636,4,16
509580,4,16
1357536,3,16
852,2,16
3960,2,16
269100,5,16
1194576,3,16
327120,6,16
351420,4,16
6759204,5,16
145020,3,16
4247364,4,16
1153512,5,16
898452,5,16
914472,3,16
138276,4,16
3298836,4,16
499200,4,16
604632,4,16
19841064,5,16
7195296,5,16
215316,4,16
349068,4,16
2616216,5,16
66744,4,16
3598920,5,16
19368072,5,16
454068,5,16
41700,2.5,16
2289840,5,16
5717544,5,16
735804,5,16
3539676,5,16
281556,4,16
55668,4,16
17291580,4,16
3364296,4,16
4503888,4,16
14739696,4,16
21732,3.5,16
17867976,4,16
122928,5,16
2874492,4,16
154752,5,16
24384576,4,16
11820516,4,16
706080,4,16
598596,3,16
77868,4,16
4800060,4,16
9382140,5,16
1230756,4,16
369336,2,16
79980,2,16
15089880,4,16
1464540,3,16
7519308,4,16
268284,5,16
3468000,4,16
6809676,4,16
9330276,4,16
235668,3,16
51540,3.5,16
108420,5,16
3001980,5,16
166428,6,16
1699788,5,16
3873000,4,16
151728,4,16
2626452,5,16
870612,4,16
290196,5,16
977172,5,16
454500,4,16
14047680,3,16
6623784,4,16
1237320,5,16
964128,4,16
201216,4,16
14514660,5,16
5590548,4,16
385488,4,16
75264504,4,16
468,4,16
11964912,5,16
1746000,5,16
1311816,4,16
454536,4,16
1081800,4,16
1554144,4,16
962940,4,16
4049784,5,16
336216,4,16
2716404,5,16
24792,2,16
1194144,5,16
17940924,4,16
20140764,4,16
125688,4,16
537144,3,16
457848,5,16
9181908,4,16
3362388,5,16
14268,4,16
760416,6,16
514956,5,16
35028,3,16
41232,4,16
1711728,4,16
140244,4,16
691728,4,16
2731260,4,16
17964,4,16
27228,4,16
65412,4,16
3812532,4,16
319188,4,16
2782476,5,16
688572,4,16
281784,5,16
772116,5,16
153516,3,16
3240,3,16
325500,4,16
5467044,4,16
726492,4,16
286320,5,16
9999420,4,16
21564,3,16
33120,3,16
51120,4,16
5258820,4,16
782448,4,16
16390020,5,16
41868,4,16
13464,4,16
72540,3,16
168348,2.5,16
8562600,4,16
434376,4,16
103716,4,16
467844,5,16
485652,6,16
2780112,4,16
999504,4,16
2069940,3,16
3330120,4,16
52128,4,16
65040,4,16
27096,4,16
1243248,4,16
1118220,6,16
6867684,4,16
373392,6,16
933144,4,16
591204,4,16
48852,5,16
77388,4,16
412932,4,16
137520,4,16
482604,5,16
3776184,4,16
4443864,3,16
176304,4,16
39084,3,16
8727816,4,16
83712,5,16
346020,5,16
360540,5,16
79464,5,16
36300,4,16
829632,4,16
396276,5,16
2427156,4,16
36028212,4,16
