12,1,3
0,1,4
60,1,5
180,1,5
84,2,6
252,1,6
0,1,6
168,1,7
864,1,7
720,1,7
2112,2,7
1344,1,7
1728,1,7
156,2,7
540,1,8
996,1,8
0,1,8
1044,1,8
1548,2,8
2484,1,8
792,1,8
432,2,8
0,2,8
1308,3,8
4224,3,8
0,1,8
504,1,8
6840,1,8
12012,2,8
2772,2,8
0,1,8
0,3,8
240,1,8
96,2,8
708,2,8
360,2,9
2640,2,9
1836,1,9
3216,2,9
9180,1,9
3552,3,9
7776,1,9
5184,1,9
5880,1,9
10296,2,9
6168,2,9
12348,2,9
14976,1,9
3312,1,9
17772,2,9
7704,2,9
5280,2,9
21564,1,9
2412,1,9
8784,1,9
23976,1,9
6444,1,9
31692,3,9
1536,3,9
26724,1,9
9516,1,9
948,2,9
10932,2,9
11172,2,9
660,1,9
16968,2,9
19008,1,9
1236,1,9
3372,2,9
15120,3,9
6108,1,9
2700,3,9
64056,2,9
46056,2,9
43188,3,9
7428,2,9
168,1,9
1152,1,9
204,1,9
4128,1,9
252,2,9
2232,3,9
5724,3,9
4224,2,9
1872,1,10
2448,1,10
2052,2,10
2460,3,10
2676,2,10
8304,1,10
21132,1,10
3912,1,10
2352,2,10
5808,3,10
13248,1,10
5556,1,10
10008,1,10
21876,2,10
4368,1,10
16776,1,10
0,1,10
28260,2,10
8736,2,10
10224,2,10
13608,3,10
1860,2,10
12684,1,10
40284,2,10
29100,2,10
2904,1,10
22476,1,10
6912,1,10
25428,3,10
83268,1,10
2604,2,10
5808,2,10
0,2,10
2952,1,10
8568,2,10
39408,2,10
0,1,10
53568,1,10
23412,1,10
27312,3,10
36744,1,10
5844,4,10
0,1,10
52680,1,10
0,1,10
4272,1,10
4596,1,10
804,2,10
22944,1,10
16380,1,10
21456,1,10
12108,1,10
150540,1,10
5088,1,10
91272,1,10
30108,2,10
35400,1,10
19236,2,10
43188,3,10
7692,2,10
4860,2,10
4572,3,10
69336,2,10
4500,2,10
17172,3,10
45744,3,10
69000,3,10
10236,2,10
95628,2,10
31080,1,10
1896,2,10
40920,1,10
75192,1,10
64800,3,10
4032,4,10
20580,2,10
14772,3,10
58596,2,10
0,1,10
37728,1,10
0,2,10
5952,3,10
42132,1,10
49836,2,10
9660,2,10
4404,2,10
5220,4,10
0,1,10
135564,3,10
3780,2,10
1440,1,10
86676,1,10
17364,1,10
8700,1,10
59424,2,10
20148,2,10
189240,2,10
62724,4,10
0,4,10
12072,2,10
237396,2,10
3540,1,10
31080,3,10
1212,2,10
81384,2,10
9504,3,10
6708,2,10
14592,3,10
0,2,10
59244,1,10
51696,2,10
12240,2,10
115836,2,10
5820,2,10
0,1,10
16260,2,10
97104,1,10
0,1,10
6276,1,10
468084,3,10
137184,2,10
10176,3,10
0,2,10
600,0,10
276,1,10
1020,1,10
3732,1,10
3552,1,10
636,2,10
912,1,10
7248,1,10
108,1,10
1992,1,10
4116,1,10
648,1,10
780,2,10
1536,2,10
5184,2,10
2208,1,10
192,2,10
660,2,10
2532,2,10
1548,3,10
10920,2,10
432,1,10
2064,2,10
2856,3,10
2820,1,10
8976,1,10
3096,1,10
7248,1,10
6048,1,10
672,0,10
6960,1,10
1080,2,10
3540,2,10
14352,2,10
276,3,10
3420,2,10
2616,2,10
900,1,10
7296,2,10
12612,2,10
2736,3,10
18324,2,10
196632,1,11
337224,1,11
51912,2,11
9324,1,11
24648,3,11
233376,4,11
21372,2,11
16512,3,11
19776,2,11
108540,1,11
8520,1,11
97536,1,11
22752,1,11
6132,2,11
30492,1,11
14064,3,11
254256,2,11
152892,1,11
107220,2,11
169908,1,11
124980,3,11
40128,1,11
104016,1,11
10524,1,11
107220,2,11
10500,1,11
347088,2,11
12024,2,11
116916,2,11
7044,1,11
242772,3,11
209052,1,11
21012,2,11
46212,2,11
9912,2,11
10308,2,11
13524,2,11
12480,3,11
18960,1,11
31332,1,11
148488,2,11
159060,1,11
368112,4,11
9456,3,11
132276,2,11
38844,2,11
9456,3,11
225552,1,11
122520,3,11
184152,1,11
215268,2,11
28632,1,11
53928,1,11
296736,1,11
9600,1,11
10632,1,11
20916,3,11
10380,4,11
9324,1,11
81276,2,11
337380,1,11
15804,2,11
106680,2,11
130548,1,11
74772,1,11
38388,2,11
18588,3,11
29076,1,11
20016,2,11
349308,1,11
126084,2,11
19428,3,11
13644,2,11
22956,1,11
47844,1,11
7212,2,11
254724,1,11
169680,2,11
82644,2,11
11712,1,11
52680,1,11
18564,2,11
65208,1,11
12612,1,11
133716,1,11
19152,2,11
6504,2,11
2736,1,11
153444,2,11
49596,2,11
5664,2,11
32328,1,11
9288,2,11
133008,1,11
160884,1,11
16848,2,11
23640,1,11
9108,2,11
65736,4,11
388416,2,11
464376,1,11
87984,3,11
49584,4,11
10932,3,11
144480,1,11
10224,2,11
104508,2,11
23316,3,11
14160,3,11
9012,1,11
83088,1,11
13464,3,11
68112,1,11
289212,1,11
17124,2,11
344328,1,11
265560,3,11
56748,2,11
40212,2,11
193020,1,11
237408,2,11
229728,1,11
693444,3,11
468876,2,11
225480,3,11
7680,2,11
116712,1,11
38676,2,11
69012,1,11
193704,2,11
52260,1,11
243744,4,11
151932,1,11
128568,2,11
34176,3,11
545496,1,11
105024,2,11
32064,2,11
16488,3,11
25788,2,11
78840,1,11
21804,1,11
93000,1,11
56988,1,11
202860,1,11
46536,2,11
97848,1,11
462288,2,11
204264,1,11
320616,3,11
62208,1,11
14520,3,11
12660,1,11
64836,1,11
460752,3,11
18972,2,11
63228,4,11
46644,2,11
191028,2,11
17112,2,11
18372,2,11
131628,1,11
43020,2,11
16644,2,11
8220,4,11
42624,1,11
24852,1,11
25260,3,11
14844,2,11
21396,2,11
180624,2,11
268392,1,11
259092,4,11
13548,1,11
14652,3,11
30792,2,11
39624,1,11
221340,2,11
16848,2,11
4764,1,11
84000,3,11
27492,1,11
162024,2,11
17400,2,11
10668,1,11
83496,2,11
5256,3,11
21840,1,11
7152,1,11
6828,2,11
54840,1,11
361512,1,11
80148,2,11
35436,2,11
17964,1,11
97824,3,11
275856,2,11
124536,2,11
79320,3,11
252684,2,11
16464,4,11
125664,2,11
19812,3,11
150132,1,11
57576,2,11
86220,2,11
169020,3,11
42048,2,11
7740,1,11
112608,1,11
529596,3,11
410256,2,11
33132,2,11
100344,2,11
81408,3,11
79848,1,11
311472,1,11
239460,2,11
82248,2,11
15072,1,11
18876,1,11
26040,3,11
97308,1,11
19572,1,11
75060,1,11
334212,2,11
19224,2,11
118548,1,11
44976,2,11
20916,3,11
51012,2,11
8880,1,11
7884,1,11
40596,1,11
101364,3,11
300252,2,11
99000,2,11
264756,3,11
22980,1,11
84048,2,11
16812,1,11
126120,2,11
391404,3,11
47016,3,11
25452,1,11
6300,1,11
156180,2,11
39552,3,11
27456,2,11
10524,2,11
57900,1,11
10548,2,11
57900,1,11
102684,2,11
53400,2,11
3288,1,11
27396,3,11
30840,1,11
38580,2,11
97584,2,11
122340,1,11
38604,4,11
61524,4,11
14232,1,11
16128,2,11
242100,1,11
79092,1,11
103320,1,11
20652,1,11
469536,3,11
22668,1,11
361644,2,11
14760,3,11
260460,2,11
610668,2,11
78672,4,11
81564,2,11
45552,2,11
35136,3,11
108204,2,11
60120,1,11
286200,3,11
164364,1,11
21912,2,11
90528,3,11
8964,1,11
10560,2,11
9816,2,11
24204,2,11
134340,3,11
880464,2,11
34128,4,11
183180,2,11
154932,1,11
451704,2,11
585348,3,11
236820,1,11
368472,1,11
8268,3,11
309192,1,11
195000,2,11
25128,1,11
187008,3,11
69420,4,11
50256,3,11
53292,1,11
32784,1,11
111504,2,11
39876,1,11
167904,1,11
138312,2,11
50016,2,11
152544,3,11
12408,1,11
10728,2,11
34356,3,11
273768,4,11
159828,2,11
518376,1,11
215016,2,11
370308,1,11
33540,1,11
343944,3,11
171096,2,11
25296,2,11
699384,2,11
468912,1,11
1295124,2,11
27900,1,11
149616,2,11
12828,4,11
27720,2,11
16992,2,11
44352,3,11
32556,1,11
252468,1,11
34524,2,11
26496,2,11
62208,2,11
79956,1,11
9240,1,11
26496,1,11
273084,2,11
251292,2,11
30768,2,11
134340,2,11
142500,2,11
458580,2,11
29592,2,11
39288,3,11
188652,4,11
192420,2,11
447552,3,11
15564,3,11
64680,1,11
91524,2,11
7488,1,11
46728,1,11
60972,2,11
112092,2,11
53940,2,11
37908,2,11
3756,2,11
23100,2,11
169992,4,11
660,1,11
8988,3,11
20484,2,11
13260,1,11
4668,2,11
32856,1,11
900,1,11
30432,1,11
21432,1,11
20292,1,11
49116,2,11
18072,2,11
312,1,11
2016,2,11
14376,3,11
3276,2,11
14868,1,11
41520,1,11
1968,2,11
588,1,11
3012,1,11
1968,2,11
16968,2,11
3828,1,11
1176,1,11
8172,1,11
3384,1,11
2736,1,11
912,2,11
32376,2,11
8388,2,11
3216,1,11
1896,2,11
13284,2,11
144,0,11
91548,1,11
9108,1,11
1080,2,11
180,1,11
948,2,11
32352,1,11
8880,1,11
48,0,11
91524,1,11
9108,1,11
1020,2,11
32352,1,11
8904,1,11
1560,1,11
384,0,11
1296,2,11
2268,1,11
17136,1,11
2592,1,11
6216,1,11
2196,1,11
4596,2,11
7020,1,11
3036,2,11
24480,1,11
1728,1,11
4944,1,11
1152,2,11
21084,2,11
5436,2,11
1956,2,11
42804,3,11
432,2,11
60504,3,11
13368,3,11
468,1,11
10308,3,11
64524,4,11
216,2,11
216,2,11
10308,3,11
4212,3,11
35232,3,11
4212,3,11
1368,2,11
9972,2,11
3504,3,11
864,1,11
2724,2,11
14292,2,11
4680,3,11
2376,2,11
8412,2,11
3420,1,11
36960,1,11
14124,1,11
14412,1,11
936,2,11
15204,1,11
2796,2,11
6552,2,11
1032,1,11
288,2,11
6108,2,11
14112,2,11
8076,3,11
10020,2,11
132,1,11
42996,2,11
12864,1,11
63228,2,11
2004,3,11
2928,2,11
67548,1,11
29088,2,11
3276,1,11
3048,1,11
16416,2,11
22368,2,11
3012,1,11
3924,2,11
288,0,11
6816,2,11
2904,2,11
3024,2,11
3528,1,11
12636,3,11
5592,3,11
14928,2,11
20064,1,11
24024,3,11
20628,3,11
13728,2,11
6300,1,11
8592,1,11
2652,1,11
33216,1,11
996,2,11
13920,2,11
29292,1,11
492,1,11
24456,3,11
26688,2,11
576,2,11
420,2,11
46572,2,11
1920,2,11
4356,2,11
456,2,11
47292,2,11
2340,2,11
39540,3,11
13512,1,11
8400,3,11
7320,2,11
28596,3,11
2556,1,11
2652,1,11
1728,2,11
52680,1,11
14364,2,11
3696,2,11
4080,2,11
7248,3,11
49692,1,11
30432,1,11
18168,3,11
54120,2,11
12264,3,11
3840,2,11
5448,1,11
33300,3,11
43836,3,11
11760,2,11
79020,3,11
92472,2,11
2940,2,11
16512,3,11
124212,1,11
31956,2,11
26520,3,11
11808,1,11
82032,2,11
2472,2,11
23448,2,11
27648,3,11
4056,2,11
14040,2,11
45252,2,11
180888,3,11
28176,2,12
243900,3,12
29604,2,12
29628,2,12
25872,2,12
1105020,1,12
104700,1,12
21060,4,12
55188,4,12
701712,2,12
171708,2,12
131580,1,12
367056,1,12
1217796,2,12
166740,1,12
102204,1,12
625728,3,12
7104,3,12
185988,1,12
1708080,2,12
1257540,1,12
1070796,2,12
1032240,2,12
61428,1,12
494568,1,12
674676,2,12
16308,2,12
1186104,2,12
319740,1,12
453024,2,12
33240,1,12
453024,2,12
58656,1,12
58656,1,12
379428,2,12
391536,2,12
51336,2,12
632124,1,12
105612,1,12
238044,1,12
1364208,3,12
113892,2,12
167928,1,12
190848,1,12
66960,1,12
17028,3,12
159972,3,12
1394808,2,12
873072,1,12
511152,1,12
174504,1,12
123768,1,12
960684,4,12
170220,3,12
607128,2,12
123336,3,12
83808,1,12
1226520,2,12
266532,1,12
1187580,5,12
86196,2,12
507444,1,12
115044,1,12
1163376,2,12
16644,2,12
332388,3,12
69888,2,12
365796,2,12
79080,1,12
226404,3,12
396360,1,12
323016,2,12
625680,5,12
41880,3,12
1620528,1,12
1373532,3,12
109680,3,12
454500,2,12
100596,2,12
25056,3,12
360900,3,12
783552,4,12
850896,3,12
1574916,2,12
808980,3,12
2676,2,12
870468,1,12
549588,3,12
107892,2,12
906024,3,12
23508,4,12
1620420,1,12
1620792,2,12
224052,1,12
614988,3,12
39036,2,12
259764,4,12
65100,2,12
128508,2,12
556068,1,12
172188,3,12
46356,3,12
359628,2,12
411444,1,12
437028,4,12
2711724,3,12
568320,2,12
1668276,2,12
413628,2,12
865584,1,12
728748,1,12
2367624,1,12
147588,3,12
885828,1,12
1046832,3,12
321744,3,12
13176,2,12
119592,1,12
22728,4,12
0,4,12
41292,3,12
422496,2,12
3037656,3,12
243000,3,12
0,4,12
61188,2,12
115440,1,12
706140,1,12
219060,1,12
0,2,12
354228,2,12
35364,1,12
30552,2,12
21984,1,12
35172,2,12
376416,2,12
100212,4,12
238440,2,12
0,2,12
100056,2,12
52260,2,12
335316,1,12
142200,1,12
337752,2,12
645900,2,12
153360,2,12
1362768,3,12
107688,1,12
285864,2,12
40380,1,12
257880,1,12
280200,2,12
189960,1,12
351036,2,12
394740,1,12
467568,1,12
904260,1,12
928692,4,12
641124,3,12
196368,3,12
804012,4,12
480108,1,12
129456,2,12
477516,1,12
263664,3,12
1270536,3,12
435660,3,12
103680,3,12
100872,3,12
817596,2,12
106968,3,12
60084,2,12
16488,2,12
24600,2,12
104664,2,12
129780,1,12
1048104,2,12
220788,3,12
209856,2,12
1314780,2,12
28860,1,12
77280,3,12
204360,1,12
145452,2,12
138996,1,12
298176,2,12
148968,1,12
633816,1,12
109716,1,12
1313436,1,12
60612,2,12
31812,2,12
859080,1,12
2232684,2,12
430596,3,12
129480,1,12
95448,3,12
1151652,2,12
1213956,1,12
301704,2,12
65376,2,12
133392,2,12
1009524,2,12
248676,3,12
1292724,2,12
532824,5,12
1559604,4,12
26052,2,12
369780,3,12
297864,1,12
62016,2,12
59616,1,12
207072,2,12
783684,4,12
72072,2,12
215724,2,12
69528,1,12
73848,2,12
241968,2,12
195156,2,12
95820,4,12
21708,1,12
195540,2,12
380844,2,12
80028,2,12
163764,1,12
557868,2,12
201492,2,12
328572,2,12
102348,1,12
0,1,12
94296,2,12
57852,1,12
5796,1,12
6900,3,12
94056,1,12
39828,2,12
94008,1,12
34260,1,12
139368,1,12
138696,2,12
3085980,1,12
7524,3,12
1084356,2,12
956676,2,12
427416,3,12
0,2,12
1138416,2,12
81516,1,12
157380,2,12
145140,3,12
429036,5,12
111588,2,12
71664,4,12
0,3,12
425448,4,12
100956,1,12
1614012,3,12
2465784,1,12
29676,3,12
18756,1,12
585516,2,12
179964,4,12
452340,1,12
869292,2,12
230016,1,12
323196,2,12
0,1,12
16296,1,12
55200,2,12
2397048,2,12
45672,3,12
226860,4,12
703728,1,12
1648308,1,12
134208,3,12
443424,4,12
64680,3,12
459564,3,12
0,4,12
1321068,1,12
3364896,1,12
48864,1,12
1452000,2,12
2321004,2,12
2140572,5,12
40848,1,12
60636,3,12
8040,1,12
41004,2,12
27504,1,12
73536,1,12
77148,2,12
453168,2,12
1110564,1,12
126288,2,12
711552,2,12
215232,2,12
1097472,2,12
23184,2,12
184152,3,12
32676,1,12
425256,1,12
248244,2,12
389160,2,12
325836,2,12
96480,2,12
415764,2,12
38736,2,12
1766628,2,12
750564,1,12
25080,2,12
307296,2,12
167472,2,12
670272,3,12
44556,2,12
500016,5,12
49044,3,12
884808,1,12
4714860,2,12
749184,3,12
388764,2,12
320616,2,12
38544,2,12
111540,3,12
0,3,12
25200,1,12
51756,3,12
47028,2,12
29460,1,12
167868,1,12
173196,1,12
119304,1,12
263208,2,12
9600,2,12
0,1,12
28200,2,12
13200,1,12
14040,3,12
221544,1,12
16068,4,12
40512,2,12
145932,4,12
694548,2,12
2304816,2,12
836940,2,12
91920,3,12
139080,2,12
798180,1,12
132612,3,12
82800,2,12
91824,3,12
34632,3,12
18840,2,12
30420,2,12
51708,3,12
0,4,12
28116,3,12
52896,1,12
28068,1,12
0,2,12
9216,1,12
113100,2,12
18924,2,12
47724,1,12
88752,4,12
44712,1,12
233040,2,12
12408,1,12
20364,1,12
23688,2,12
0,1,12
11088,2,12
236532,3,12
0,2,12
81444,2,12
44484,1,12
5028,1,12
50196,2,12
54600,3,12
34356,1,12
185052,2,12
0,2,12
87192,2,12
0,1,12
0,1,12
11640,2,12
9384,1,12
36612,1,12
0,1,12
2280,4,12
10872,2,12
0,1,12
7968,1,12
31128,1,12
25548,1,12
22212,1,12
4680,2,12
304152,2,12
25716,3,12
27000,1,12
22824,1,12
4512,2,12
6744,1,12
7284,2,12
53784,2,12
10500,1,12
28272,1,12
1116,1,12
56724,2,12
5424,2,12
5832,2,12
55476,3,12
45720,1,12
4188,2,12
27624,1,12
33216,1,12
11136,1,12
3648,4,12
63336,1,12
12360,2,12
3384,3,12
44880,2,12
2016,0,12
2016,0,12
25188,1,12
55116,1,12
68544,2,12
648,2,12
15060,4,12
2340,1,12
6936,1,12
3396,1,12
2844,1,12
7188,1,12
43788,2,12
30852,1,12
30492,2,12
2208,2,12
27168,1,12
201720,1,12
21144,3,12
1476,3,12
97332,3,12
6708,1,12
3216,1,12
31008,2,12
7560,1,12
71160,1,12
4092,1,12
182904,1,12
4488,1,12
147888,1,12
2832,1,12
0,1,12
113496,3,12
12876,2,12
56436,1,12
4272,1,12
83460,2,12
70608,3,12
70608,3,12
24984,1,12
3024,3,12
10824,3,12
9504,3,12
1140,1,12
372,1,12
6336,1,12
88668,2,12
33084,2,12
29568,2,12
12060,3,12
6804,4,12
672,1,12
162876,1,12
3696,1,12
37440,2,12
7752,3,12
17580,2,12
3072,2,12
3084,2,12
2688,2,12
107436,2,12
2064,1,12
69324,1,12
17496,1,12
11136,2,12
148932,2,12
25872,3,12
1068,2,12
103032,1,12
18264,2,12
23328,2,12
11220,1,12
35244,1,12
21780,4,12
20736,3,12
1752,2,12
16896,2,12
6804,2,12
62136,1,12
7116,1,12
72,0,12
2448,1,12
11280,1,12
5796,2,12
1044,2,12
6348,4,12
184896,2,12
14760,2,12
2340,2,12
1488,3,12
356484,2,12
16476,1,12
5760,2,12
148776,2,12
13992,1,12
2112,1,12
29196,2,12
60408,3,12
25272,3,12
0,2,12
5820,2,12
924,2,12
30024,1,12
11436,2,12
35472,1,12
7440,2,12
21180,1,12
6900,1,12
900,1,12
3216,2,12
412740,3,12
7920,3,12
7764,2,12
55476,3,12
6720,2,12
90900,1,12
122244,1,12
6468,1,12
145488,3,12
300,1,12
1284,1,12
40992,3,12
53940,1,12
179556,2,12
5940,1,12
18792,1,12
7344,4,12
214596,2,12
151452,2,12
76488,2,12
3540,3,12
125592,3,12
57816,4,12
1512,3,12
4752,2,12
12684,1,12
12036,2,12
30348,2,12
87936,1,12
24420,2,12
43608,3,12
9948,3,12
62160,1,12
6492,3,12
1416,3,12
3432,2,12
34800,1,12
9516,2,12
2388,3,12
11304,2,12
8064,2,12
13740,2,12
9600,3,12
87408,2,12
36876,2,12
7056,1,12
15384,3,12
7092,2,12
228360,1,12
5856,1,12
11736,2,12
21228,1,12
69528,2,12
53784,2,12
29784,3,12
118644,3,12
6144,2,12
2004,3,12
101088,3,12
3072,2,12
8844,1,12
8424,1,12
2112,2,12
105708,2,12
25476,3,12
14424,1,12
51516,3,12
258660,2,13
1190400,1,13
1234908,2,13
71364,1,13
2921052,3,13
53964,2,13
299808,1,13
501060,5,13
857052,1,13
1331124,1,13
534396,2,13
5175000,1,13
1265520,2,13
5175000,1,13
71388,1,13
867696,2,13
508728,2,13
80364,2,13
921264,1,13
1893912,2,13
861720,1,13
2427516,3,13
2312160,3,13
2656956,4,13
3747192,1,13
919704,3,13
210756,2,13
68688,1,13
401436,5,13
286284,1,13
1773936,3,13
547920,3,13
2540808,3,13
258924,4,13
176220,3,13
57768,1,13
1142112,2,13
607644,2,13
89808,4,13
69888,1,13
537588,2,13
493908,1,13
254652,2,13
2741856,1,13
3926796,1,13
5803884,4,13
2704800,1,13
2704800,1,13
1764888,1,13
75672,1,13
711276,1,13
39876,1,13
39876,1,13
130152,2,13
2506968,1,13
1838904,2,13
4079340,4,13
649224,1,13
1081368,1,13
127572,2,13
122424,2,13
247728,1,13
410052,3,13
841800,1,13
377928,1,13
41412,2,13
3438864,3,13
7783200,4,13
487968,5,13
198384,3,13
93120,1,13
66972,2,13
180420,1,13
436140,1,13
4650120,2,13
2324028,3,13
166512,2,13
546012,2,13
40080,2,13
275292,2,13
890292,2,13
213276,2,13
5520408,2,13
151464,3,13
1840872,3,13
4117248,1,13
323304,4,13
61896,1,13
76500,2,13
74436,2,13
641004,2,13
52404,1,13
56148,3,13
2648940,3,13
885480,1,13
153408,2,13
6707340,1,13
1680636,2,13
2285172,1,13
4248552,1,13
607500,1,13
1119720,3,13
1223952,2,13
2167488,2,13
1846464,4,13
441024,2,13
5857452,4,13
5857452,4,13
656712,1,13
213264,1,13
98496,2,13
503028,1,13
85896,1,13
367080,2,13
87432,1,13
8592,1,13
192036,1,13
684192,1,13
1472652,5,13
770472,2,13
223104,1,13
6740052,1,13
495900,1,13
55020,1,13
550764,2,13
648324,2,13
911832,1,13
4164804,2,13
5870652,1,13
2635488,1,13
1919832,2,13
265416,1,13
3745860,2,13
1279212,1,13
4091580,4,13
53040,4,13
87576,4,13
144156,1,13
309516,2,13
25128,1,13
2870388,3,13
4011768,2,13
1470984,1,13
2371596,3,13
1441884,1,13
2736504,2,13
820728,3,13
283596,3,13
864924,2,13
719316,2,13
7512324,3,13
3674844,2,13
5936712,1,13
125316,2,13
743352,1,13
768420,2,13
898524,1,13
117612,2,13
2893788,5,13
848220,1,13
564720,3,13
1670280,2,13
224400,3,13
1716972,2,13
352728,1,13
83544,3,13
104892,1,13
3332208,3,13
7745220,2,13
194652,1,13
1188288,1,13
71568,3,13
1409364,2,13
150384,3,13
4265484,1,13
51228,2,13
860640,4,13
607884,2,13
317604,2,13
145536,3,13
195336,1,13
87612,1,13
89844,3,13
418440,1,13
1087236,2,13
1262808,2,13
632928,4,13
172944,3,13
152748,2,13
1322244,1,13
40632,3,13
6620808,1,13
47736,2,13
98100,1,13
281640,3,13
2304072,3,13
501180,2,13
2021724,2,13
483216,1,13
669840,1,13
2558808,2,13
329232,2,13
128856,1,13
160608,3,13
2616288,2,13
1073388,2,13
1309368,1,13
2524416,3,13
340008,5,13
169260,2,13
3135768,3,13
229368,1,13
22992,2,13
60600,1,13
293424,2,13
47220,2,13
620676,1,13
605364,3,13
291816,4,13
55512,3,13
118728,1,13
191964,2,13
1151172,4,13
99756,5,13
51060,3,13
426912,1,13
25704,4,13
1557276,5,13
352680,3,13
183648,3,13
129360,3,13
1278732,2,13
201372,2,13
478644,2,13
1288188,2,13
5943720,3,13
995064,3,13
668460,2,13
9426072,3,13
170040,1,13
5675148,1,13
338436,1,13
2218056,1,13
102792,4,13
723996,3,13
2594004,3,13
2318556,2,13
2916468,2,13
114876,2,13
152100,2,13
395208,2,13
216384,1,13
396912,2,13
3143172,2,13
73716,2,13
66720,1,13
333216,3,13
126564,2,13
231516,2,13
183324,1,13
550296,1,13
96528,1,13
177828,3,13
351180,2,13
582228,2,13
269568,2,13
76584,2,13
1748088,1,13
2390280,2,13
230988,2,13
218496,4,13
2659140,2,13
2062068,1,13
1261728,2,13
1426644,5,13
52188,2,13
1959648,5,13
3585924,2,13
203256,2,13
7490856,1,13
6640620,2,13
231564,2,13
1654524,2,13
3327528,1,13
1294236,5,13
263040,3,13
418536,2,13
2753712,1,13
145224,3,13
251760,4,13
1385376,2,13
1714284,1,13
658416,5,13
26988,1,13
181704,1,13
1462536,2,13
118884,1,13
396456,1,13
501120,4,13
5127168,1,13
14279184,1,13
179712,2,13
89844,3,13
340560,2,13
275268,5,13
142764,2,13
1818048,1,13
2920980,3,13
183336,3,13
176112,4,13
177612,1,13
1498608,2,13
274740,2,13
424692,2,13
2782908,1,13
8643312,1,13
5685720,2,13
422292,1,13
13344,3,13
83544,3,13
109236,1,13
215424,2,13
1613112,1,13
235104,3,13
595512,2,13
1614924,3,13
569808,1,13
2396544,3,13
15512040,3,13
1410828,3,13
758388,1,13
181056,2,13
342264,2,13
2625852,3,13
14880,1,13
315120,2,13
431328,1,13
20136,2,13
88608,4,13
63924,2,13
14412,2,13
192924,1,13
150912,2,13
518868,2,13
1073820,2,13
338604,1,13
1159152,4,13
26784,2,13
442176,2,13
66948,1,13
359292,1,13
463068,2,13
43488,3,13
159084,3,13
861984,3,13
599544,3,13
776592,2,13
44676,1,13
14952,2,13
385368,3,13
1308264,1,13
128244,1,13
125604,4,13
578832,3,13
18876,2,13
728808,1,13
3105984,1,13
124596,2,13
5880276,2,13
237996,1,13
1286148,2,13
527148,1,13
866016,1,13
167820,3,13
1786500,2,13
492276,3,13
76716,3,13
2968548,2,13
811476,1,13
1367688,2,13
1656936,4,13
550812,2,13
131664,2,13
728976,3,13
1254444,4,13
251940,2,13
157032,2,13
1072068,2,13
110508,2,13
664320,3,13
60456,1,13
820068,2,13
173628,2,13
1794120,3,13
3557904,3,13
934596,3,13
2244480,1,13
469068,2,13
30768,2,13
2366472,1,13
991620,1,13
47052,4,13
567792,1,13
504072,1,13
98280,2,13
2555448,2,13
3271548,1,13
225972,1,13
4295136,1,13
299748,4,13
1855440,1,13
274812,2,13
357000,1,13
1255836,1,13
481632,3,13
293736,2,13
4900944,1,13
132864,3,13
1735452,2,13
221388,2,13
4852296,2,13
185196,4,13
1221324,1,13
123276,2,13
1998024,2,13
865752,3,13
211188,2,13
413244,3,13
261000,2,13
194808,3,13
99660,1,13
206364,1,13
3915912,1,13
89808,2,13
154368,1,13
199944,1,13
1527876,1,13
1478664,2,13
113460,4,13
1092192,2,13
2453844,1,13
198576,2,13
1918776,4,13
164472,1,13
411108,1,13
255348,1,13
403260,3,13
382056,1,13
358332,1,13
459684,2,13
862980,2,13
1771368,1,13
6378372,1,13
109824,3,13
141024,3,13
700080,1,13
289836,3,13
1437840,2,13
1145688,1,13
7065852,1,13
760044,2,13
785124,2,13
878088,5,13
315264,4,13
744720,3,13
246672,2,13
95184,4,13
5607192,1,13
15147780,1,13
653364,3,13
338388,4,13
239928,3,13
13271352,4,13
744336,2,13
125316,2,13
3653568,2,13
186660,3,13
1969008,3,13
46680,2,13
1278048,3,13
1583976,3,13
446832,2,13
134352,1,13
1880676,2,13
2206296,1,13
491016,3,13
863712,2,13
68424,2,13
363156,1,13
3833832,1,13
477048,2,13
68580,1,13
337068,3,13
67752,2,13
64224,3,13
7554744,2,13
1472832,2,13
1462524,1,13
567372,3,13
452232,1,13
7077984,3,13
767460,3,13
563916,3,13
450336,3,13
223284,3,13
150672,2,13
1861848,3,13
3674808,1,13
3832092,2,13
1251744,2,13
655032,1,13
502248,1,13
89388,2,13
1073064,1,13
146784,3,13
36036,1,13
164580,2,13
74076,1,13
121764,4,13
136704,2,13
6488952,1,13
1344000,2,13
347088,3,13
1149804,2,13
256020,1,13
862752,3,13
789684,1,13
1333560,2,13
925308,2,13
946572,3,13
2143068,1,13
207444,2,13
105840,1,13
29484,1,13
6696,1,13
110976,1,13
115116,1,13
193500,1,13
389388,2,13
9360,1,13
11364,3,13
334632,3,13
192,0,13
23340,2,13
281088,2,13
172788,3,13
78564,3,13
387900,1,13
691872,2,13
815796,3,13
121584,3,13
169920,1,13
66468,1,13
120792,1,13
14424,2,13
556764,2,13
49608,1,13
41028,2,13
5640,1,13
39036,1,13
25272,2,13
33552,3,13
181356,3,13
4620,2,13
16692,2,13
17052,1,13
265800,4,13
281796,2,13
12864,1,13
171636,3,13
1284552,2,13
924,1,13
548508,1,13
199080,2,13
82656,1,13
111648,2,13
59640,1,13
34968,1,13
29940,1,13
44628,1,13
178464,3,13
33612,2,13
42696,2,13
449916,3,13
4644,2,13
48372,1,13
68304,1,13
64176,3,13
28212,2,13
237936,1,13
90240,1,13
5448,2,13
3612,1,13
66840,1,13
67680,1,13
63492,4,13
17112,3,13
47784,1,13
315168,1,13
61128,2,13
1080,2,13
25284,2,13
53580,3,13
142716,3,13
3420,2,13
382944,2,13
38568,2,13
292308,2,13
281604,1,13
42864,3,13
59940,2,13
12876,2,13
524748,2,13
1488,3,13
912,2,13
5712,1,13
122664,2,13
15300,1,13
19968,1,13
258312,1,13
17616,1,13
52572,2,13
11568,4,13
885708,4,13
125280,2,13
2160,2,13
6108,1,13
667848,2,13
488940,2,13
1464,1,13
3960,3,13
11652,1,13
12888,2,13
246300,1,13
418980,1,13
650712,2,13
584568,2,13
358224,2,13
637428,3,13
611592,2,13
25812,1,13
15228,2,13
18204,1,13
178116,1,13
2568,1,13
21276,1,13
226644,2,13
117360,3,13
687324,3,13
15576,3,13
3920028,4,14
4990824,2,14
293472,3,14
3125364,3,14
1281720,1,14
501840,1,14
100440,5,14
2052324,3,14
3736176,1,14
520560,3,14
160596,2,14
1644492,1,14
2390016,2,14
1417740,3,14
406044,2,14
1625676,2,14
2221440,1,14
813324,2,14
3717348,1,14
7756032,2,14
8069220,3,14
1305828,1,14
7191060,2,14
895488,1,14
4589472,1,14
7044048,2,14
6495648,3,14
53064708,3,14
70812,2,14
7567380,2,14
2843148,2,14
495300,3,14
1165932,2,14
531684,3,14
176712,3,14
5124876,5,14
352632,1,14
2200452,1,14
1130688,5,14
3299772,1,14
705372,2,14
4405908,2,14
1035588,3,14
1076748,1,14
4414320,4,14
491280,2,14
11501076,3,14
4079832,1,14
10132260,2,14
10061376,3,14
1727976,3,14
5514924,2,14
224256,2,14
759420,1,14
16883328,4,14
4549188,3,14
19699752,3,14
216288,3,14
0,1,14
413028,2,14
1012500,1,14
59472,1,14
2915976,2,14
4762452,2,14
5317140,2,14
1960320,1,14
8226168,1,14
6366756,3,14
370200,3,14
684204,2,14
10769988,2,14
3848772,3,14
12981600,1,14
3356976,1,14
7291488,3,14
2428740,3,14
3559536,5,14
620568,2,14
18501756,2,14
1620168,2,14
16079280,2,14
1917696,2,14
281736,4,14
3884520,2,14
330288,3,14
1119432,1,14
6908064,1,14
776148,3,14
7083816,2,14
884844,2,14
269880,4,14
427428,3,14
8381532,2,14
762552,1,14
1759548,3,14
7057452,3,14
15945360,2,14
5098440,3,14
600096,2,14
6522528,2,14
17335872,3,14
10835052,2,14
2096616,1,14
3177996,4,14
87684,1,14
2407632,3,14
300852,3,14
6639756,1,14
3877572,3,14
333636,3,14
283752,2,14
2892408,1,14
1369032,1,14
333036,3,14
1757880,1,14
13481880,1,14
315636,2,14
1285884,2,14
4947312,4,14
10768020,5,14
5451432,1,14
8974416,3,14
12442944,3,14
1271484,2,14
14336592,2,14
17990604,3,14
9143136,1,14
2847024,1,14
17743524,2,14
147684,3,14
2844768,5,14
296016,3,14
302196,1,14
278304,3,14
1020528,2,14
470832,3,14
2505372,4,14
127920,1,14
15030456,1,14
1346076,5,14
569472,2,14
875292,2,14
18125712,3,14
6022248,2,14
3513084,1,14
324120,3,14
711360,1,14
660420,2,14
2432028,1,14
46920,1,14
387132,1,14
2340636,3,14
22511844,1,14
614376,2,14
892656,1,14
60886968,2,14
12909108,3,14
12009348,3,14
2161428,1,14
812784,1,14
2885760,3,14
568332,4,14
5601672,3,14
555096,2,14
518928,1,14
401292,3,14
1528368,1,14
1379232,1,14
13134936,2,14
2358540,2,14
900636,2,14
14218200,2,14
13188012,4,14
908832,2,14
45796944,2,14
502476,1,14
12084972,2,14
2230848,2,14
1806300,2,14
432564,3,14
1318476,2,14
440052,1,14
359400,2,14
781620,1,14
2379636,3,14
755496,2,14
12814716,2,14
8055036,2,14
5520036,3,14
2039556,2,14
1758912,2,14
4494432,4,14
211392,2,14
6800112,3,14
3879864,1,14
3767232,1,14
4733556,3,14
10126248,2,14
439188,2,14
439416,2,14
1709088,2,14
9890340,4,14
2749752,2,14
7563432,2,14
491976,2,14
8507868,2,14
571584,3,14
4078392,4,14
32275692,1,14
15885948,3,14
14280660,1,14
4585344,2,14
3720096,1,14
9096684,3,14
480300,3,14
900720,1,14
333408,1,14
1140552,2,14
1668528,3,14
27688704,1,14
16858272,3,14
201744,1,14
101352,1,14
322644,1,14
2633040,2,14
303900,2,14
352548,1,14
220896,1,14
860232,2,14
453120,1,14
1434360,2,14
1319280,2,14
622224,3,14
15111060,3,14
6755736,2,14
1746804,1,14
1091088,2,14
1435956,3,14
453816,3,14
4773612,5,14
48828,2,14
10200384,1,14
10953816,1,14
443748,2,14
729636,3,14
1384788,3,14
4524684,4,14
3410532,2,14
998112,2,14
1348776,2,14
11439444,1,14
482376,2,14
5137248,2,14
2414676,2,14
18726360,1,14
472476,1,14
3669192,1,14
18346572,3,14
3451572,4,14
562608,2,14
581172,1,14
6458796,3,14
10053444,1,14
3182220,3,14
9733632,3,14
887808,4,14
5173704,1,14
235068,2,14
3470304,1,14
6349968,2,14
25604940,1,14
1503000,1,14
15753288,4,14
879276,3,14
4285704,2,14
964752,1,14
1072968,1,14
3590292,2,14
747612,1,14
5115684,2,14
8875788,3,14
738792,1,14
963888,2,14
2212560,2,14
527580,2,14
332316,1,14
227568,1,14
19941516,3,14
1292652,2,14
3890352,3,14
3006432,1,14
7601280,1,14
163368,2,14
601716,1,14
4463316,2,14
6605148,3,14
894852,2,14
218160,1,14
134640,2,14
1537320,2,14
2657520,1,14
2376624,2,14
1206444,2,14
3004140,1,14
2172072,2,14
451152,2,14
4268748,5,14
4162464,1,14
2450160,2,14
2259312,2,14
2198124,1,14
933504,3,14
787692,2,14
956244,4,14
0,2,14
4627584,2,14
3442308,2,14
764304,2,14
3003396,2,14
839136,2,14
247980,2,14
617508,4,14
479268,5,14
121812,2,14
257856,2,14
10184268,3,14
573768,3,14
4002540,2,14
358824,3,14
879960,4,14
771336,2,14
657156,2,14
0,1,14
36756,4,14
17412,1,14
900504,1,14
140520,2,14
0,1,14
23940,2,14
49092,3,14
148164,2,14
639984,1,14
80508,2,14
212412,3,14
22368,4,14
365148,2,14
1006152,1,14
292692,3,14
291384,1,14
138180,3,14
220680,2,14
509028,2,14
679500,1,14
1098756,2,14
629280,5,14
119844,2,14
990660,2,14
24348,2,14
973812,3,14
510768,2,14
2534532,1,14
883380,2,14
312,2,14
234744,2,14
1028532,2,14
128040,2,14
744336,2,14
72336,2,14
65040,2,14
301716,1,14
86424,1,14
69696,1,14
320292,2,14
415008,2,14
161124,1,14
62628,2,14
1387596,2,14
28020,1,14
117180,2,14
1055544,2,14
804,0,14
1354776,3,14
202260,2,14
10512,1,14
381672,2,14
111012,3,14
649776,2,14
53280,1,14
7284,2,14
63264,1,14
24300,3,14
275064,1,14
83820,1,14
302004,1,14
1272,1,14
69792,1,14
48432,3,14
332652,3,14
16896,3,14
2268,1,14
5844,1,14
603084,2,14
564252,3,14
40044,3,14
323940,1,14
113976,1,14
87120,2,14
47988,1,14
138000,1,14
246864,2,14
173604,1,14
397992,2,14
60972,3,14
628284,2,14
246864,2,14
2700,1,14
108564,3,14
35100,1,14
461292,2,14
93624,2,14
14592,2,14
66756,2,14
40020,4,14
8664,1,14
84564,1,14
26508,1,14
144072,2,14
128736,2,14
104028,2,14
624624,2,14
31440,4,14
2277468,5,14
18216,1,14
2352816,2,14
664752,3,14
51516,2,14
327696,2,14
2347116,2,14
19272,1,14
23844,1,14
417192,2,14
3518964,1,14
44172,1,14
184116,1,14
40584,3,14
57168,1,14
361476,2,14
11364,4,14
88692,2,14
41040,1,14
220920,2,14
1634016,5,14
521928,1,14
19128,2,14
2626212,2,14
1077264,3,14
6135996,4,14
387900,3,14
1902540,2,14
731088,1,14
66636,3,14
256896,2,14
17988,3,14
22080,3,14
359832,1,14
54528,1,14
66048,3,14
19488,2,14
26736,2,14
64956,3,14
337920,1,14
268128,1,14
30072,2,14
24408,2,14
65208,2,14
3096,1,14
481068,2,14
110592,3,14
1764,2,14
124356,2,14
211212,3,14
4140,2,14
24516,1,14
334668,3,14
885696,2,14
5640,1,14
1626708,2,14
315720,1,14
21516,1,14
31956,1,14
2004048,3,14
155520,3,14
425400,1,14
61896,2,14
533820,1,14
794400,1,14
59328,3,14
77892,3,14
111000,1,14
430152,1,14
155940,2,14
315936,1,14
48408,2,14
592320,2,14
31080,2,14
198516,1,14
2699256,1,14
52332,2,14
88104,3,14
981180,1,14
2611644,3,14
48276,1,14
1518984,1,14
1003932,1,14
58068,2,14
154368,2,14
47580,3,14
12012,1,14
229644,2,14
189564,4,14
43080,3,14
125292,3,14
57180,2,14
323700,2,14
138900,2,14
583368,2,14
188424,1,14
615060,2,14
8736,2,14
34836,1,14
10416,1,14
6156,2,14
21828,2,14
193788,2,14
834228,2,14
311412,2,14
47580,1,14
371844,3,14
120540,2,14
107940,2,14
624204,3,14
1896,1,14
490896,1,14
16056,1,14
324228,2,14
118380,3,14
52440,1,14
12744,1,14
70044,2,14
28788,1,14
742692,3,14
647856,2,14
607044,2,14
1298868,3,14
212016,2,14
486672,3,14
81108,2,14
625344,3,14
1121976,3,14
534792,2,14
674148,2,14
171180,1,14
68496,1,14
50016,3,14
31596,2,14
874272,2,14
0,1,14
614784,3,14
705000,4,14
705000,4,14
75576,1,14
1748088,2,14
353580,1,14
230976,1,14
95292,1,14
15504,2,14
14076,1,14
406980,2,14
16140,1,14
203040,3,14
967848,4,14
1188,2,14
2388,1,14
14592,1,14
129576,2,14
1230600,2,14
63168,2,14
403584,2,14
73980,1,14
8220,2,14
19068,1,14
240588,2,14
320640,1,14
36588,1,14
751104,1,14
54324,1,14
9780,1,14
1206684,1,14
1490052,2,14
28188,2,14
1028652,2,14
87792,2,14
890556,1,14
35208,3,14
37248,3,14
160440,1,14
417456,3,14
15132,1,14
51792,1,14
37272,3,14
42336,2,14
278760,1,14
64380,3,14
285564,3,14
119172,1,14
517608,2,14
204624,2,14
21564,1,14
48180,2,14
26904,1,14
670224,1,14
345288,2,14
13452,1,14
436140,2,14
112224,2,14
67920,1,14
862824,1,14
165948,1,14
89880,1,14
1071336,3,14
14880,1,14
641892,1,14
9864,1,14
30948,1,14
83472,1,14
130740,1,14
17316,2,14
255864,3,14
4092,2,14
614040,2,14
234420,1,14
289308,3,14
1287360,3,14
82716,1,14
2592,2,14
136536,3,14
395460,2,14
1655052,2,14
315060,3,14
259992,1,14
164004,1,14
33264,1,14
26088,1,14
24696,4,14
50616,1,14
4044,2,14
353928,1,14
950052,2,14
21132,4,14
537564,5,14
861888,4,14
134028,1,14
22284,1,14
498948,1,14
121704,1,14
419088,2,14
86868,2,14
870948,3,14
362616,4,14
14304,1,14
6192,4,14
115596,2,14
1015536,3,14
32388,2,14
117948,2,14
96180,4,14
113400,1,14
60720,2,14
13824,1,14
46800,2,14
323700,2,14
25548,2,14
81228,2,14
127104,2,14
224172,3,14
18564,1,14
1509744,5,14
223536,1,14
242400,1,14
89484,2,14
19764,2,14
26784,1,14
117804,1,14
9720,2,14
251664,2,14
858924,2,14
78108,1,14
26868,4,14
50172,1,14
5078580,1,14
848616,1,15
1029564,1,15
7326636,2,15
2965656,1,15
1092876,2,15
2163312,1,15
11425152,1,15
64841940,4,15
1820244,1,15
6206724,3,15
60663324,3,15
12844872,2,15
5191644,2,15
15414612,5,15
4762560,2,15
35391588,2,15
37667040,5,15
37667040,5,15
597984,2,15
623040,1,15
32832396,2,15
6285120,5,15
1406952,2,15
18781428,2,15
18376476,2,15
73114596,2,15
3913812,1,15
24456828,2,15
50346360,3,15
76713120,1,15
44408568,3,15
30440880,2,15
3568788,5,15
24327480,2,15
11458308,3,15
764700,4,15
1057020,3,15
1076376,3,15
2417448,1,15
2795568,1,15
130039428,5,15
1452708,3,15
12768204,3,15
16011888,4,15
1172748,2,15
5533836,2,15
4663008,2,15
1162188,2,15
499944,2,15
7564572,1,15
3591588,1,15
720696,2,15
7872972,1,15
1306836,3,15
7576104,2,15
10905720,2,15
3969840,2,15
5479656,1,15
24351276,2,15
126281532,2,15
11234472,4,15
71020104,2,15
1455144,2,15
3675360,2,15
986916,2,15
11276484,3,15
27429408,1,15
46874544,3,15
3163992,2,15
2580660,4,15
3979932,2,15
27515292,2,15
15994836,1,15
33897936,1,15
1941288,3,15
1840776,2,15
53146644,2,15
1936260,2,15
15244368,1,15
9553980,1,15
17720916,3,15
3251232,2,15
5263824,2,15
23394900,2,15
2347932,1,15
10024032,1,15
7348908,2,15
20247588,3,15
640764,1,15
17120604,2,15
922080,2,15
25216116,2,15
16803444,2,15
5465844,4,15
530304,3,15
1169412,3,15
21090648,3,15
29823708,1,15
584088,1,15
27123408,4,15
909540,2,15
1195116,2,15
11308332,3,15
1234716,3,15
62140140,1,15
1066008,1,15
2412168,3,15
1064376,1,15
1064376,1,15
15203280,5,15
3972660,3,15
2734008,2,15
1544640,2,15
11029344,1,15
48161040,2,15
1090116,5,15
2298312,2,15
24246648,2,15
21728904,2,15
1616844,2,15
21778428,3,15
37838064,1,15
1456812,3,15
31255464,5,15
26111064,1,15
12743364,1,15
44704824,3,15
15260640,2,15
4303128,1,15
4330332,2,15
4641468,2,15
8319384,3,15
17427900,1,15
5053320,1,15
13103844,1,15
3498528,1,15
8736012,3,15
40242480,3,15
23326440,3,15
3824184,1,15
15293508,1,15
1157940,1,15
53600520,3,15
741036,3,15
343788,3,15
1527192,2,15
569592,1,15
28926204,2,15
8152452,1,15
24379236,1,15
35621736,3,15
6889428,2,15
69324696,4,15
3076908,3,15
7173456,3,15
279324,1,15
45847788,3,15
2080104,1,15
61765356,2,15
3560340,1,15
8920764,1,15
34703040,1,15
34581636,2,15
60188904,1,15
7041696,2,15
1387632,2,15
3672456,3,15
18710256,1,15
3472128,3,15
13464240,1,15
517524,2,15
4939944,1,15
206952,4,15
15373788,3,15
16974204,1,15
1099548,4,15
8668344,5,15
5652120,4,15
4716996,3,15
339636,2,15
1186620,2,15
17730672,1,15
977628,2,15
19631940,4,15
36022104,3,15
24188016,1,15
7600728,2,15
1753284,3,15
3087504,4,15
4069032,3,15
26089884,2,15
960756,1,15
295188,1,15
7035816,3,15
54025152,3,15
2205192,3,15
16611072,2,15
19225068,1,15
7918620,1,15
46011552,2,15
15351444,3,15
6154260,1,15
115894956,3,15
1989864,1,15
80789424,4,15
56190072,2,15
1029228,2,15
32697384,1,15
46297236,2,15
4204440,1,15
11412036,2,15
3559032,2,15
17026896,2,15
155772,2,15
24097200,2,15
1433004,2,15
71296032,2,15
11989704,3,15
5025396,3,15
4871904,2,15
38841108,3,15
2013120,1,15
32918520,4,15
935412,2,15
2607756,3,15
21080016,2,15
139737444,4,15
4324464,2,15
13493268,1,15
20697324,2,15
67332228,1,15
19629612,4,15
12595500,3,15
4777932,3,15
39967104,3,15
79083000,1,15
2510904,3,15
49615644,2,15
7970400,2,15
31951116,4,15
1866564,1,15
10143180,2,15
17679000,1,15
30202944,2,15
5302716,2,15
36047832,3,15
17162856,2,15
8900496,2,15
6036096,1,15
5181948,1,15
7156908,1,15
72269256,1,15
26233656,1,15
1839084,3,15
62301612,3,15
10732032,1,15
380076,6,15
3038316,2,15
1711992,2,15
8176632,3,15
6838284,2,15
3203892,2,15
7169640,3,15
11675772,2,15
44596452,4,15
17759880,2,15
38444028,4,15
31140900,3,15
1088448,2,15
7984836,2,15
18331752,1,15
475044,3,15
58603368,2,15
2268156,2,15
6752676,2,15
6595020,3,15
8798640,1,15
85368552,3,15
3869676,1,15
2952060,3,15
5513256,2,15
1638720,2,15
41829696,2,15
7110336,2,15
3494352,2,15
3138648,2,15
10659708,1,15
64757724,1,15
66122076,2,15
1746480,2,15
48406692,4,15
5840328,2,15
57561816,2,15
17502060,2,15
558552,1,15
1128072,1,15
48281064,2,15
39071712,3,15
626292,4,15
13523148,1,15
35221164,2,15
15024432,2,15
2999916,2,15
189576,1,15
1456872,2,15
6559572,3,15
313896,2,15
913044,3,15
10551372,2,15
9112560,2,15
10559856,1,15
36618888,2,15
5236032,3,15
13392840,2,15
10280916,2,15
4836744,1,15
1689912,2,15
6745080,3,15
10736772,1,15
216267804,3,15
27775548,3,15
21474360,1,15
22107444,1,15
168972,2,15
54647652,3,15
2794596,1,15
351492,1,15
878364,2,15
6055632,3,15
3725112,3,15
13815204,3,15
2726316,3,15
5003664,6,15
8575008,4,15
50492580,2,15
63286356,3,15
109137576,2,15
9946140,4,15
1964820,1,15
22504356,2,15
796848,3,15
581616,3,15
430932,4,15
582552,3,15
12459120,3,15
107843772,2,15
6976236,2,15
744780,1,15
4646520,1,15
1996944,3,15
5234628,1,15
1634028,5,15
711984,2,15
402612,2,15
716616,2,15
332904,2,15
343584,3,15
12220200,4,15
49628580,1,15
10075308,3,15
1045524,3,15
293640,6,15
5424780,4,15
140784,2,15
15686772,3,15
369408,4,15
540696,4,15
1344636,4,15
8525184,1,15
2142588,3,15
3654804,2,15
468564,2,15
348168,1,15
9581268,3,15
2900616,2,15
14937168,2,15
1349400,1,15
3223824,3,15
3585840,3,15
19941036,2,15
1614000,3,15
2395884,2,15
1345656,3,15
3131892,2,15
8121420,3,15
1620180,1,15
3839940,4,15
5369988,2,15
466176,1,15
19413588,1,15
24760680,2,15
19582524,3,15
7755984,3,15
15026880,3,15
1121088,2,15
6746856,2,15
19544352,1,15
22680408,2,15
1214208,1,15
921492,2,15
4268232,2,15
1626024,1,15
10225212,1,15
8137188,2,15
599244,3,15
2535600,3,15
966624,2,15
35792556,2,15
29969328,3,15
87669168,2,15
1151952,3,15
1797696,2,15
21000408,3,15
32506956,1,15
2066892,2,15
6676944,3,15
3858216,2,15
6890796,2,15
25782384,2,15
504156,2,15
12418800,1,15
1779564,2,15
4844688,1,15
4391916,2,15
55096584,1,15
5734980,4,15
20081076,1,15
441912,3,15
108773748,1,15
7219992,2,15
943056,2,15
2703312,1,15
21134628,2,15
4429164,1,15
33104580,2,15
73784460,2,15
2785056,3,15
3629328,2,15
4276392,1,15
730392,3,15
377352,1,15
4961904,2,15
1932060,1,15
3947016,2,15
15856284,3,15
7005624,3,15
4205964,2,15
980556,2,15
23775636,2,15
6110904,2,15
1946028,1,15
20246436,2,15
243192,3,15
206504940,3,15
2468856,4,15
557520,1,15
9250812,2,15
2862336,2,15
32491200,2,15
3913812,1,15
97650852,1,15
1801068,2,15
8257824,2,15
338580,1,15
776268,2,15
2981112,2,15
16546656,2,15
15851844,2,15
23201016,1,15
1186740,2,15
1378752,2,15
1281144,2,15
87605796,3,15
58296624,4,15
1105680,4,15
820500,1,15
1411308,3,15
7905348,5,15
4942836,2,15
445416,4,15
980388,3,15
445164,3,15
5175228,2,15
3980592,3,15
2853468,2,15
682764,2,15
2447244,2,15
57953904,1,15
1066260,4,15
3847812,2,15
73797432,2,15
1680,2,15
337380,1,15
4356528,2,15
564492,3,15
932808,1,15
1467084,5,15
203460,2,15
210672,2,15
961368,3,15
1010664,3,15
1852188,2,15
4369560,1,15
146004,2,15
847740,2,15
121332,2,15
12180,2,15
78228,4,15
386412,2,15
53772,3,15
447648,2,15
179616,2,15
38400,1,15
750144,2,15
171720,3,15
442644,2,15
173856,2,15
88884,3,15
104952,2,15
175080,2,15
178596,4,15
7728,2,15
1827180,1,15
266232,1,15
392724,4,15
686736,1,15
627084,2,15
98112,2,15
644964,1,15
706344,1,15
240936,2,15
46908,2,15
248556,1,15
1264332,4,15
587700,2,15
350352,1,15
279600,2,15
111804,2,15
18048,2,15
246024,2,15
165660,2,15
249192,1,15
43584,2,15
29148,2,15
288,1,15
1569816,2,15
99540,1,15
633888,2,15
979056,2,15
846168,2,15
159348,2,15
3977796,4,15
1067844,1,15
15780,2,15
5832,1,15
851016,2,15
1741560,2,15
851016,2,15
10114572,2,15
288600,2,15
185772,2,15
360552,2,15
55752,2,15
2280,0,15
534324,3,15
4328088,1,15
151488,1,15
8880,2,15
2670396,3,15
120192,1,15
190920,1,15
309948,1,15
209040,1,15
47892,2,15
1583040,4,15
238656,2,15
13746540,2,15
7642776,1,15
667044,3,15
121344,2,15
499656,1,15
44052,2,15
76920,1,15
1368420,1,15
210432,1,15
1548732,1,15
808152,2,15
6163536,2,15
175392,1,15
7524,3,15
275364,1,15
1432188,4,15
182220,1,15
8616444,1,15
7620804,1,15
6954996,3,15
1184880,1,15
856332,1,15
1114296,2,15
2443752,1,15
718668,3,15
5484,1,15
5508,2,15
87876,2,15
52752,4,15
925584,1,15
74052,1,15
461472,2,15
1392936,4,15
2794728,1,15
116904,2,15
780828,3,15
1506372,2,15
66564,3,15
3821148,2,15
829884,1,15
259692,2,15
1297956,2,15
262296,2,15
259692,2,15
1055028,4,15
110016,1,15
1253064,4,15
208764,2,15
222192,2,15
23304,2,15
54300,2,15
425124,1,15
2106648,1,15
58272,3,15
1806300,2,15
10560,3,15
897840,1,15
2955108,4,15
1581228,2,15
78516,1,15
345888,1,15
508608,1,15
3994476,3,15
197688,2,15
427176,1,15
600300,2,15
39048,2,15
10056,2,15
76608,2,15
2068536,2,15
156408,2,15
18012,1,15
93240,1,15
2160552,1,15
478380,3,15
1643724,1,15
10863888,2,15
1760628,1,15
3347208,3,15
1655244,3,15
223356,1,15
1921752,2,15
242724,3,15
393888,2,15
890664,2,15
732384,2,15
720,2,15
10596,2,15
115584,3,15
75576,1,15
919272,1,15
33816,2,15
1008,0,15
13104,2,15
75540,2,15
508860,3,15
554400,1,15
1454688,4,15
3504,3,15
678576,1,15
17760,3,15
2580480,2,15
197256,2,15
227964,1,15
2424,1,15
12033924,5,15
62076,1,15
25752,2,15
8292144,2,15
392196,2,15
51588,1,15
8919156,2,15
650184,2,15
84276,5,15
941784,3,15
453324,2,15
7571208,3,15
5395788,3,15
227664,4,15
51492,2,15
1052664,2,15
146640,3,15
3909804,2,15
328008,2,15
45636,1,15
1911252,2,15
223908,1,15
4028076,2,15
28452,1,15
131796,2,15
225792,3,15
4200,2,15
1980,1,15
514032,3,15
45432,3,15
3449208,3,15
906096,1,15
16308,2,15
546468,2,15
541320,3,15
5268,1,15
58392,2,15
2064924,3,15
488472,2,15
196884,4,15
3125532,1,15
119052,3,15
2271384,2,15
770988,5,15
1305624,3,15
73452,2,15
814632,1,15
842508,2,15
363780,2,15
279084,2,15
1018476,1,15
369372,2,15
4806864,1,15
297144,2,15
1173180,2,15
370536,3,15
69696,5,15
1595928,3,15
286488,2,15
13531956,1,15
98268,2,15
391680,2,15
3532152,3,15
1362480,1,15
24300,1,15
436848,2,15
28548,2,15
4485720,1,15
1748148,1,15
57398448,1,16
6740760,1,16
7876896,2,16
5234796,2,16
76074288,1,16
20743008,3,16
8467836,1,16
60501588,1,16
93197340,3,16
111509400,1,16
6724608,2,16
19851504,1,16
9908808,2,16
22430832,2,16
29918256,3,16
335292,1,16
65285652,3,16
30825612,3,16
41959020,2,16
18900576,1,16
184751016,4,16
71022840,3,16
4158048,3,16
79554432,3,16
4788684,1,16
38616732,1,16
39284112,4,16
199528524,3,16
12216396,3,16
42652716,1,16
215181408,4,16
61397580,1,16
69226224,2,16
19024032,2,16
36535416,3,16
940476,2,16
2470464,1,16
166877304,2,16
119600796,4,16
14953572,2,16
2139744,1,16
1193964,1,16
2429172,3,16
14671320,3,16
3748080,2,16
134663676,1,16
4861692,6,16
687828,2,16
4036140,2,16
1484436,4,16
113215860,3,16
64137060,2,16
4444860,2,16
76217700,3,16
22780680,4,16
62693676,1,16
65658636,2,16
83187744,2,16
2990664,3,16
9872052,3,16
1727604,1,16
16031292,1,16
112982220,4,16
50836824,2,16
71898720,2,16
21607920,2,16
7957320,3,16
10262244,3,16
13434072,1,16
1361268,2,16
7295508,1,16
12490212,2,16
97844424,1,16
4749288,1,16
12826020,1,16
4803624,2,16
165719016,1,16
2694648,1,16
92574120,4,16
148457004,3,16
17091012,2,16
1191852,4,16
77584980,1,16
7106916,5,16
8100108,2,16
11140272,3,16
25886640,3,16
548016,3,16
854736,3,16
31601304,4,16
174764064,2,16
8207280,1,16
1693800,3,16
13913472,1,16
76988160,4,16
22036044,1,16
5979696,1,16
737748,1,16
48674148,2,16
12647880,2,16
52835796,1,16
78482280,4,16
4917144,4,16
43232868,1,16
397587192,1,16
5576064,1,16
2296284,4,16
154453140,1,16
3080664,3,16
122136240,2,16
1491432,2,16
145807176,4,16
22434108,1,16
4297668,5,16
3244356,3,16
99531168,1,16
1955796,4,16
104522976,2,16
2981016,2,16
3427896,2,16
8761536,2,16
40105740,2,16
24527004,4,16
4563816,2,16
42293700,2,16
9850032,2,16
105063876,1,16
30519492,3,16
3608160,2,16
128089344,1,16
3662688,3,16
5439168,4,16
17048892,2,16
59169468,1,16
37181880,3,16
4849308,3,16
982836,1,16
3997584,2,16
32371236,3,16
1071984,2,16
19222116,2,16
11843244,4,16
4612980,6,16
163455600,2,16
203253168,2,16
5317404,4,16
14617512,1,16
21418404,2,16
19004448,3,16
32409804,3,16
3874296,3,16
9292932,3,16
1199496,3,16
26636328,2,16
11559084,1,16
54136836,2,16
226828572,3,16
9134964,2,16
39426840,1,16
22674288,1,16
3358968,2,16
1689744,5,16
45741456,2,16
6349176,3,16
289643952,1,16
34174752,3,16
4809444,2,16
3351912,2,16
2475276,1,16
20100900,2,16
4841736,3,16
27898032,3,16
18481224,1,16
72609780,2,16
15868152,3,16
118749024,4,16
123566052,3,16
32633448,1,16
1782372,2,16
181191612,2,16
61080084,1,16
17543952,3,16
27676524,1,16
42996888,4,16
99548364,2,16
319611264,2,16
69030132,3,16
2392620,2,16
8964192,4,16
5942700,3,16
207718872,3,16
8329992,2,16
6282480,1,16
21861756,4,16
32445060,2,16
8786856,2,16
166150656,3,16
109187532,3,16
5135652,1,16
48050280,1,16
43027116,1,16
245202612,3,16
50256684,1,16
97195260,3,16
1207056,1,16
102610248,3,16
16275096,3,16
24125988,2,16
9086064,5,16
25552020,4,16
104698932,2,16
1928220,5,16
4273272,1,16
233159472,1,16
1572096,3,16
19656732,3,16
26016552,2,16
2891304,4,16
22947828,3,16
192185352,1,16
25987320,2,16
12701988,1,16
4820004,2,16
4214868,2,16
10529556,3,16
148206324,1,16
115473600,4,16
283674408,3,16
10082256,2,16
12985008,2,16
17380548,1,16
33255588,1,16
145335144,4,16
89747856,2,16
93800364,2,16
2491296,1,16
6619920,1,16
2743848,3,16
5287788,1,16
1220004,2,16
96364488,3,16
126948540,2,16
4999944,1,16
10465752,1,16
23898324,2,16
63989388,2,16
18422028,3,16
34421700,3,16
29841816,2,16
37274964,3,16
13595616,1,16
13556880,2,16
3234528,4,16
190982904,1,16
124550484,2,16
6881652,4,16
24673824,3,16
84153072,1,16
50972520,5,16
4114752,2,16
59582076,2,16
66231408,5,16
21877512,3,16
5392788,4,16
10611888,4,16
31297308,3,16
317964,3,16
97897236,3,16
19593252,3,16
19777104,2,16
8028168,2,16
2308056,1,16
16985628,3,16
7678656,2,16
16698024,2,16
12513240,2,16
5745036,1,16
98501016,2,16
9345684,3,16
4193328,1,16
52151256,1,16
107656908,1,16
3510540,2,16
13244304,1,16
77102844,3,16
3823716,1,16
81966072,3,16
63105936,3,16
227220,1,16
3719136,2,16
150281664,1,16
4002012,2,16
8193936,1,16
12438024,3,16
4133376,2,16
103310280,4,16
4296864,2,16
12170352,3,16
38344212,2,16
8010060,3,16
11465904,2,16
831168,2,16
1476264,5,16
66164040,5,16
17659116,4,16
15719748,4,16
78873768,1,16
6348276,5,16
21764112,2,16
339180,1,16
8255496,4,16
70245828,1,16
48843360,3,16
9750624,2,16
13274688,3,16
21728844,1,16
42962124,2,16
2921604,1,16
81598692,2,16
4220448,2,16
65734692,2,16
226074708,2,16
36801612,3,16
53105436,4,16
817080,2,16
5145348,2,16
9035628,2,16
2337264,2,16
33118296,1,16
105809688,2,16
511571148,1,16
21184020,2,16
28477884,4,16
28220424,4,16
51135480,4,16
67652508,1,16
2430696,2,16
63695652,3,16
24660624,2,16
3563196,1,16
697068,1,16
37408728,1,16
525588036,4,16
50150616,1,16
111120408,2,16
4636560,2,16
108561792,4,16
7337688,4,16
5481084,3,16
8542932,3,16
131931228,3,16
4264584,2,16
9571824,4,16
103917672,3,16
6586836,3,16
24751080,1,16
166357944,2,16
11003304,1,16
119349312,2,16
35469372,5,16
42417024,2,16
12205008,1,16
4309608,1,16
5366244,2,16
28117212,3,16
25050372,3,16
78512652,4,16
6535704,4,16
50427432,2,16
16199628,1,16
230428500,1,16
53746656,3,16
20806164,4,16
39780336,2,16
41957520,3,16
105063852,3,16
81412824,4,16
139697892,3,16
73111776,5,16
1818888,2,16
12076008,2,16
1593204,5,16
5977848,2,16
5257080,3,16
446443092,2,16
224509380,1,16
5676120,4,16
13699476,2,16
86064504,2,16
13402032,2,16
144542856,2,16
18191916,2,16
83114064,2,16
14488008,2,16
40347996,2,16
52776912,1,16
14500644,1,16
6296724,3,16
1204380,1,16
2192892,4,16
29365824,4,16
25020072,2,16
157414728,2,16
15399228,4,16
42786240,3,16
1309944,1,16
16897428,2,16
15063828,2,16
522756,2,16
10529040,2,16
1395444,1,16
3029340,1,16
3624960,1,16
2239980,3,16
0,1,16
4704132,3,16
3315312,2,16
1134504,5,16
1449408,1,16
123339444,2,16
75829140,2,16
70948536,3,16
9243564,2,16
5673264,1,16
8830212,2,16
218896512,2,16
4765572,2,16
131636424,3,16
2240316,1,16
2474424,2,16
1242732,5,16
2425608,1,16
1078404,1,16
59988,3,16
52620,3,16
18881064,2,16
1195200,2,16
1045716,2,16
990528,4,16
144156,1,16
1697304,4,16
163896,3,16
43656,1,16
399360,2,16
33144,1,16
118500,4,16
335400,1,16
3862320,2,16
183048,1,16
1929648,2,16
588480,2,16
255504,1,16
865824,1,16
138456,1,16
1136244,3,16
33448248,4,16
6209868,3,16
207588,1,16
800268,4,16
311124,1,16
853992,2,16
1345236,6,16
644628,2,16
357108,1,16
2753520,2,16
408276,2,16
1334796,2,16
199284,2,16
118536,3,16
35832,1,16
294228,2,16
145332,2,16
533484,1,16
4331904,1,16
996264,4,16
12159828,3,16
831696,1,16
1359300,1,16
4268808,1,16
399660,2,16
2393556,5,16
1486656,2,16
79800,3,16
7176,1,16
6134796,3,16
742332,3,16
44268,2,16
1044948,3,16
4348488,1,16
192744,2,16
4740132,1,16
3353388,2,16
10579908,3,16
601308,1,16
35810844,4,16
345816,1,16
5840448,2,16
121320,2,16
962796,2,16
4833084,3,16
317460,4,16
1795032,1,16
1466964,1,16
153708,1,16
76908,2,16
3716232,2,16
56138604,1,16
75132,1,16
35142912,1,16
47119188,3,16
129144,5,16
761940,2,16
417852,2,16
86880,1,16
1137408,6,16
402000,4,16
178944,2,16
7020,1,16
1513392,1,16
14691996,3,16
15321888,2,16
55164,2,16
239508,1,16
2213916,2,16
8931012,3,16
263556,1,16
139392,2,16
111780,4,16
1997340,1,16
389016,1,16
1314576,1,16
276960,3,16
1570176,4,16
82992,1,16
3079536,2,16
22104,2,16
2076996,1,16
440376,2,16
63960,1,16
40008,1,16
131700,2,16
1599120,1,16
34565364,1,16
754200,3,16
529236,2,16
4327548,2,16
102112020,2,16
197328,3,16
1190412,2,16
146808,1,16
20988,1,16
169092,1,16
881292,3,16
5332176,3,16
16176,1,16
377568,2,16
693408,3,16
2428752,1,16
2203524,3,16
663612,2,16
350868,3,16
15769572,2,16
12075480,1,16
12924732,3,16
3058356,3,16
754044,1,16
8645868,1,16
53112,1,16
11104440,1,16
1403388,1,16
1445424,2,16
632628,2,16
415668,1,16
11020788,1,16
793128,1,16
65001468,1,16
414216,2,16
891720,1,16
221820,3,16
44472,1,16
463464,1,16
2527632,4,16
4554252,2,16
2217180,2,16
1297812,3,16
2568348,3,16
79248,2,16
4561176,3,16
67944,4,16
663144,1,16
85212,2,16
1203024,2,16
2494308,4,16
16121076,3,16
2838468,2,16
1750296,2,16
29782680,3,16
96384,1,16
4139676,3,16
66984,1,16
54264492,2,16
5724,1,16
132540,3,16
89028,2,16
661152,1,16
192600,2,16
65460,2,16
146700,4,16
930264,3,16
21549420,2,16
785412,1,16
898644,1,16
1652508,2,16
4248300,2,16
6689544,1,16
680568,2,16
1971792,2,16
4501776,2,16
3400344,1,16
1623852,1,16
616296,2,16
956892,3,16
1225488,1,16
62796,1,16
1807068,2,16
534636,2,16
509580,1,16
1357536,2,16
852,0,16
3960,2,16
269100,2,16
1194576,1,16
327120,1,16
351420,2,16
6759204,3,16
145020,2,16
4247364,1,16
1153512,1,16
898452,2,16
914472,2,16
138276,3,16
3298836,3,16
499200,2,16
604632,5,16
19841064,4,16
7195296,4,16
215316,1,16
349068,2,16
2616216,1,16
66744,4,16
3598920,2,16
19368072,1,16
454068,1,16
41700,1,16
2289840,3,16
5717544,1,16
735804,2,16
3539676,2,16
281556,1,16
55668,1,16
17291580,2,16
3364296,2,16
4503888,3,16
14739696,2,16
21732,2,16
17867976,2,16
122928,1,16
2874492,2,16
154752,1,16
24384576,3,16
11820516,2,16
706080,4,16
598596,3,16
77868,4,16
4800060,1,16
9382140,2,16
1230756,2,16
369336,2,16
79980,2,16
15089880,3,16
1464540,2,16
7519308,1,16
268284,2,16
3468000,3,16
6809676,2,16
9330276,1,16
235668,1,16
51540,3,16
108420,4,16
3001980,3,16
166428,2,16
1699788,2,16
3873000,2,16
151728,3,16
2626452,1,16
870612,3,16
290196,4,16
977172,2,16
454500,2,16
14047680,1,16
6623784,2,16
1237320,1,16
964128,1,16
201216,1,16
14514660,2,16
5590548,3,16
385488,2,16
75264504,2,16
468,1,16
11964912,3,16
1746000,2,16
1311816,1,16
454536,2,16
1081800,2,16
1554144,3,16
962940,3,16
4049784,5,16
336216,2,16
2716404,3,16
24792,4,16
1194144,5,16
17940924,5,16
20140764,2,16
125688,2,16
537144,2,16
457848,4,16
9181908,2,16
3362388,4,16
14268,1,16
760416,2,16
514956,1,16
35028,1,16
41232,2,16
1711728,2,16
140244,2,16
691728,2,16
2731260,1,16
17964,1,16
27228,2,16
65412,1,16
3812532,3,16
319188,2,16
2782476,2,16
688572,1,16
281784,5,16
772116,2,16
153516,1,16
3240,1,16
325500,2,16
5467044,1,16
726492,3,16
286320,2,16
9999420,3,16
21564,2,16
33120,1,16
51120,3,16
5258820,2,16
782448,2,16
16390020,1,16
41868,1,16
13464,1,16
72540,3,16
168348,2,16
8562600,1,16
434376,1,16
103716,1,16
467844,1,16
485652,2,16
2780112,2,16
999504,2,16
2069940,4,16
3330120,2,16
52128,3,16
65040,1,16
27096,1,16
1243248,2,16
1118220,1,16
6867684,3,16
373392,3,16
933144,2,16
591204,3,16
48852,2,16
77388,1,16
412932,1,16
137520,3,16
482604,2,16
3776184,4,16
4443864,1,16
176304,3,16
39084,1,16
8727816,3,16
83712,2,16
346020,3,16
360540,3,16
79464,2,16
36300,2,16
829632,4,16
396276,1,16
2427156,3,16
36028212,1,16
