9,2,3
7,0,4
9,4,5
9,2,5
11,0,6
17,2,6
27,0,6
9,6,7
11,2,7
21,4,7
23,2,7
35,4,7
45,2,7
53,0,7
9,0,8
21,4,8
27,0,8
25,2,8
35,4,8
51,2,8
47,2,8
55,0,8
59,0,8
69,2,8
69,2,8
83,0,8
79,0,8
93,2,8
105,4,8
117,2,8
135,0,8
203,0,8
13,6,8
11,0,8
31,2,8
9,8,9
11,2,9
19,6,9
25,4,9
27,2,9
47,6,9
59,4,9
59,2,9
69,6,9
85,4,9
73,4,9
91,2,9
101,4,9
93,0,9
121,2,9
117,6,9
105,2,9
135,4,9
129,0,9
121,4,9
145,2,9
137,2,9
159,4,9
165,0,9
179,2,9
173,2,9
191,0,9
215,2,9
195,2,9
231,0,9
243,2,9
287,2,9
311,0,9
401,0,9
45,2,9
95,4,9
163,0,9
271,4,9
249,2,9
475,2,9
175,0,9
7,0,9
15,4,9
29,0,9
55,2,9
19,0,9
77,2,9
85,2,9
73,4,9
11,0,10
19,6,10
25,0,10
23,2,10
41,4,10
73,4,10
95,2,10
29,4,10
73,2,10
93,0,10
113,2,10
127,2,10
171,0,10
195,4,10
87,2,10
121,2,10
87,0,10
173,2,10
135,2,10
61,2,10
111,4,10
137,0,10
221,2,10
191,2,10
271,4,10
233,0,10
321,2,10
145,0,10
243,2,10
269,2,10
199,0,10
297,0,10
251,0,10
61,0,10
139,0,10
141,2,10
179,0,10
205,2,10
229,4,10
367,2,10
315,2,10
429,0,10
339,0,10
393,2,10
503,0,10
35,6,10
75,4,10
141,0,10
205,6,10
165,4,10
303,2,10
199,2,10
339,4,10
113,2,10
227,4,10
267,4,10
419,2,10
265,0,10
367,2,10
477,0,10
45,4,10
101,4,10
189,4,10
153,2,10
255,2,10
361,6,10
249,2,10
185,0,10
509,2,10
295,2,10
395,0,10
353,4,10
463,2,10
257,2,10
425,0,10
219,4,10
263,2,10
297,4,10
251,0,10
333,6,10
499,0,10
229,2,10
457,2,10
519,2,10
163,4,10
475,0,10
417,0,10
695,0,10
691,2,10
383,0,10
333,0,10
529,4,10
255,2,10
307,2,10
573,2,10
587,0,10
503,2,10
435,4,10
435,0,10
231,4,10
471,4,10
333,0,10
363,2,10
389,0,10
565,2,10
365,2,10
609,0,10
217,2,10
495,0,10
467,2,10
381,4,10
471,2,10
863,2,10
561,0,10
835,0,10
587,2,10
727,2,10
611,0,10
689,0,10
757,4,10
931,2,10
735,0,10
987,0,10
13,8,10
15,2,10
27,2,10
71,4,10
17,6,10
55,0,10
19,0,10
75,2,10
11,2,10
29,2,10
43,6,10
125,0,10
27,0,10
51,0,10
99,2,10
21,8,10
17,0,10
35,0,10
23,6,10
61,2,10
139,2,10
21,4,10
95,0,10
61,2,10
89,2,10
157,4,10
71,4,10
169,2,10
49,8,10
31,0,10
47,6,10
53,0,10
117,2,10
227,4,10
195,0,10
143,2,10
43,4,10
15,6,10
113,2,10
241,2,10
185,0,10
129,2,10
907,2,11
1095,4,11
747,2,11
449,0,11
883,0,11
1025,2,11
449,2,11
711,0,11
151,4,11
619,2,11
667,0,11
579,2,11
135,0,11
1017,0,11
591,2,11
589,0,11
885,2,11
911,2,11
1413,2,11
737,4,11
241,2,11
507,4,11
573,2,11
1457,0,11
1413,2,11
1457,0,11
1161,2,11
785,0,11
667,2,11
1283,0,11
857,4,11
1073,2,11
417,2,11
759,2,11
789,0,11
795,0,11
399,0,11
783,0,11
493,0,11
355,4,11
709,2,11
629,2,11
1051,6,11
789,0,11
389,2,11
333,2,11
789,0,11
713,4,11
639,4,11
321,2,11
757,2,11
1031,0,11
415,4,11
1103,2,11
213,2,11
661,0,11
541,2,11
321,0,11
55,2,11
361,4,11
531,2,11
99,6,11
451,4,11
535,4,11
135,2,11
749,2,11
833,0,11
489,2,11
1119,0,11
1347,2,11
1433,2,11
1289,0,11
1783,0,11
205,4,11
347,2,11
1179,0,11
929,2,11
843,2,11
1133,2,11
1021,0,11
799,2,11
413,2,11
649,4,11
545,0,11
577,2,11
381,2,11
795,0,11
535,0,11
763,2,11
327,2,11
889,0,11
549,2,11
391,0,11
625,6,11
217,4,11
799,0,11
205,2,11
291,0,11
939,2,11
1123,4,11
1643,2,11
545,2,11
305,0,11
873,0,11
655,4,11
433,0,11
615,2,11
479,2,11
733,0,11
477,0,11
493,2,11
873,0,11
595,4,11
1329,2,11
773,0,11
1089,4,11
725,4,11
387,2,11
255,0,11
647,4,11
761,2,11
909,2,11
705,4,11
1417,6,11
1813,2,11
1189,0,11
981,4,11
941,0,11
629,4,11
827,2,11
981,2,11
1039,2,11
279,2,11
823,2,11
1301,0,11
1529,2,11
601,2,11
1475,0,11
511,2,11
153,4,11
499,2,11
123,6,11
413,4,11
273,4,11
317,2,11
829,2,11
1305,2,11
665,2,11
901,2,11
851,4,11
885,2,11
691,0,11
399,0,11
217,2,11
1733,2,11
439,2,11
1031,2,11
729,2,11
681,2,11
1177,0,11
111,4,11
1603,2,11
723,2,11
1649,0,11
317,0,11
149,2,11
663,0,11
869,0,11
767,0,11
2015,0,11
1933,2,11
1129,2,11
1061,2,11
247,2,11
545,0,11
641,2,11
433,4,11
783,2,11
101,4,11
375,0,11
511,2,11
205,4,11
711,2,11
351,2,11
585,0,11
491,6,11
755,0,11
167,2,11
1283,0,11
305,0,11
337,6,11
441,4,11
463,2,11
407,4,11
87,0,11
1235,2,11
1173,2,11
689,2,11
491,2,11
349,4,11
319,0,11
695,2,11
137,6,11
525,4,11
385,2,11
359,4,11
597,4,11
1181,0,11
241,0,11
177,2,11
1407,4,11
1267,4,11
187,0,11
921,4,11
1235,2,11
1135,2,11
983,2,11
371,2,11
361,4,11
295,2,11
533,0,11
229,6,11
421,4,11
93,4,11
221,2,11
1199,6,11
1035,0,11
235,2,11
89,2,11
541,2,11
805,2,11
1779,0,11
39,8,11
249,6,11
539,6,11
453,4,11
177,4,11
2287,2,11
147,8,11
487,6,11
87,6,11
215,4,11
1275,6,11
291,6,11
53,4,11
11,2,11
1429,2,11
631,0,11
333,4,11
1031,0,11
961,2,11
1031,0,11
961,2,11
1127,2,11
899,0,11
467,0,11
235,2,11
267,6,11
217,4,11
847,4,11
575,2,11
331,8,11
983,2,11
579,0,11
2609,0,11
2141,2,11
1031,2,11
1217,2,11
1015,0,11
1707,2,11
1277,0,11
1507,2,11
1645,0,11
985,4,11
1541,4,11
973,2,11
1055,0,11
351,2,11
571,0,11
1363,2,11
801,2,11
1215,2,11
1941,2,11
1471,0,11
1187,2,11
2003,0,11
2579,0,11
1169,0,11
1047,0,11
491,6,11
909,4,11
255,4,11
829,2,11
629,4,11
641,2,11
1809,2,11
955,6,11
437,4,11
1343,0,11
2369,2,11
1425,4,11
1207,0,11
751,4,11
947,2,11
547,4,11
309,2,11
201,6,11
419,4,11
157,4,11
297,2,11
771,2,11
223,0,11
1741,2,11
1449,0,11
783,0,11
833,0,11
1099,6,11
801,6,11
611,4,11
841,4,11
1295,2,11
273,2,11
467,2,11
441,2,11
1655,0,11
2039,2,11
1249,4,11
1121,4,11
331,4,11
739,2,11
2241,0,11
165,0,11
89,8,11
281,6,11
141,6,11
395,4,11
209,8,11
141,6,11
389,6,11
143,4,11
23,4,11
25,2,11
949,4,11
367,2,11
377,4,11
661,2,11
1087,4,11
1331,2,11
1981,0,11
1589,0,11
909,2,11
859,6,11
539,4,11
67,8,11
333,6,11
437,6,11
29,6,11
121,4,11
119,4,11
209,4,11
43,2,11
33,2,11
19,8,11
109,6,11
359,4,11
9,10,11
53,2,11
235,4,11
137,2,11
173,0,11
391,2,11
87,0,11
339,2,11
211,4,11
67,6,11
333,4,11
247,2,11
33,2,11
19,6,11
139,4,11
89,2,11
95,4,11
137,2,11
65,0,11
9,2,11
49,0,11
173,0,11
233,2,11
73,4,11
51,0,11
175,2,11
113,0,11
41,6,11
29,0,11
189,2,11
73,4,11
67,4,11
379,0,11
203,2,11
91,0,11
619,4,11
339,2,11
57,0,11
11,0,11
139,0,11
483,2,11
205,4,11
91,0,11
619,4,11
339,2,11
139,0,11
483,2,11
205,4,11
63,0,11
27,0,11
61,0,11
51,0,11
259,2,11
91,0,11
123,2,11
261,0,11
71,2,11
19,6,11
69,2,11
199,4,11
57,2,11
37,4,11
75,0,11
87,2,11
19,4,11
87,0,11
439,2,11
67,0,11
307,2,11
151,4,11
23,2,11
291,2,11
501,4,11
67,0,11
67,0,11
291,2,11
135,4,11
131,8,11
135,4,11
21,0,11
85,2,11
73,6,11
35,2,11
185,0,11
99,2,11
137,0,11
101,0,11
185,2,11
29,6,11
275,4,11
117,4,11
57,2,11
39,0,11
171,6,11
253,0,11
117,4,11
51,0,11
63,0,11
369,0,11
125,2,11
145,0,11
101,2,11
31,2,11
307,4,11
37,6,11
359,4,11
55,2,11
47,4,11
431,4,11
251,4,11
145,0,11
45,2,11
245,2,11
81,2,11
227,0,11
475,0,11
27,0,11
105,2,11
49,4,11
351,0,11
155,2,11
149,4,11
57,2,11
249,0,11
273,2,11
329,2,11
71,6,11
233,2,11
123,2,11
143,2,11
207,0,11
373,2,11
55,0,11
77,4,11
185,2,11
31,4,11
303,6,11
227,4,11
31,0,11
17,0,11
183,2,11
31,0,11
93,0,11
49,0,11
331,4,11
47,0,11
307,2,11
127,4,11
431,2,11
81,4,11
441,2,11
137,2,11
137,2,11
235,0,11
499,2,11
161,2,11
445,0,11
327,0,11
141,4,11
403,2,11
345,2,11
295,2,11
195,2,11
181,4,11
593,0,11
275,2,11
331,2,11
429,2,11
79,6,11
301,2,11
327,4,11
177,0,11
175,4,11
753,4,11
309,4,11
321,2,11
545,2,11
723,2,11
467,0,11
223,6,11
135,4,11
679,0,11
85,6,11
607,2,11
891,4,11
2121,0,12
1163,4,12
3115,0,12
3115,0,12
1793,0,12
1771,4,12
849,0,12
1685,0,12
1687,0,12
1419,4,12
1143,6,12
123,2,12
2083,2,12
1995,6,12
1535,2,12
947,2,12
1463,6,12
3391,0,12
1477,2,12
2391,4,12
2067,2,12
1963,4,12
745,2,12
1319,0,12
2367,2,12
2227,4,12
2141,0,12
2317,2,12
1089,2,12
2669,2,12
761,0,12
2669,2,12
2551,0,12
2551,0,12
2027,2,12
1475,4,12
191,8,12
403,4,12
411,2,12
993,2,12
2619,2,12
597,4,12
633,2,12
733,2,12
1335,0,12
1277,0,12
1385,2,12
1867,2,12
3235,2,12
1219,2,12
953,0,12
775,6,12
1669,4,12
907,2,12
2735,2,12
561,4,12
3755,0,12
2087,4,12
1635,2,12
2763,2,12
805,0,12
937,2,12
345,4,12
2233,2,12
1253,0,12
321,2,12
1547,0,12
875,6,12
799,2,12
1673,2,12
2207,2,12
1881,2,12
2845,2,12
903,0,12
2561,6,12
1987,6,12
1019,4,12
983,2,12
2301,0,12
929,0,12
911,2,12
1655,4,12
1955,2,12
3243,2,12
1259,2,12
2781,0,12
1923,2,12
369,4,12
1979,0,12
2451,2,12
2463,0,12
2597,4,12
3177,2,12
673,6,12
2945,2,12
4517,0,12
2325,0,12
5443,0,12
667,8,12
1171,6,12
803,6,12
569,4,12
1091,2,12
991,2,12
1545,4,12
3345,4,12
1505,2,12
1871,4,12
1027,2,12
3461,2,12
1715,2,12
2997,2,12
793,6,12
2083,2,12
797,2,12
1925,2,12
111,4,12
767,2,12
219,0,12
2391,0,12
1131,0,12
1511,2,12
3811,6,12
1799,2,12
2403,0,12
5197,0,12
877,4,12
1781,2,12
1667,2,12
1291,0,12
2119,2,12
3219,0,12
4241,0,12
1877,0,12
1895,0,12
3371,2,12
621,2,12
1437,2,12
1415,0,12
459,6,12
2073,0,12
1105,2,12
663,4,12
917,4,12
529,2,12
833,2,12
2581,2,12
425,4,12
481,2,12
899,0,12
663,2,12
1885,4,12
1671,0,12
999,4,12
395,2,12
2533,4,12
1913,2,12
2317,4,12
1253,2,12
547,4,12
693,2,12
1637,4,12
2927,0,12
1125,4,12
923,4,12
1673,2,12
3961,2,12
1389,2,12
445,8,12
1503,6,12
1033,4,12
1281,0,12
135,4,12
1083,0,12
779,2,12
1383,0,12
1929,6,12
1297,6,12
1551,4,12
2385,4,12
1539,0,12
331,2,12
703,2,12
517,2,12
2061,2,12
2001,4,12
443,4,12
575,2,12
2387,0,12
2493,2,12
933,2,12
1237,0,12
2373,2,12
2629,4,12
2417,2,12
425,2,12
497,4,12
2151,4,12
2551,2,12
2117,4,12
163,0,12
879,4,12
4409,2,12
1613,2,12
4653,2,12
2835,2,12
4953,2,12
1257,0,12
1279,2,12
1191,2,12
317,2,12
161,2,12
857,2,12
807,2,12
1073,0,12
1611,2,12
1141,2,12
457,2,12
771,4,12
1487,2,12
1657,0,12
247,0,12
247,2,12
2187,2,12
1543,0,12
211,2,12
3043,4,12
2237,2,12
1707,4,12
1277,2,12
1583,0,12
555,6,12
1147,0,12
139,2,12
665,0,12
643,6,12
235,2,12
1179,2,12
2419,0,12
4849,0,12
1503,2,12
4591,2,12
165,2,12
4521,2,12
3993,2,12
1889,2,12
4071,0,12
4437,2,12
1065,2,12
4927,0,12
3553,0,12
2967,2,12
1395,2,12
1475,0,12
2983,0,12
2267,4,12
1469,2,12
3227,2,12
3739,2,12
903,2,12
1721,0,12
2883,2,12
1499,0,12
2481,2,12
1613,4,12
2063,2,12
1995,4,12
3755,0,12
3975,0,12
2167,0,12
3063,4,12
311,4,12
2377,0,12
3219,4,12
2479,4,12
3941,0,12
2419,4,12
573,4,12
1365,2,12
2387,0,12
2427,6,12
1527,4,12
347,4,12
5023,2,12
6049,2,12
2753,2,12
615,2,12
937,0,12
229,2,12
233,2,12
285,4,12
449,2,12
521,0,12
973,6,12
1657,4,12
495,2,12
3327,4,12
1037,4,12
1835,2,12
817,2,12
4015,0,12
403,4,12
2489,2,12
2001,0,12
3041,2,12
3013,0,12
1571,2,12
3575,2,12
847,0,12
2699,2,12
3205,2,12
2153,0,12
1499,4,12
811,4,12
1429,2,12
2763,0,12
2979,2,12
255,2,12
3453,2,12
2007,4,12
1609,2,12
2099,2,12
2971,2,12
225,6,12
4233,0,12
3559,0,12
125,4,12
909,2,12
813,0,12
167,2,12
1173,2,12
695,4,12
461,4,12
469,2,12
23,0,12
4963,0,12
1061,2,12
739,0,12
999,0,12
2351,2,12
1685,0,12
205,2,12
699,2,12
4649,2,12
3305,2,12
5307,2,12
1203,2,12
2605,0,12
2193,2,12
1583,2,12
459,2,12
2261,2,12
449,4,12
547,2,12
209,6,12
1667,2,12
2391,0,12
899,2,12
1541,2,12
1697,0,12
2303,0,12
1589,0,12
1429,2,12
167,4,12
697,2,12
2323,0,12
251,4,12
999,2,12
43,6,12
1349,0,12
807,2,12
2991,0,12
2157,0,12
2577,2,12
847,0,12
1207,4,12
731,2,12
1101,0,12
805,2,12
869,2,12
571,2,12
573,4,12
847,0,12
1783,0,12
95,0,12
951,0,12
607,0,12
29,4,12
111,2,12
2811,0,12
211,0,12
237,2,12
35,0,12
319,0,12
253,2,12
195,2,12
149,2,12
131,0,12
967,2,12
583,2,12
407,2,12
177,4,12
183,2,12
129,0,12
1313,0,12
115,6,12
161,4,12
309,2,12
65,2,12
555,4,12
335,0,12
429,0,12
345,2,12
141,2,12
559,0,12
97,6,12
257,2,12
75,8,12
381,0,12
279,4,12
149,6,12
73,0,12
815,2,12
161,0,12
161,0,12
223,4,12
411,2,12
175,6,12
145,0,12
405,0,12
183,2,12
291,2,12
39,4,12
51,2,12
85,2,12
117,6,12
83,2,12
367,4,12
141,0,12
523,0,12
1083,2,12
327,0,12
901,0,12
269,2,12
181,0,12
57,2,12
207,2,12
109,0,12
409,2,12
81,4,12
721,2,12
99,0,12
689,2,12
145,0,12
327,0,12
693,2,12
185,0,12
349,4,12
113,0,12
519,2,12
619,2,12
619,2,12
131,6,12
1059,0,12
95,6,12
357,2,12
51,2,12
51,2,12
155,2,12
397,4,12
289,4,12
567,2,12
211,2,12
417,0,12
87,2,12
843,4,12
405,0,12
63,8,12
129,0,12
211,0,12
133,0,12
193,0,12
103,4,12
495,2,12
45,4,12
301,4,12
601,0,12
105,2,12
803,2,12
337,2,12
69,0,12
723,2,12
371,4,12
177,8,12
125,6,12
107,6,12
415,0,12
873,0,12
213,0,12
121,4,12
59,8,12
771,4,12
83,6,12
91,0,12
101,4,12
83,4,12
257,0,12
63,2,12
417,0,12
587,4,12
115,0,12
91,0,12
65,2,12
1099,4,12
775,0,12
99,2,12
853,6,12
135,2,12
105,0,12
1059,0,12
637,4,12
249,2,12
59,0,12
347,0,12
151,2,12
435,2,12
161,2,12
117,6,12
267,0,12
293,2,12
47,2,12
43,0,12
387,0,12
867,4,12
179,2,12
157,2,12
351,2,12
97,2,12
529,4,12
637,4,12
669,0,12
403,8,12
63,0,12
37,2,12
923,0,12
197,6,12
887,2,12
591,0,12
811,0,12
517,0,12
929,2,12
965,2,12
467,4,12
109,4,12
705,4,12
397,0,12
173,2,12
235,2,12
139,4,12
1185,0,12
167,2,12
333,2,12
91,2,12
217,2,12
913,0,12
713,2,12
101,4,12
37,2,12
39,10,12
45,8,12
65,8,12
63,2,12
531,0,12
99,0,12
257,0,12
41,6,12
565,2,12
223,6,12
697,0,12
913,0,12
477,0,12
819,4,12
57,6,12
121,4,12
83,6,12
569,2,12
569,2,12
345,2,12
681,2,12
207,2,12
181,2,12
605,2,12
139,0,12
215,2,12
129,4,12
245,0,12
569,2,12
873,0,12
413,0,12
619,2,12
4485,0,13
1403,2,13
4257,2,13
5113,0,13
2543,4,13
3783,0,13
7361,0,13
2009,6,13
3229,2,13
2507,4,13
3143,0,13
7405,2,13
3267,2,13
7405,2,13
5113,0,13
3235,6,13
1901,4,13
3779,0,13
2909,4,13
2309,2,13
3625,2,13
2633,2,13
5423,4,13
4839,2,13
2783,4,13
2979,2,13
3261,0,13
425,4,13
2175,2,13
881,4,13
2515,2,13
863,2,13
2897,2,13
1641,0,13
1075,2,13
6413,0,13
3667,4,13
2411,4,13
129,0,13
3993,0,13
2729,2,13
2693,2,13
3405,2,13
2705,4,13
4083,2,13
3979,6,13
6969,4,13
6969,4,13
5505,2,13
3743,0,13
3515,2,13
6307,0,13
6307,0,13
3989,0,13
5135,2,13
3127,2,13
3643,4,13
3205,4,13
1733,2,13
5223,0,13
5401,0,13
3581,0,13
1863,0,13
3707,2,13
5077,2,13
3493,0,13
3997,4,13
4767,6,13
1943,6,13
2869,0,13
4329,0,13
3597,0,13
1109,0,13
2523,2,13
3665,4,13
4135,4,13
4295,0,13
2783,2,13
4029,0,13
4163,2,13
1103,2,13
3335,2,13
10033,4,13
4299,0,13
6661,2,13
3255,2,13
983,4,13
401,4,13
1491,2,13
363,0,13
3337,2,13
2823,0,13
1449,2,13
2097,4,13
1933,4,13
3091,0,13
5169,4,13
1737,2,13
2235,2,13
8629,4,13
1937,2,13
2855,2,13
1735,4,13
2305,4,13
1933,4,13
1615,0,13
5197,2,13
5197,2,13
787,4,13
125,2,13
783,4,13
6333,0,13
5369,0,13
4681,2,13
673,2,13
889,0,13
429,2,13
2393,4,13
2117,2,13
3135,2,13
1785,0,13
4899,4,13
1263,2,13
3181,0,13
5119,0,13
951,4,13
3659,2,13
6979,2,13
5499,2,13
2523,2,13
3337,4,13
6313,0,13
9921,2,13
5019,2,13
3309,4,13
3371,0,13
1653,0,13
1143,2,13
1289,4,13
1303,0,13
2641,2,13
6595,2,13
2979,2,13
2779,2,13
1101,4,13
6155,2,13
5305,0,13
5505,0,13
2399,6,13
6463,2,13
4145,4,13
2689,4,13
9233,2,13
1431,4,13
6765,0,13
3537,2,13
3875,2,13
2125,0,13
6713,4,13
401,2,13
9869,0,13
2507,2,13
651,4,13
1809,4,13
1123,6,13
4425,0,13
3775,0,13
1219,2,13
6175,2,13
1871,2,13
4473,2,13
4899,0,13
5627,2,13
8843,0,13
10383,2,13
3119,0,13
3485,4,13
2927,2,13
3997,2,13
2213,0,13
1371,2,13
2087,0,13
947,2,13
2209,0,13
2309,4,13
3699,4,13
8193,0,13
4655,0,13
5189,0,13
3645,2,13
5531,0,13
11327,4,13
2381,0,13
1105,0,13
1869,0,13
4295,2,13
5845,0,13
3977,2,13
1815,4,13
1957,4,13
6689,2,13
1969,2,13
3571,0,13
2659,2,13
6983,2,13
3827,2,13
4063,2,13
6949,2,13
1763,2,13
2911,0,13
2937,6,13
993,4,13
1511,0,13
543,2,13
2543,2,13
3023,0,13
2793,2,13
2713,2,13
4787,2,13
171,2,13
305,0,13
6921,0,13
3867,2,13
6739,0,13
4493,0,13
1739,4,13
1871,0,13
2081,2,13
961,2,13
4805,0,13
1037,2,13
3033,2,13
2555,2,13
1605,4,13
2259,4,13
4425,6,13
2703,2,13
3647,0,13
5585,4,13
4317,0,13
9583,2,13
6497,0,13
4783,4,13
949,0,13
4639,0,13
5375,4,13
3661,2,13
5627,2,13
5781,0,13
11763,0,13
1725,4,13
2121,4,13
3787,0,13
2173,2,13
3015,0,13
4795,0,13
2097,2,13
6087,0,13
3875,2,13
4605,0,13
2561,2,13
1715,2,13
451,2,13
3701,2,13
7981,2,13
3713,2,13
3947,0,13
6005,2,13
7059,2,13
10095,0,13
973,0,13
6609,2,13
2625,2,13
3661,4,13
2275,2,13
147,2,13
1873,2,13
2485,4,13
1583,2,13
4707,4,13
4667,4,13
1431,2,13
5547,2,13
3477,2,13
2107,2,13
2621,0,13
779,6,13
929,4,13
3049,0,13
1101,4,13
1653,6,13
1829,2,13
2031,6,13
73,8,13
387,6,13
1631,4,13
991,2,13
529,4,13
4911,2,13
8049,2,13
8423,6,13
889,4,13
229,0,13
151,2,13
7199,0,13
171,0,13
4473,6,13
9351,2,13
1897,4,13
4015,2,13
427,6,13
1549,4,13
2259,2,13
3653,0,13
6051,2,13
5917,6,13
9943,4,13
2799,0,13
397,0,13
4425,0,13
1079,4,13
6217,0,13
5403,2,13
5475,0,13
1241,6,13
669,4,13
287,4,13
2267,6,13
8679,6,13
2023,6,13
1129,6,13
333,6,13
1769,4,13
5889,2,13
1181,0,13
1835,2,13
3905,4,13
2647,0,13
391,6,13
1379,2,13
1045,0,13
1725,4,13
2889,2,13
3311,2,13
5737,4,13
2409,6,13
3491,4,13
3865,0,13
5377,0,13
2393,0,13
2145,2,13
6001,0,13
2761,0,13
2721,2,13
8541,2,13
1175,2,13
8331,2,13
743,2,13
797,0,13
975,2,13
3861,2,13
219,4,13
8047,0,13
7179,2,13
1559,0,13
8329,2,13
8659,2,13
2365,0,13
4273,4,13
3157,0,13
4325,2,13
2697,2,13
4111,2,13
2689,2,13
5401,4,13
2455,2,13
6129,0,13
14443,2,13
1435,2,13
4549,2,13
4821,2,13
1163,0,13
339,4,13
1757,2,13
10309,2,13
3669,0,13
785,4,13
3959,2,13
7109,0,13
7373,2,13
4833,0,13
7667,2,13
6047,0,13
4647,2,13
6739,2,13
1119,2,13
2279,6,13
3397,0,13
1489,0,13
4937,4,13
6223,4,13
1701,0,13
8639,0,13
5187,2,13
1999,0,13
15425,2,13
7587,2,13
3503,2,13
10429,2,13
3825,2,13
6989,2,13
1595,0,13
1681,2,13
1661,2,13
7067,0,13
869,4,13
10813,2,13
7033,0,13
5425,2,13
1491,2,13
11953,2,13
7719,0,13
3639,4,13
1131,4,13
6061,4,13
9413,0,13
10021,0,13
911,2,13
1653,6,13
2155,0,13
867,4,13
1715,2,13
9221,2,13
593,2,13
11583,0,13
11275,0,13
4195,6,13
1713,4,13
8173,0,13
4165,4,13
7371,2,13
5489,0,13
5905,2,13
1557,4,13
2273,2,13
7015,0,13
6175,2,13
6341,0,13
1709,2,13
4009,0,13
3485,8,13
2103,6,13
4597,4,13
7719,0,13
541,4,13
7261,2,13
2103,0,13
4459,4,13
6499,4,13
5681,2,13
3669,2,13
12037,0,13
1779,6,13
4719,2,13
7183,2,13
3647,2,13
361,6,13
4661,6,13
9141,6,13
7249,2,13
8043,0,13
7333,0,13
2919,4,13
4517,2,13
295,6,13
8565,2,13
1029,2,13
2351,6,13
1505,0,13
2475,2,13
5363,2,13
1013,6,13
3833,0,13
637,4,13
4893,4,13
7551,0,13
1449,4,13
237,2,13
2471,4,13
4707,2,13
5801,2,13
5081,0,13
4403,2,13
1545,2,13
4239,0,13
5843,6,13
3805,2,13
1713,4,13
6181,2,13
1743,4,13
1809,4,13
6479,2,13
5253,2,13
6279,2,13
5063,0,13
5759,0,13
7991,0,13
3359,4,13
4261,2,13
4361,4,13
6071,2,13
1433,6,13
267,2,13
1249,4,13
8825,0,13
75,10,13
371,6,13
213,8,13
8123,0,13
9791,0,13
8759,4,13
3319,4,13
1639,2,13
8421,2,13
2477,4,13
2353,6,13
2835,8,13
1617,2,13
995,6,13
2871,6,13
2061,4,13
603,8,13
29,2,13
69,10,13
21,10,13
609,4,13
457,4,13
595,2,13
949,4,13
295,2,13
655,4,13
839,4,13
543,0,13
955,0,13
1753,4,13
459,2,13
3677,0,13
1131,2,13
1825,2,13
1633,2,13
821,4,13
143,2,13
149,4,13
619,4,13
369,2,13
1067,2,13
483,4,13
425,4,13
165,0,13
291,6,13
283,2,13
439,2,13
1233,2,13
465,0,13
269,4,13
291,0,13
987,2,13
463,6,13
411,6,13
1589,2,13
2089,4,13
385,2,13
1965,2,13
1077,6,13
1323,2,13
1277,2,13
1123,2,13
305,6,13
789,2,13
363,4,13
1405,4,13
357,6,13
901,0,13
1947,2,13
537,0,13
459,4,13
441,4,13
855,4,13
845,2,13
963,2,13
269,2,13
619,0,13
57,2,13
443,2,13
163,6,13
927,2,13
107,6,13
713,4,13
917,2,13
825,2,13
213,0,13
395,4,13
613,4,13
965,6,13
295,0,13
353,8,13
435,2,13
1309,2,13
919,2,13
807,0,13
1143,2,13
213,0,13
1281,2,13
273,2,13
91,2,13
207,0,13
427,4,13
583,0,13
343,6,13
539,4,13
247,2,13
219,2,13
429,0,13
1041,2,13
249,8,13
79,0,13
105,4,13
1795,2,13
1361,2,13
495,2,13
291,0,13
203,0,13
277,0,13
2115,2,13
1289,2,13
1189,2,13
829,6,13
1337,2,13
1677,2,13
1761,4,13
569,2,13
301,0,13
273,2,13
951,6,13
89,4,13
263,2,13
797,2,13
1253,4,13
1443,2,13
161,6,13
6555,2,14
7701,4,14
14695,0,14
13659,2,14
8107,2,14
3553,2,14
4969,0,14
7149,4,14
5901,2,14
12245,0,14
3131,0,14
9249,2,14
4929,6,14
8467,2,14
2055,6,14
3479,4,14
11493,2,14
6867,0,14
5987,4,14
4495,2,14
3101,4,14
13987,0,14
11725,2,14
3323,2,14
4285,2,14
10375,2,14
4127,4,14
15317,4,14
4529,0,14
3063,4,14
5645,6,14
2949,2,14
4675,4,14
4359,0,14
19963,0,14
15417,2,14
3305,0,14
10445,2,14
4317,4,14
6127,2,14
1781,2,14
2655,2,14
7297,2,14
12137,0,14
2959,2,14
11431,0,14
26561,2,14
6771,2,14
25403,2,14
16033,2,14
5373,6,14
4951,4,14
3999,0,14
2279,2,14
19393,2,14
17631,2,14
14563,4,14
14467,0,14
6291,0,14
17999,0,14
6887,2,14
18993,0,14
13823,2,14
9803,2,14
8669,4,14
5595,2,14
9717,4,14
4991,6,14
15063,0,14
9495,0,14
20125,4,14
12315,2,14
7855,2,14
6395,2,14
6679,4,14
10135,0,14
10587,2,14
13647,0,14
13025,2,14
6529,4,14
17713,2,14
4377,2,14
2473,4,14
10507,4,14
6927,0,14
6901,2,14
9535,2,14
14705,0,14
23621,2,14
4187,6,14
5649,0,14
12351,0,14
5119,2,14
5105,2,14
4523,4,14
13241,2,14
6571,6,14
9941,2,14
9709,0,14
7959,4,14
6709,2,14
11365,2,14
5551,2,14
7465,2,14
21595,0,14
4955,4,14
4029,2,14
8105,6,14
5371,6,14
10325,0,14
493,6,14
11449,2,14
6509,2,14
6451,0,14
5977,4,14
13483,2,14
8193,0,14
2247,4,14
7551,2,14
5465,4,14
18159,2,14
14311,2,14
18773,2,14
4587,4,14
16901,2,14
18345,2,14
5105,2,14
4193,4,14
14875,2,14
569,6,14
15405,2,14
1775,0,14
681,6,14
1661,4,14
6731,2,14
5499,2,14
8417,4,14
8841,0,14
6391,6,14
1345,2,14
11943,0,14
4621,6,14
8485,2,14
9011,2,14
6743,2,14
10105,0,14
5105,2,14
5237,0,14
12165,2,14
12755,0,14
4987,0,14
3447,4,14
8065,2,14
3851,2,14
12271,0,14
16611,6,14
11941,6,14
12679,2,14
7825,2,14
1097,2,14
13487,2,14
23963,0,14
9899,4,14
9369,0,14
15245,0,14
18487,0,14
5925,4,14
7079,2,14
17117,2,14
9711,2,14
3893,4,14
13333,4,14
13201,4,14
2511,2,14
13917,6,14
6283,0,14
7641,4,14
939,2,14
11415,4,14
1537,8,14
5875,6,14
725,2,14
9897,0,14
5737,0,14
8125,2,14
1177,2,14
15827,4,14
4083,2,14
8343,2,14
3915,4,14
9315,2,14
19787,2,14
18099,0,14
7965,6,14
11407,2,14
4781,4,14
8953,2,14
9655,2,14
14857,0,14
6911,0,14
8273,2,14
26727,2,14
12795,2,14
11381,2,14
12119,0,14
7897,2,14
1943,8,14
8297,2,14
13517,2,14
15223,4,14
15319,4,14
18109,2,14
17017,2,14
11801,2,14
3007,4,14
7607,0,14
12053,0,14
5729,2,14
6945,4,14
20183,2,14
20455,2,14
1077,6,14
1149,2,14
1715,0,14
3231,2,14
1517,6,14
1121,8,14
185,0,14
5107,4,14
1031,6,14
9271,2,14
3729,2,14
3435,0,14
6679,4,14
12521,8,14
4413,2,14
2235,4,14
7041,4,14
3789,4,14
9589,2,14
233,6,14
24723,2,14
25725,2,14
5655,0,14
20127,0,14
5303,4,14
19975,0,14
16331,4,14
20649,0,14
5839,2,14
1735,4,14
8085,0,14
28827,0,14
12381,0,14
11047,2,14
6301,2,14
8851,8,14
33819,2,14
10203,4,14
4885,0,14
2147,0,14
9565,6,14
12887,6,14
1877,4,14
12745,2,14
9335,0,14
19967,2,14
7749,0,14
6425,2,14
10943,2,14
13843,2,14
6123,4,14
6347,6,14
3485,8,14
6327,4,14
3765,0,14
19927,0,14
11861,4,14
8177,2,14
6217,4,14
8865,2,14
897,4,14
559,2,14
31109,0,14
22547,0,14
4699,2,14
3599,2,14
21119,2,14
8705,4,14
10511,2,14
9833,4,14
9067,2,14
7301,0,14
11879,0,14
9261,0,14
6391,2,14
11729,2,14
3843,2,14
2345,0,14
10537,0,14
3597,2,14
5679,2,14
2233,2,14
5539,4,14
8845,2,14
1629,8,14
10067,2,14
6711,8,14
18297,2,14
10831,2,14
3571,4,14
5157,0,14
10687,2,14
3851,2,14
8511,0,14
9903,2,14
6603,4,14
11623,0,14
5553,2,14
3097,0,14
7335,0,14
3039,2,14
4887,0,14
1663,2,14
3551,2,14
6037,6,14
7203,0,14
17833,4,14
7151,0,14
6029,4,14
7319,0,14
7867,0,14
4451,0,14
749,0,14
37,4,14
8215,2,14
785,4,14
5639,0,14
247,2,14
221,4,14
1297,4,14
2437,4,14
2707,2,14
2113,4,14
1181,0,14
1843,2,14
3561,2,14
2103,2,14
3413,0,14
2667,2,14
2051,0,14
2453,4,14
3657,2,14
3225,2,14
3353,2,14
1887,0,14
2465,4,14
1041,0,14
3253,2,14
1853,4,14
4451,4,14
2755,4,14
143,0,14
1675,2,14
4155,2,14
1951,0,14
5457,0,14
1075,2,14
1395,0,14
2337,2,14
1753,2,14
725,2,14
1637,2,14
1003,4,14
543,2,14
905,0,14
2963,4,14
639,2,14
1677,0,14
4249,2,14
541,0,14
1975,8,14
631,2,14
137,8,14
2487,2,14
1487,0,14
3307,2,14
1061,2,14
1169,0,14
3625,0,14
485,2,14
1667,4,14
347,8,14
1825,6,14
205,0,14
827,2,14
499,4,14
1267,2,14
393,2,14
179,6,14
291,0,14
2713,4,14
1655,2,14
2867,0,14
2057,2,14
1187,2,14
1815,0,14
221,8,14
1713,2,14
1403,2,14
2157,0,14
2481,2,14
1379,0,14
1523,4,14
1403,2,14
619,0,14
3023,0,14
2349,0,14
2449,4,14
937,6,14
2681,0,14
1303,2,14
1029,0,14
1921,0,14
1549,0,14
5089,0,14
867,8,14
1317,4,14
1317,2,14
2583,4,14
631,0,14
2359,2,14
1977,0,14
3471,2,14
3417,2,14
1997,0,14
2259,8,14
1479,4,14
1583,0,14
697,4,14
2299,2,14
2827,4,14
409,2,14
1189,4,14
3679,0,14
1389,4,14
4533,2,14
2255,0,14
827,2,14
1373,4,14
1885,2,14
2219,2,14
2439,4,14
1113,0,14
8101,2,14
3785,2,14
3625,4,14
2017,6,14
1491,8,14
3311,4,14
1371,0,14
3071,2,14
1421,0,14
1105,2,14
1291,4,14
269,2,14
177,8,14
1193,0,14
915,4,14
2093,0,14
1771,4,14
2481,4,14
1385,4,14
2013,2,14
559,2,14
331,2,14
2473,2,14
2105,2,14
215,0,14
881,2,14
1897,2,14
255,0,14
1241,0,14
1049,4,14
653,8,14
361,2,14
3825,6,14
1203,6,14
643,0,14
355,2,14
3467,2,14
1589,4,14
281,8,14
865,0,14
2397,2,14
2491,4,14
583,4,14
3347,0,14
827,4,14
957,4,14
1433,2,14
1373,2,14
525,6,14
2933,2,14
1671,0,14
1285,0,14
4837,2,14
535,4,14
485,2,14
1625,4,14
5285,4,14
489,2,14
4271,2,14
2611,2,14
2129,0,14
3713,0,14
877,0,14
1195,2,14
1155,2,14
1747,0,14
1501,0,14
3833,0,14
569,2,14
1013,4,14
917,4,14
1839,2,14
3423,2,14
2715,2,14
709,2,14
643,4,14
157,4,14
567,0,14
715,2,14
1021,4,14
3917,2,14
2137,2,14
4605,0,14
1317,2,14
1069,4,14
801,6,14
6189,2,14
109,2,14
2271,4,14
503,0,14
253,8,14
1239,0,14
687,2,14
339,6,14
1053,0,14
105,8,14
2935,6,14
1865,4,14
1071,2,14
3891,4,14
1081,2,14
1263,2,14
893,0,14
1711,2,14
3329,4,14
2689,2,14
783,2,14
1641,2,14
577,4,14
2735,0,14
535,2,14
2853,4,14
499,0,14
3725,2,14
4111,4,14
4111,4,14
313,2,14
2151,4,14
2655,2,14
651,2,14
983,2,14
257,2,14
423,0,14
2075,4,14
349,4,14
1041,2,14
1561,4,14
61,2,14
511,2,14
497,0,14
3263,0,14
1029,2,14
2101,0,14
2451,0,14
1595,2,14
255,0,14
189,2,14
2039,2,14
1457,6,14
8059,0,14
2783,4,14
2331,0,14
1537,0,14
5721,2,14
5635,2,14
1617,2,14
4743,2,14
1461,0,14
1501,4,14
409,2,14
1303,2,14
5573,0,14
1611,4,14
409,0,14
3985,0,14
285,2,14
283,0,14
1769,4,14
1047,0,14
3071,0,14
1837,0,14
1977,4,14
2609,0,14
573,0,14
1189,0,14
255,6,14
3063,4,14
1305,4,14
551,0,14
2485,4,14
821,2,14
585,2,14
2487,4,14
973,6,14
581,6,14
2279,2,14
1255,2,14
3721,2,14
721,2,14
1617,0,14
999,2,14
1507,4,14
2083,0,14
2053,2,14
1813,0,14
3663,4,14
1197,4,14
1899,2,14
5397,2,14
1085,4,14
321,0,14
1577,2,14
1977,4,14
5617,2,14
1481,2,14
4837,2,14
929,2,14
1693,2,14
1755,0,14
571,0,14
389,4,14
469,2,14
2625,4,14
2915,2,14
469,0,14
2625,2,14
2383,4,14
277,6,14
971,0,14
3359,2,14
3481,2,14
799,4,14
3015,0,14
3803,2,14
2515,2,14
1415,4,14
1785,0,14
685,6,14
1065,6,14
1351,0,14
295,8,14
547,10,14
1753,0,14
377,8,14
309,4,14
1609,4,14
981,8,14
1669,0,14
501,10,14
1789,4,14
3237,0,14
151,6,14
2589,2,14
1425,6,14
1295,4,14
2421,2,14
1137,2,14
141,0,14
585,2,14
535,0,14
2133,2,14
4201,2,14
741,6,14
675,0,14
621,6,14
5371,4,14
19885,0,15
34531,0,15
9485,2,15
4115,4,15
16435,0,15
6085,0,15
20883,2,15
12187,4,15
6551,4,15
5817,2,15
9731,4,15
16355,2,15
10209,6,15
12717,2,15
7803,2,15
22763,2,15
26155,4,15
26155,4,15
29865,0,15
1869,6,15
26703,2,15
22431,2,15
17119,0,15
17265,2,15
39709,2,15
33569,4,15
4811,6,15
31539,2,15
29751,8,15
31557,4,15
38759,2,15
14601,4,15
7059,6,15
20773,2,15
31319,2,15
35515,0,15
4263,6,15
6405,2,15
8681,0,15
21363,0,15
38861,4,15
9309,0,15
2989,6,15
28389,2,15
28677,0,15
1813,4,15
12787,2,15
1011,2,15
27769,0,15
23563,2,15
13965,2,15
1933,6,15
19347,4,15
10823,2,15
6017,4,15
31307,2,15
5327,4,15
8103,2,15
15309,4,15
44891,4,15
26323,2,15
35283,4,15
22667,0,15
12627,4,15
17877,0,15
25709,2,15
17499,2,15
28571,2,15
15477,0,15
46535,0,15
12091,2,15
23375,2,15
11997,4,15
42233,2,15
46659,0,15
13157,2,15
28847,6,15
6065,2,15
20985,2,15
19349,2,15
6755,6,15
13225,0,15
10145,4,15
4987,4,15
28681,0,15
9421,2,15
18557,2,15
13561,2,15
19155,0,15
18175,2,15
31701,0,15
16777,6,15
13269,4,15
8783,4,15
367,2,15
37969,0,15
20275,4,15
22101,2,15
50851,0,15
18045,2,15
13407,0,15
20545,0,15
20361,2,15
28763,0,15
30609,2,15
1625,6,15
21833,0,15
2629,10,15
2629,10,15
12623,2,15
36457,0,15
12449,2,15
3679,6,15
14455,2,15
35273,4,15
39479,0,15
20945,0,15
24473,2,15
20047,2,15
2973,2,15
13583,2,15
43877,4,15
13467,0,15
24511,4,15
7239,2,15
21779,2,15
20533,4,15
11923,4,15
10877,6,15
7029,2,15
21865,2,15
11947,2,15
26861,2,15
19637,2,15
31463,2,15
13487,0,15
22655,2,15
43351,2,15
27541,4,15
7319,2,15
8863,4,15
7083,0,15
50515,2,15
1613,4,15
9829,0,15
14889,2,15
3079,4,15
21123,2,15
2265,4,15
20923,2,15
9027,2,15
21711,0,15
31161,4,15
8311,4,15
18421,4,15
30187,0,15
32963,2,15
3995,6,15
25493,2,15
18971,0,15
8533,2,15
18931,2,15
13873,4,15
33727,4,15
8475,6,15
9151,0,15
9231,2,15
34743,0,15
8075,6,15
3677,2,15
1949,4,15
14843,2,15
1881,2,15
11025,2,15
11761,4,15
14753,0,15
10905,2,15
21247,2,15
19789,2,15
18647,0,15
6629,2,15
26719,2,15
5671,0,15
27777,2,15
21129,4,15
22871,2,15
13905,6,15
6535,6,15
17563,2,15
12889,4,15
36787,2,15
23795,0,15
4005,0,15
16313,4,15
26279,4,15
21869,0,15
17701,2,15
13623,2,15
28613,2,15
27253,2,15
17157,2,15
15133,6,15
20117,4,15
15215,0,15
37391,2,15
45175,2,15
25083,0,15
64783,2,15
28271,2,15
10905,0,15
13067,6,15
19761,2,15
12243,4,15
909,0,15
5741,4,15
32151,0,15
26339,4,15
22867,4,15
9393,2,15
6085,4,15
9505,6,15
9779,2,15
31245,4,15
17721,0,15
15429,2,15
24559,2,15
52423,6,15
7327,2,15
22397,2,15
26605,2,15
21587,4,15
32381,2,15
22825,2,15
12871,6,15
8669,4,15
36609,4,15
46069,0,15
31547,2,15
5025,4,15
8481,4,15
3785,6,15
8009,6,15
25683,2,15
35741,2,15
8451,2,15
21981,4,15
5863,2,15
3615,4,15
6829,4,15
19969,0,15
21807,2,15
34763,6,15
17543,4,15
9607,4,15
32597,8,15
17157,2,15
14129,0,15
5625,6,15
2393,6,15
2933,4,15
11193,2,15
367,2,15
21467,2,15
14759,2,15
20627,2,15
14375,2,15
19553,4,15
6423,2,15
23475,0,15
10259,2,15
5477,2,15
6931,2,15
38203,2,15
15913,0,15
11193,2,15
4573,6,15
8521,4,15
70159,2,15
15963,0,15
21003,0,15
22845,0,15
12581,0,15
23903,2,15
16229,2,15
28333,2,15
41183,0,15
48509,0,15
67309,2,15
58189,2,15
20373,0,15
31099,2,15
17381,2,15
25401,4,15
45501,2,15
29751,0,15
31923,0,15
27915,2,15
49913,2,15
39457,0,15
18715,4,15
25119,2,15
17643,4,15
60869,0,15
2749,2,15
4191,6,15
22943,2,15
839,6,15
6699,2,15
13375,4,15
15791,4,15
32555,2,15
26523,2,15
4743,0,15
12791,2,15
34663,2,15
19797,0,15
20453,0,15
30445,0,15
32659,2,15
30021,4,15
43453,2,15
19991,4,15
11943,4,15
12595,0,15
9495,4,15
7821,0,15
5529,2,15
8289,2,15
22537,4,15
15839,2,15
36165,2,15
14933,2,15
13757,4,15
33559,2,15
30513,2,15
39147,2,15
46165,6,15
26593,2,15
17155,2,15
34271,4,15
11513,0,15
10467,2,15
36469,0,15
13275,0,15
39833,2,15
17215,4,15
46449,2,15
36407,0,15
14109,2,15
10035,2,15
20869,2,15
6799,2,15
21193,0,15
14317,0,15
6045,2,15
5713,2,15
5367,2,15
34905,2,15
28183,4,15
31051,4,15
14613,2,15
13663,0,15
18245,0,15
7037,0,15
35245,6,15
7843,0,15
10333,0,15
10627,4,15
24339,2,15
9117,6,15
23439,2,15
10423,2,15
1989,4,15
27513,2,15
8399,10,15
27475,4,15
37645,0,15
39635,2,15
13809,2,15
42487,2,15
44149,0,15
6463,8,15
7749,2,15
14041,2,15
10435,2,15
5627,6,15
12377,4,15
44593,2,15
8549,0,15
96847,2,15
32509,2,15
24361,2,15
29109,2,15
19003,0,15
67687,0,15
8351,4,15
19613,2,15
14287,6,15
44361,0,15
5489,2,15
16457,2,15
44511,0,15
37371,2,15
59407,2,15
10925,0,15
24669,2,15
31765,0,15
23603,4,15
21517,2,15
39289,4,15
31139,0,15
15375,0,15
51809,2,15
69367,2,15
6361,6,15
22919,2,15
6597,6,15
47013,0,15
19393,4,15
8243,0,15
103339,0,15
12667,0,15
19871,2,15
9267,0,15
10679,4,15
42215,0,15
39089,2,15
21157,0,15
45873,2,15
34395,0,15
7533,4,15
12451,2,15
6379,6,15
3579,4,15
20913,4,15
26107,4,15
9889,4,15
59655,0,15
40591,0,15
32609,0,15
2013,0,15
5095,2,15
4301,8,15
24977,0,15
14481,6,15
17593,4,15
17345,0,15
25501,0,15
48363,2,15
37231,4,15
7773,2,15
18241,2,15
12323,0,15
27907,4,15
3697,0,15
7383,0,15
17937,6,15
6045,4,15
21577,4,15
35929,2,15
47659,2,15
41393,0,15
17059,2,15
18485,0,15
5699,4,15
6213,2,15
43767,2,15
39319,4,15
33003,2,15
23883,0,15
17291,0,15
1813,4,15
39697,4,15
32541,6,15
84549,0,15
7873,4,15
9627,2,15
21943,6,15
11427,6,15
46035,0,15
4733,2,15
9097,2,15
14997,2,15
16623,0,15
3301,4,15
4725,0,15
10277,2,15
10327,4,15
16935,0,15
2615,0,15
37955,2,15
9,14,15
3673,0,15
7911,2,15
7439,0,15
5645,0,15
5587,0,15
3621,0,15
3063,2,15
3655,2,15
4089,4,15
5031,4,15
8747,2,15
5457,0,15
1909,6,15
4679,0,15
709,6,15
2949,0,15
2423,2,15
1497,0,15
1329,0,15
1073,2,15
187,4,15
2605,4,15
4993,0,15
7377,4,15
2215,2,15
5677,0,15
3775,0,15
1533,4,15
7679,0,15
715,2,15
2145,2,15
2683,4,15
5803,2,15
3445,2,15
2609,4,15
3643,4,15
11307,0,15
2425,4,15
1647,2,15
3201,0,15
2797,2,15
6643,2,15
1941,6,15
1927,4,15
1911,2,15
1361,2,15
949,2,15
1127,0,15
10779,0,15
2159,0,15
689,2,15
443,2,15
43,0,15
3831,2,15
4933,0,15
3801,2,15
4665,2,15
3909,2,15
1683,2,15
5671,2,15
1935,8,15
219,0,15
1237,2,15
3385,4,15
5571,4,15
3385,4,15
5875,4,15
10087,0,15
3685,0,15
5401,0,15
747,2,15
379,0,15
3133,4,15
8511,4,15
2969,2,15
3103,0,15
3763,2,15
1611,0,15
1215,4,15
965,6,15
2601,0,15
2023,0,15
3545,6,15
2093,2,15
13993,4,15
7433,4,15
5697,2,15
1947,6,15
5007,2,15
1415,2,15
3663,0,15
8207,2,15
2537,2,15
4853,6,15
10635,0,15
11379,4,15
3567,0,15
451,2,15
1495,2,15
11105,0,15
4869,2,15
16249,2,15
12073,6,15
14309,2,15
6577,4,15
3833,4,15
2687,6,15
6647,4,15
2429,2,15
1801,2,15
2419,0,15
4137,0,15
815,2,15
8857,2,15
899,4,15
3371,2,15
4829,2,15
6843,4,15
3163,2,15
3065,6,15
3343,6,15
2003,4,15
2901,8,15
3689,2,15
8547,0,15
5277,2,15
1785,2,15
8547,0,15
8061,2,15
2373,2,15
7367,2,15
1085,2,15
2707,0,15
721,2,15
1323,4,15
925,4,15
3603,2,15
1589,0,15
8637,2,15
1889,0,15
4087,2,15
6697,2,15
4525,4,15
1497,0,15
5537,0,15
7087,0,15
6513,2,15
2625,0,15
709,6,15
3329,2,15
879,2,15
695,6,15
1979,2,15
6329,2,15
1431,2,15
1243,0,15
669,2,15
2645,4,15
2919,4,15
12279,2,15
12619,4,15
2737,8,15
9965,2,15
5283,6,15
1379,2,15
5833,4,15
6921,0,15
1757,4,15
4523,0,15
4817,4,15
623,0,15
1281,0,15
1149,6,15
421,4,15
813,6,15
1603,0,15
413,0,15
1363,0,15
1343,0,15
1681,2,15
1239,2,15
7857,2,15
241,2,15
3801,2,15
623,4,15
2213,8,15
1523,6,15
2585,0,15
1113,2,15
13567,2,15
4277,0,15
99,8,15
10387,4,15
2505,0,15
1277,2,15
6357,2,15
3519,2,15
2727,2,15
1829,2,15
971,6,15
9225,2,15
6069,2,15
8089,0,15
2859,0,15
6485,2,15
539,2,15
4781,4,15
3485,2,15
1013,4,15
3167,2,15
581,2,15
3771,2,15
1167,2,15
3423,0,15
1883,2,15
549,0,15
101,6,15
9177,0,15
2813,0,15
3617,4,15
4087,2,15
765,0,15
9655,0,15
2077,0,15
91,2,15
2071,2,15
9101,2,15
2515,2,15
985,4,15
1775,2,15
2943,0,15
2075,8,15
2787,6,15
7231,0,15
1357,2,15
4451,0,15
2965,0,15
1733,0,15
3385,0,15
4763,2,15
1941,2,15
7071,2,15
2249,4,15
4805,2,15
5323,0,15
2939,2,15
5277,2,15
1931,0,15
4887,4,15
1485,0,15
1335,6,15
6619,4,15
2993,2,15
1775,0,15
5631,2,15
943,0,15
10651,4,15
1703,6,15
20081,4,16
32671,0,16
15447,2,16
10607,2,16
24115,4,16
28673,2,16
18417,4,16
29043,2,16
35629,2,16
60647,2,16
8161,6,16
29701,2,16
45311,2,16
14151,2,16
33879,4,16
3933,0,16
28033,2,16
29207,2,16
44683,6,16
58071,2,16
84299,4,16
23121,2,16
1561,0,16
24073,4,16
24593,2,16
39105,2,16
37055,2,16
43285,6,16
36103,0,16
68465,2,16
60147,8,16
78937,2,16
25907,6,16
24069,0,16
52287,2,16
7039,2,16
28503,0,16
36931,4,16
91339,2,16
70969,0,16
33041,0,16
33553,0,16
13901,0,16
18823,4,16
107063,0,16
67131,2,16
33183,2,16
24685,0,16
82351,0,16
58005,0,16
79845,2,16
63393,2,16
7907,10,16
36289,2,16
31471,2,16
22177,2,16
33799,4,16
40283,4,16
61747,0,16
18839,2,16
13789,2,16
10283,2,16
37367,4,16
66471,2,16
81259,2,16
26433,2,16
46061,2,16
10175,6,16
49229,4,16
44515,0,16
38979,2,16
13521,6,16
51065,6,16
78689,0,16
60743,2,16
22711,0,16
15457,6,16
20367,0,16
31267,2,16
51549,2,16
23375,4,16
13779,2,16
53831,2,16
46399,0,16
12827,8,16
23541,6,16
34297,2,16
37387,0,16
70839,0,16
36001,2,16
46551,6,16
29753,4,16
21655,0,16
21711,4,16
23847,6,16
34183,2,16
63323,0,16
6377,2,16
11807,2,16
21073,2,16
51527,4,16
67651,2,16
29429,0,16
39733,2,16
79553,2,16
10783,4,16
79131,0,16
47671,4,16
18147,2,16
69351,6,16
40459,0,16
46675,2,16
33481,2,16
19951,4,16
30219,2,16
80481,2,16
51523,0,16
81815,2,16
57345,0,16
33015,0,16
20191,2,16
33669,4,16
25023,2,16
26647,2,16
42385,2,16
12615,6,16
11753,4,16
42249,4,16
52431,0,16
71299,2,16
20253,4,16
24649,0,16
14815,0,16
63071,2,16
46769,2,16
30769,2,16
29535,0,16
55487,0,16
35181,0,16
10491,2,16
61537,0,16
11717,2,16
69943,0,16
100701,4,16
92911,4,16
74305,0,16
41403,4,16
18281,2,16
34169,4,16
43987,2,16
20321,4,16
10895,4,16
7793,0,16
35307,2,16
18305,8,16
57749,2,16
124753,2,16
57329,0,16
99245,2,16
26555,4,16
39533,0,16
6883,2,16
18637,2,16
32547,0,16
65339,4,16
111277,2,16
17909,6,16
47537,0,16
6419,6,16
25495,4,16
74875,0,16
76163,0,16
74497,2,16
52149,4,16
59037,2,16
169717,2,16
13771,4,16
38871,2,16
44175,0,16
106805,4,16
89239,2,16
23645,2,16
35095,4,16
21767,2,16
45757,2,16
59291,4,16
23431,2,16
66759,0,16
50931,0,16
16503,4,16
62701,2,16
6111,0,16
32027,4,16
89777,0,16
62901,4,16
8591,4,16
44739,2,16
35053,4,16
28423,2,16
24535,6,16
78419,4,16
41719,6,16
44189,2,16
34157,6,16
34525,0,16
30627,2,16
10679,6,16
64007,2,16
33903,2,16
35071,2,16
42311,2,16
22141,0,16
39847,0,16
59977,6,16
23431,0,16
87327,0,16
40273,2,16
36349,0,16
12113,4,16
44677,4,16
30805,4,16
3107,4,16
82029,0,16
3091,6,16
35263,2,16
48817,6,16
73229,2,16
69761,4,16
34663,4,16
47347,0,16
9767,2,16
71843,2,16
90697,2,16
75593,2,16
74129,2,16
93487,0,16
9949,4,16
76127,0,16
53299,0,16
26129,0,16
108649,2,16
71189,2,16
27575,0,16
41463,4,16
37455,2,16
14741,4,16
42791,2,16
49721,2,16
71859,2,16
33673,4,16
60283,0,16
38043,2,16
28257,2,16
132403,2,16
89349,4,16
85173,0,16
20545,4,16
116633,2,16
18001,4,16
34315,0,16
140531,2,16
53431,4,16
19743,2,16
33915,0,16
28263,6,16
15223,2,16
1431,4,16
37931,4,16
41927,4,16
15643,6,16
13059,4,16
49339,0,16
76933,2,16
35439,0,16
47965,4,16
26117,2,16
24005,4,16
204405,2,16
107639,0,16
34291,2,16
55163,2,16
41153,2,16
82321,0,16
44739,2,16
81133,2,16
8293,6,16
55311,4,16
53519,4,16
447,8,16
3677,4,16
111687,2,16
5227,4,16
16211,4,16
3515,4,16
525,2,16
27333,2,16
34555,2,16
52941,2,16
25801,8,16
65091,2,16
50189,2,16
78159,0,16
15373,2,16
23617,4,16
39269,10,16
27785,4,16
81383,2,16
43063,2,16
33607,6,16
1591,2,16
49561,0,16
52295,6,16
21073,4,16
38045,2,16
58043,2,16
53317,4,16
25317,8,16
10753,6,16
155181,0,16
2957,0,16
47979,0,16
63269,2,16
33117,4,16
63745,4,16
3429,4,16
4579,8,16
82025,0,16
71931,0,16
45877,2,16
87433,4,16
217819,4,16
25689,4,16
32799,6,16
35533,2,16
72483,2,16
60065,2,16
47131,0,16
57579,2,16
100547,0,16
18643,2,16
1385,6,16
26143,6,16
89851,4,16
53883,4,16
129583,2,16
141739,0,16
83969,4,16
34367,2,16
26395,2,16
38361,0,16
16789,6,16
190975,0,16
45469,2,16
94947,2,16
14581,4,16
70183,0,16
101099,4,16
141477,0,16
63359,2,16
75995,2,16
44291,6,16
70731,2,16
16903,4,16
3585,4,16
34277,2,16
6637,4,16
25861,2,16
12435,2,16
94943,2,16
23027,0,16
58173,6,16
27365,2,16
34551,6,16
105047,2,16
45465,4,16
114615,4,16
102205,2,16
51645,2,16
16397,2,16
9033,0,16
11191,4,16
23977,0,16
22283,4,16
73853,0,16
105681,4,16
55541,6,16
30473,0,16
33439,4,16
112649,2,16
70999,0,16
106081,2,16
72705,2,16
132463,4,16
25281,8,16
77907,4,16
7241,2,16
24677,0,16
811,2,16
1853,8,16
3959,8,16
3591,2,16
15801,2,16
97243,2,16
35253,4,16
19383,4,16
9061,4,16
30789,4,16
74847,4,16
3447,2,16
38023,4,16
1745,6,16
13853,4,16
17125,0,16
24247,2,16
36439,0,16
47031,0,16
17697,4,16
52227,0,16
1361,0,16
95795,4,16
25767,6,16
54851,4,16
4525,6,16
40375,0,16
18601,2,16
63357,2,16
9359,2,16
98635,2,16
29189,0,16
23683,2,16
25063,0,16
22515,0,16
3309,0,16
3019,0,16
1185,2,16
28529,4,16
6069,4,16
5415,6,16
13077,0,16
895,2,16
8633,0,16
2279,0,16
5503,4,16
8855,0,16
4651,2,16
2455,0,16
5269,0,16
16103,2,16
1683,2,16
7073,2,16
5091,6,16
6979,4,16
5853,4,16
3385,2,16
9147,0,16
28929,2,16
18473,2,16
8789,2,16
2525,4,16
14819,0,16
3585,4,16
19483,0,16
4357,4,16
3519,6,16
15235,2,16
5913,0,16
3967,2,16
2579,4,16
2895,4,16
1309,0,16
4237,4,16
461,8,16
3139,4,16
9037,2,16
4623,2,16
13025,2,16
2609,10,16
5481,6,16
17691,4,16
8145,2,16
13355,2,16
7199,6,16
4511,4,16
5017,0,16
11221,4,16
3121,2,16
5451,2,16
13133,0,16
12925,6,16
8475,2,16
11819,4,16
3701,6,16
8191,6,16
2305,2,16
18707,4,16
3611,0,16
13599,2,16
6291,0,16
4189,2,16
5575,2,16
8707,2,16
5597,2,16
10289,2,16
2189,4,16
1061,0,16
8555,2,16
30021,4,16
6247,0,16
25889,2,16
21401,4,16
6971,0,16
3691,2,16
3373,4,16
6799,4,16
19169,0,16
8773,0,16
2729,2,16
4563,2,16
8735,4,16
27103,2,16
16349,6,16
2235,4,16
4133,2,16
7341,6,16
10879,2,16
6745,2,16
1863,2,16
2643,0,16
4347,4,16
5551,6,16
3803,6,16
4221,0,16
17277,0,16
1439,0,16
5965,6,16
2145,2,16
17779,0,16
10161,0,16
6475,0,16
2187,2,16
2091,4,16
1655,2,16
25073,4,16
2971,8,16
4345,4,16
5585,6,16
38983,6,16
5003,0,16
4205,4,16
5629,0,16
5777,2,16
1723,6,16
4121,4,16
15713,4,16
967,2,16
2709,4,16
4217,0,16
4891,2,16
21145,0,16
7089,0,16
3043,4,16
13509,4,16
30323,4,16
9307,8,16
6221,4,16
5139,4,16
11081,2,16
1669,2,16
12461,2,16
5637,6,16
7669,4,16
5989,2,16
7813,2,16
14693,2,16
7877,0,16
31183,2,16
8611,0,16
713,8,16
1165,0,16
1021,2,16
4557,0,16
5685,6,16
5577,2,16
5569,2,16
4893,0,16
2633,4,16
3467,0,16
7077,2,16
7715,0,16
7491,2,16
11429,0,16
4355,2,16
5135,2,16
7211,2,16
6687,4,16
4957,2,16
28449,2,16
847,4,16
9345,2,16
2379,2,16
21223,4,16
551,0,16
1257,4,16
1815,2,16
4931,4,16
7825,0,16
4691,2,16
5517,0,16
5613,4,16
14695,4,16
5747,0,16
6791,4,16
2063,6,16
4565,4,16
9761,8,16
851,2,16
3475,4,16
4869,6,16
6893,6,16
4847,4,16
4819,2,16
2719,4,16
12749,0,16
505,4,16
7443,2,16
4145,0,16
3091,2,16
1661,2,16
241,2,16
327,0,16
5149,0,16
2021,4,16
1843,6,16
5193,0,16
19197,2,16
4019,0,16
6273,4,16
3529,2,16
5759,4,16
1795,6,16
3133,0,16
4501,4,16
5113,4,16
5947,2,16
37873,4,16
20885,2,16
3285,0,16
2503,2,16
9663,2,16
2113,0,16
10321,6,16
29935,2,16
9939,0,16
1151,4,16
11073,2,16
20023,2,16
3235,6,16
3399,8,16
2035,2,16
1063,4,16
10853,4,16
11057,2,16
7941,2,16
9757,2,16
2861,2,16
15127,4,16
2981,0,16
14399,0,16
6939,0,16
15551,4,16
13745,2,16
12913,0,16
4393,0,16
2823,2,16
8281,2,16
5419,6,16
5729,2,16
573,2,16
1111,0,16
13477,6,16
869,2,16
9003,4,16
5703,0,16
7149,2,16
13509,4,16
10203,4,16
2889,2,16
2217,2,16
5027,4,16
12401,2,16
2263,2,16
8311,4,16
7665,2,16
3097,2,16
12177,2,16
2831,0,16
4657,2,16
2949,4,16
3855,2,16
6079,2,16
10727,2,16
13593,0,16
3507,4,16
5767,0,16
28459,2,16
8395,2,16
11643,0,16
26347,4,16
245,4,16
24639,2,16
12835,2,16
4805,4,16
1617,4,16
3155,6,16
5307,2,16
6085,2,16
15985,2,16
1905,6,16
10461,4,16
573,0,16
10789,2,16
20297,2,16
15633,2,16
4881,0,16
2679,0,16
15669,0,16
14871,2,16
10653,6,16
2129,4,16
3535,8,16
3973,2,16
1635,4,16
2591,0,16
3705,2,16
3343,0,16
4903,2,16
16931,0,16
1139,0,16
1441,0,16
3505,2,16
7433,2,16
1913,2,16
9913,4,16
1043,4,16
5987,0,16
3911,4,16
4483,0,16
1193,2,16
1193,0,16
8277,2,16
4609,2,16
14251,0,16
8077,4,16
797,0,16
957,0,16
1961,2,16
8651,2,16
1791,2,16
35073,2,16
3869,0,16
269,2,16
955,2,16
775,2,16
17581,2,16
14257,0,16
1593,0,16
10145,2,16
8171,4,16
4481,4,16
5493,0,16
4671,2,16
11385,0,16
2589,4,16
1471,4,16
3473,2,16
15311,0,16
11557,4,16
12953,6,16
10313,2,16
3309,4,16
4491,2,16
2251,0,16
763,4,16
3643,4,16
4823,0,16
2793,8,16
8937,4,16
5441,2,16
9551,0,16
933,0,16
13133,2,16
985,4,16
2847,2,16
4019,0,16
4019,2,16
3893,0,16
11343,0,16
4807,2,16
4793,4,16
20839,4,16
