4,3,3
4,5,4
11,5,5
5,7,5
5,9,6
11,11,6
11,13,6
29,7,7
6,11,7
14,13,7
7,15,7
11,17,7
11,19,7
11,21,7
6,13,8
29,17,8
7,17,8
14,19,8
34,21,8
13,23,8
29,23,8
13,25,8
29,25,8
34,27,8
12,27,8
11,29,8
10,29,8
7,31,8
22,33,8
19,35,8
19,37,8
14,45,8
34,3,8
14,9,8
14,15,8
76,9,9
7,15,9
37,19,9
17,21,9
9,23,9
30,27,9
15,29,9
13,31,9
31,31,9
19,33,9
29,33,9
12,35,9
18,37,9
12,37,9
11,39,9
28,39,9
29,39,9
15,41,9
9,41,9
29,41,9
8,43,9
34,43,9
16,45,9
34,45,9
20,47,9
29,47,9
29,49,9
34,51,9
34,51,9
34,53,9
29,55,9
21,59,9
19,61,9
19,69,9
12,27,9
34,37,9
12,45,9
22,57,9
18,55,9
14,75,9
18,49,9
14,7,9
34,13,9
14,17,9
14,23,9
7,9,9
21,27,9
11,27,9
20,25,9
7,17,10
76,23,10
9,25,10
17,27,10
76,33,10
34,37,10
13,43,10
37,29,10
76,39,10
13,45,10
18,43,10
35,47,10
12,53,10
21,57,10
34,43,10
17,47,10
76,41,10
13,55,10
27,51,10
15,35,10
29,45,10
35,49,10
29,59,10
15,55,10
25,65,10
31,61,10
23,71,10
16,53,10
29,63,10
12,67,10
15,57,10
22,69,10
9,65,10
15,37,10
11,49,10
13,51,10
16,53,10
14,59,10
22,61,10
26,75,10
29,71,10
29,81,10
29,73,10
29,79,10
29,89,10
91,31,10
91,41,10
91,49,10
61,59,10
33,53,10
35,67,10
31,59,10
25,73,10
37,47,10
23,61,10
25,65,10
29,79,10
22,65,10
34,75,10
34,85,10
42,33,10
86,45,10
26,57,10
86,51,10
34,63,10
50,75,10
9,63,10
13,57,10
29,87,10
34,67,10
34,77,10
24,73,10
34,83,10
15,63,10
29,81,10
34,57,10
34,63,10
34,69,10
101,61,10
55,71,10
21,85,10
46,63,10
21,83,10
24,87,10
48,57,10
21,85,10
24,81,10
19,101,10
21,99,10
26,77,10
61,73,10
15,89,10
22,67,10
61,71,10
23,91,10
34,93,10
22,87,10
30,81,10
76,81,10
61,65,10
31,85,10
23,73,10
26,75,10
56,77,10
19,91,10
56,75,10
19,93,10
19,63,10
71,85,10
19,83,10
25,77,10
30,87,10
20,111,10
14,93,10
16,109,10
31,95,10
17,103,10
31,97,10
16,101,10
29,105,10
17,115,10
20,105,10
27,121,10
91,1,10
41,11,10
41,19,10
41,29,10
39,11,10
13,25,10
17,17,10
13,31,10
11,5,10
15,19,10
33,23,10
19,37,10
14,15,10
14,25,10
34,35,10
86,3,10
16,9,10
26,21,10
42,15,10
26,27,10
20,39,10
11,3,10
7,33,10
10,27,10
31,31,10
31,41,10
19,29,10
21,43,10
101,11,10
35,1,10
29,13,10
31,25,10
19,35,10
18,49,10
21,45,10
18,39,10
19,21,10
23,5,10
19,35,10
14,51,10
15,45,10
9,39,10
21,127,11
43,137,11
101,115,11
27,97,11
34,125,11
20,135,11
91,95,11
27,117,11
91,65,11
29,107,11
26,113,11
26,103,11
13,61,11
101,133,11
101,107,11
33,105,11
21,123,11
51,127,11
71,155,11
49,113,11
23,75,11
101,101,11
33,103,11
71,157,11
71,155,11
71,157,11
24,143,11
61,121,11
18,115,11
21,149,11
53,125,11
49,139,11
91,95,11
91,119,11
91,121,11
21,121,11
39,93,11
33,117,11
55,101,11
91,89,11
27,115,11
34,107,11
92,135,11
116,117,11
25,87,11
38,87,11
116,117,11
19,113,11
49,105,11
17,83,11
34,115,11
20,137,11
50,97,11
17,139,11
91,71,11
31,109,11
116,99,11
38,81,11
15,43,11
57,85,11
23,103,11
91,55,11
25,93,11
32,97,11
13,59,11
61,119,11
24,125,11
50,103,11
21,141,11
15,151,11
46,159,11
50,153,11
30,177,11
91,73,11
26,83,11
61,145,11
18,131,11
18,123,11
61,143,11
48,137,11
46,127,11
91,95,11
91,113,11
30,101,11
28,107,11
86,91,11
30,121,11
86,101,11
19,119,11
25,87,11
15,129,11
91,103,11
28,93,11
43,107,11
17,73,11
29,121,11
34,71,11
12,77,11
61,135,11
38,141,11
28,167,11
35,99,11
13,81,11
18,125,11
44,109,11
86,93,11
30,111,11
86,99,11
86,117,11
29,97,11
27,103,11
58,125,11
58,109,11
39,151,11
47,121,11
43,137,11
18,117,11
31,87,11
16,77,11
22,109,11
29,119,11
21,127,11
33,117,11
61,155,11
61,175,11
91,145,11
61,137,11
29,129,11
63,113,11
24,123,11
71,131,11
30,135,11
22,79,11
48,123,11
20,153,11
14,163,11
21,111,11
11,161,11
86,99,11
35,65,11
24,103,11
86,59,11
28,89,11
29,73,11
16,83,11
56,123,11
61,151,11
29,115,11
21,127,11
19,125,11
61,127,11
22,117,11
31,89,11
16,67,11
45,171,11
101,91,11
76,135,11
91,119,11
29,111,11
61,145,11
39,57,11
33,167,11
61,119,11
33,169,11
38,81,11
16,59,11
26,113,11
18,125,11
19,121,11
50,185,11
32,183,11
25,139,11
27,135,11
76,79,11
76,105,11
76,111,11
76,97,11
25,123,11
76,57,11
76,89,11
29,99,11
76,73,11
27,115,11
76,87,11
23,109,11
37,95,11
25,117,11
31,67,11
56,149,11
33,85,11
43,83,11
25,97,11
27,95,11
86,93,11
13,53,11
56,147,11
40,143,11
25,115,11
29,99,11
23,85,11
15,81,11
25,111,11
76,63,11
25,101,11
26,91,11
23,85,11
19,105,11
19,141,11
15,73,11
13,67,11
28,153,11
28,145,11
15,69,11
56,133,11
56,147,11
71,139,11
21,131,11
13,87,11
28,85,11
91,79,11
23,101,11
86,75,11
29,89,11
34,53,11
15,71,11
53,143,11
21,133,11
15,71,11
13,51,11
116,99,11
86,123,11
56,173,11
77,37,11
41,71,11
34,99,11
22,93,11
19,65,11
32,195,11
79,61,11
37,95,11
37,47,11
20,69,11
48,147,11
40,75,11
17,41,11
8,19,11
46,159,11
23,117,11
101,85,11
71,133,11
71,131,11
71,133,11
71,131,11
61,143,11
18,133,11
91,97,11
37,75,11
91,79,11
37,69,11
50,129,11
23,107,11
94,81,11
48,135,11
23,109,11
30,209,11
31,191,11
56,139,11
48,151,11
19,137,11
30,171,11
21,149,11
30,159,11
71,165,11
43,129,11
37,161,11
61,135,11
22,141,11
53,91,11
19,105,11
71,155,11
46,127,11
36,147,11
41,179,11
11,161,11
56,147,11
41,181,11
41,205,11
61,145,11
34,141,11
61,99,11
29,129,11
91,81,11
25,123,11
51,109,11
17,111,11
24,175,11
59,131,11
25,97,11
61,153,11
33,199,11
37,161,11
36,149,11
53,117,11
50,135,11
76,105,11
33,83,11
76,71,11
23,93,11
31,61,11
13,79,11
45,119,11
21,77,11
41,171,11
71,157,11
91,121,11
49,125,11
44,135,11
53,119,11
31,109,11
41,121,11
26,151,11
35,83,11
17,99,11
23,95,11
61,169,11
30,187,11
47,149,11
40,145,11
91,89,11
31,115,11
56,189,11
15,65,11
79,49,11
42,75,11
45,59,11
25,89,11
70,69,11
39,55,11
46,87,11
20,61,11
20,29,11
11,31,11
41,129,11
19,91,11
86,93,11
34,111,11
36,145,11
16,155,11
32,185,11
32,165,11
20,135,11
50,123,11
34,105,11
82,45,11
43,79,11
43,91,11
45,31,11
24,53,11
23,57,11
27,69,11
15,39,11
12,35,11
97,25,11
50,51,11
27,81,11
199,11,11
15,27,11
27,57,11
19,43,11
31,49,11
31,71,11
35,17,11
23,67,11
19,53,11
101,5,11
31,65,11
31,55,11
11,13,11
91,15,11
41,45,11
41,35,11
29,37,11
9,47,11
13,33,11
41,5,11
11,23,11
31,49,11
31,55,11
101,29,11
31,23,11
31,47,11
31,41,11
101,19,11
15,21,11
21,51,11
39,33,11
29,3,11
23,69,11
21,51,11
61,1,11
61,89,11
71,67,11
31,25,11
13,3,11
61,25,11
61,79,11
71,53,11
61,1,11
61,89,11
71,67,11
61,25,11
61,79,11
71,53,11
28,29,11
16,1,11
11,25,11
41,29,11
41,59,11
41,37,11
41,43,11
41,61,11
41,35,11
91,7,11
41,35,11
41,53,11
91,31,11
91,17,11
15,33,11
15,39,11
41,21,11
22,33,11
34,75,11
21,9,11
21,63,11
33,45,11
41,13,11
76,63,11
76,81,11
76,9,11
76,9,11
76,63,11
116,45,11
116,27,11
116,45,11
17,15,11
39,15,11
116,27,11
26,19,11
20,49,11
10,35,11
26,45,11
16,33,11
28,51,11
86,11,11
26,61,11
34,41,11
18,31,11
31,15,11
51,47,11
20,57,11
31,33,11
22,7,11
21,9,11
34,69,11
22,39,11
8,45,11
9,39,11
11,3,11
29,65,11
86,3,11
26,69,11
28,27,11
86,21,11
18,73,11
31,57,11
18,41,11
33,7,11
31,55,11
13,35,11
15,53,11
21,77,11
14,1,11
19,35,11
41,21,11
41,69,11
61,47,11
21,45,11
16,27,11
18,57,11
19,59,11
16,63,11
59,27,11
31,55,11
26,43,11
41,43,11
26,53,11
19,67,11
11,25,11
48,25,11
18,47,11
25,5,11
40,63,11
29,57,11
17,15,11
7,9,11
12,51,11
10,21,11
14,33,11
20,9,11
31,65,11
33,9,11
31,63,11
56,37,11
34,75,11
50,33,11
21,75,11
61,23,11
61,23,11
61,57,11
31,79,11
20,51,11
26,77,11
16,65,11
58,45,11
18,71,11
41,67,11
25,63,11
24,55,11
16,45,11
16,85,11
71,59,11
31,63,11
21,75,11
57,35,11
18,63,11
23,65,11
31,49,11
71,45,11
46,97,11
28,65,11
20,63,11
41,83,11
46,95,11
34,77,11
49,55,11
25,45,11
43,93,11
30,21,11
46,87,11
46,105,11
101,213,12
101,165,12
71,253,12
71,253,12
91,201,12
27,197,12
31,149,12
31,189,12
116,189,12
21,177,12
90,159,12
15,71,12
101,211,12
59,203,12
71,179,12
54,151,12
62,175,12
71,261,12
101,179,12
71,217,12
19,211,12
53,205,12
19,143,12
101,173,12
91,223,12
73,221,12
91,217,12
53,219,12
39,163,12
71,235,12
34,137,12
71,235,12
71,229,12
71,229,12
48,215,12
91,185,12
161,85,12
30,113,12
42,107,12
37,151,12
67,231,12
91,129,12
31,131,12
57,139,12
21,173,12
34,165,12
116,171,12
24,203,12
48,263,12
25,163,12
29,157,12
67,139,12
24,189,12
36,147,12
48,247,12
86,125,12
61,281,12
53,213,12
91,191,12
51,243,12
30,145,12
34,151,12
33,97,12
49,219,12
91,169,12
14,99,12
91,185,12
53,143,12
86,139,12
86,195,12
50,223,12
56,203,12
58,243,12
40,153,12
63,227,12
58,207,12
78,153,12
20,155,12
49,221,12
19,153,12
24,147,12
40,189,12
23,207,12
38,259,12
26,171,12
71,237,12
45,199,12
27,105,12
40,213,12
24,231,12
32,225,12
40,229,12
51,259,12
66,127,12
46,255,12
32,305,12
26,225,12
33,329,12
139,133,12
61,167,12
86,147,12
86,117,12
48,155,12
25,151,12
60,189,12
36,261,12
33,183,12
47,205,12
27,159,12
61,271,12
45,191,12
34,251,12
40,147,12
28,211,12
31,147,12
61,207,12
98,69,12
39,131,12
19,81,12
76,225,12
58,165,12
30,183,12
67,275,12
58,195,12
76,225,12
31,321,12
67,149,12
21,199,12
61,191,12
29,169,12
61,215,12
50,257,12
39,289,12
31,197,12
32,201,12
26,267,12
76,135,12
76,183,12
76,185,12
59,111,12
52,213,12
35,163,12
76,137,12
27,145,12
21,123,12
33,143,12
39,231,12
40,109,12
23,111,12
29,149,12
29,131,12
50,205,12
36,193,12
32,145,12
19,107,12
47,233,12
27,211,12
76,225,12
25,171,12
28,117,12
19,135,12
76,193,12
56,249,12
26,157,12
76,153,12
21,195,12
56,279,12
61,175,12
128,117,12
60,183,12
74,153,12
76,177,12
92,69,12
76,161,12
76,143,12
21,181,12
71,203,12
41,175,12
65,185,12
32,217,12
25,181,12
40,99,12
25,139,12
29,123,12
43,211,12
47,209,12
39,109,12
23,127,12
55,229,12
32,223,12
67,155,12
27,169,12
43,223,12
18,237,12
48,231,12
30,107,12
86,117,12
47,209,12
43,223,12
75,209,12
15,77,12
116,141,12
56,291,12
86,195,12
41,299,12
56,243,12
34,315,12
27,169,12
26,171,12
29,167,12
35,95,12
17,79,12
31,143,12
21,135,12
23,161,12
56,187,12
67,163,12
41,111,12
32,133,12
61,183,12
20,189,12
15,89,12
17,87,12
61,215,12
15,185,12
18,83,12
71,249,12
30,219,12
45,201,12
39,179,12
17,193,12
72,119,12
27,173,12
239,71,12
90,125,12
77,127,12
40,91,12
49,163,12
35,229,12
35,313,12
39,187,12
36,307,12
244,75,12
41,299,12
31,287,12
91,207,12
31,289,12
32,303,12
33,167,12
41,309,12
32,273,12
49,243,12
44,183,12
24,189,12
71,245,12
45,225,12
61,179,12
41,255,12
39,271,12
184,147,12
67,193,12
36,247,12
14,189,12
71,227,12
31,185,12
43,211,12
47,209,12
22,281,12
41,277,12
49,217,12
36,253,12
62,105,12
67,225,12
47,257,12
38,229,12
28,285,12
56,225,12
67,125,12
27,175,12
76,225,12
76,227,12
39,193,12
57,109,12
35,319,12
41,339,12
30,243,12
55,127,12
20,165,12
229,83,12
43,91,12
79,97,12
40,107,12
23,121,12
86,155,12
25,197,12
29,115,12
32,265,12
46,161,12
19,203,12
179,143,12
58,285,12
149,113,12
34,227,12
22,209,12
55,247,12
28,249,12
58,183,12
54,267,12
33,145,12
21,235,12
61,263,12
61,217,12
61,185,12
50,145,12
17,175,12
51,237,12
41,243,12
25,99,12
61,271,12
45,217,12
29,195,12
61,215,12
47,247,12
164,95,12
71,285,12
56,261,12
69,73,12
70,147,12
38,141,12
35,79,12
50,167,12
50,137,12
37,113,12
23,111,12
11,33,12
33,313,12
169,155,12
66,137,12
67,153,12
43,223,12
55,189,12
25,91,12
31,135,12
36,303,12
14,267,12
29,323,12
42,175,12
50,237,12
21,223,12
49,195,12
40,119,12
60,231,12
154,117,12
154,123,12
119,91,12
94,195,12
106,225,12
184,147,12
91,191,12
38,197,12
124,221,12
91,193,12
40,187,12
229,77,12
87,127,12
32,225,12
49,97,12
26,155,12
110,47,12
30,173,12
179,143,12
46,257,12
119,217,12
56,231,12
179,145,12
104,177,12
74,139,12
169,157,12
71,143,12
68,147,12
70,127,12
42,129,12
31,145,12
48,201,12
199,61,12
36,149,12
41,121,12
45,41,12
22,67,12
37,241,12
224,81,12
98,87,12
12,37,12
31,73,12
41,67,12
41,59,12
33,59,12
11,49,12
34,123,12
116,99,12
49,83,12
31,53,12
31,35,12
31,41,12
31,141,12
43,21,12
79,53,12
32,71,12
31,17,12
73,93,12
61,49,12
31,57,12
26,75,12
9,47,12
41,93,12
91,47,12
41,67,12
94,41,12
27,81,12
73,3,12
61,55,12
41,27,12
101,115,12
31,1,12
31,1,12
22,61,12
26,83,12
116,21,12
76,9,12
76,81,12
31,19,12
61,31,12
109,29,12
40,31,12
41,43,12
51,39,12
16,47,12
61,65,12
61,25,12
61,89,12
61,127,12
61,63,12
34,117,12
22,63,12
28,53,12
30,5,12
20,55,12
10,37,12
31,79,12
23,13,12
18,103,12
33,7,12
31,103,12
22,23,12
14,61,12
20,99,12
18,49,12
47,73,12
16,31,12
20,87,12
19,99,12
19,99,12
23,29,12
19,125,12
56,27,12
56,75,12
23,5,12
23,11,12
19,43,12
27,77,12
22,57,12
71,91,12
32,63,12
26,81,12
23,19,12
43,113,12
31,73,12
80,9,12
30,45,12
20,49,12
22,25,12
31,49,12
25,21,12
31,87,12
14,3,12
63,73,12
26,101,12
29,39,12
17,111,12
28,75,12
11,25,12
17,103,12
71,77,12
75,35,12
71,19,12
56,3,12
31,81,12
17,117,12
31,15,12
61,33,12
73,15,12
35,113,12
61,31,12
15,1,12
20,17,12
27,11,12
18,57,12
26,21,12
26,81,12
38,93,12
24,39,12
22,33,12
16,27,12
22,129,12
71,109,12
28,35,12
56,115,12
44,47,12
44,17,12
52,129,12
63,105,12
20,63,12
16,25,12
26,77,12
46,15,12
56,83,12
35,55,12
52,43,12
31,65,12
25,71,12
36,11,12
36,5,12
19,77,12
32,117,12
26,45,12
38,51,12
26,75,12
34,35,12
15,89,12
20,97,12
60,101,12
86,63,12
21,7,12
14,13,12
23,117,12
23,37,12
19,115,12
65,97,12
17,109,12
31,81,12
34,115,12
13,119,12
14,85,12
18,27,12
41,105,12
15,81,12
12,27,12
34,35,12
27,53,12
27,133,12
13,55,12
24,71,12
15,39,12
9,63,12
30,117,12
37,107,12
66,45,12
64,27,12
224,9,12
104,3,12
92,33,12
34,27,12
46,93,12
24,9,12
24,65,12
50,27,12
19,91,12
50,55,12
19,101,12
23,117,12
21,85,12
19,113,12
48,23,12
48,49,12
37,13,12
23,91,12
43,95,12
28,75,12
23,99,12
61,55,12
34,27,12
34,99,12
54,9,12
29,59,12
61,41,12
46,65,12
31,95,12
56,117,12
18,73,12
58,99,12
101,341,13
36,211,13
67,327,13
71,349,13
42,261,13
101,309,13
71,421,13
122,243,13
84,283,13
101,269,13
49,289,13
71,419,13
101,291,13
71,419,13
71,349,13
93,287,13
59,237,13
91,321,13
49,281,13
29,259,13
63,307,13
35,275,13
41,369,13
91,351,13
27,277,13
116,275,13
57,301,13
239,137,13
78,243,13
78,173,13
35,255,13
36,171,13
23,279,13
29,225,13
69,195,13
71,389,13
86,305,13
92,249,13
15,81,13
101,317,13
86,267,13
91,263,13
304,291,13
55,269,13
73,311,13
104,315,13
85,401,13
85,401,13
57,367,13
209,313,13
70,307,13
64,389,13
64,389,13
52,321,13
50,359,13
48,287,13
44,297,13
131,281,13
52,227,13
63,361,13
60,365,13
71,293,13
36,245,13
57,307,13
179,359,13
101,301,13
101,325,13
108,351,13
156,243,13
150,285,13
149,337,13
84,305,13
36,197,13
89,251,13
50,309,13
52,325,13
91,329,13
77,287,13
78,321,13
224,327,13
33,183,13
224,303,13
87,485,13
116,325,13
70,399,13
27,307,13
43,189,13
239,137,13
239,215,13
44,133,13
73,287,13
83,277,13
314,207,13
31,245,13
91,241,13
91,289,13
63,353,13
28,219,13
55,251,13
79,449,13
91,239,13
91,279,13
58,217,13
51,253,13
31,225,13
25,221,13
69,351,13
69,351,13
36,157,13
15,79,13
164,177,13
91,401,13
63,373,13
83,355,13
74,163,13
244,173,13
33,127,13
59,257,13
24,243,13
49,303,13
34,241,13
57,353,13
30,191,13
184,293,13
91,361,13
51,177,13
64,307,13
71,411,13
43,367,13
38,271,13
56,301,13
56,389,13
46,471,13
63,347,13
48,297,13
66,297,13
84,225,13
85,191,13
85,209,13
40,197,13
33,275,13
56,403,13
53,283,13
37,279,13
31,193,13
61,391,13
91,369,13
61,369,13
45,259,13
179,391,13
55,333,13
29,265,13
41,467,13
184,213,13
52,401,13
59,299,13
55,311,13
25,249,13
78,405,13
20,131,13
43,477,13
22,267,13
65,165,13
26,221,13
78,179,13
214,333,13
179,313,13
35,207,13
38,395,13
85,223,13
69,331,13
61,345,13
39,371,13
43,465,13
25,491,13
239,289,13
118,297,13
57,287,13
179,319,13
48,261,13
68,211,13
28,241,13
126,171,13
21,257,13
86,253,13
39,309,13
61,441,13
82,357,13
37,361,13
91,311,13
61,369,13
59,509,13
149,265,13
73,197,13
29,245,13
76,343,13
45,393,13
76,335,13
53,233,13
47,241,13
38,407,13
74,235,13
76,313,13
141,275,13
35,415,13
49,335,13
55,331,13
41,423,13
49,243,13
15,289,13
49,275,13
76,193,13
33,205,13
100,151,13
67,259,13
179,289,13
60,283,13
51,275,13
194,351,13
40,99,13
13,113,13
35,413,13
61,315,13
32,405,13
63,333,13
74,229,13
83,225,13
24,243,13
40,171,13
30,357,13
119,195,13
76,287,13
171,259,13
87,221,13
76,265,13
78,343,13
76,279,13
34,305,13
27,369,13
149,337,13
44,467,13
30,401,13
33,353,13
54,189,13
38,345,13
49,369,13
39,303,13
56,371,13
50,377,13
30,529,13
83,217,13
149,257,13
15,321,13
21,267,13
179,289,13
134,353,13
64,255,13
164,393,13
106,327,13
45,349,13
56,263,13
149,239,13
27,147,13
127,327,13
54,447,13
91,319,13
104,329,13
40,383,13
49,415,13
24,485,13
21,189,13
41,395,13
28,263,13
55,305,13
32,243,13
35,95,13
28,243,13
21,265,13
78,219,13
35,349,13
39,341,13
65,215,13
39,371,13
45,311,13
30,243,13
32,261,13
61,159,13
36,181,13
52,285,13
80,189,13
53,215,13
25,239,13
52,243,13
199,61,13
59,127,13
28,213,13
77,179,13
31,137,13
76,351,13
36,439,13
101,443,13
80,177,13
17,105,13
16,91,13
43,405,13
18,93,13
101,347,13
69,475,13
139,245,13
184,315,13
73,131,13
31,209,13
57,247,13
63,305,13
39,383,13
85,383,13
55,485,13
18,269,13
244,125,13
214,333,13
229,197,13
58,393,13
55,367,13
55,369,13
61,183,13
29,153,13
25,109,13
58,255,13
77,455,13
53,231,13
47,179,13
44,111,13
123,249,13
45,387,13
269,193,13
80,235,13
199,317,13
209,265,13
284,135,13
259,203,13
86,185,13
149,241,13
179,287,13
126,287,13
179,377,13
179,271,13
86,297,13
229,301,13
43,365,13
70,257,13
69,251,13
142,381,13
224,273,13
194,279,13
79,455,13
29,195,13
134,447,13
239,167,13
239,169,13
43,175,13
71,307,13
40,101,13
134,441,13
134,423,13
31,213,13
111,443,13
61,439,13
25,265,13
35,329,13
30,293,13
43,339,13
58,283,13
52,331,13
143,275,13
73,365,13
59,275,13
179,385,13
119,559,13
30,211,13
55,339,13
59,351,13
25,213,13
139,133,13
54,231,13
119,495,13
68,309,13
123,185,13
43,323,13
91,417,13
108,423,13
139,349,13
111,427,13
40,393,13
52,343,13
33,399,13
36,195,13
55,251,13
121,309,13
239,217,13
41,353,13
93,401,13
27,225,13
47,461,13
151,359,13
66,253,13
74,591,13
41,419,13
184,307,13
73,487,13
184,315,13
65,419,13
45,237,13
68,227,13
31,223,13
33,429,13
57,177,13
31,499,13
78,425,13
39,371,13
67,215,13
37,519,13
80,441,13
78,317,13
127,209,13
65,381,13
36,465,13
43,497,13
31,171,13
143,235,13
52,261,13
229,173,13
63,223,13
49,463,13
100,143,13
80,521,13
19,521,13
101,331,13
46,221,13
119,441,13
93,321,13
33,419,13
47,381,13
43,375,13
149,233,13
49,263,13
65,421,13
104,399,13
42,401,13
54,239,13
19,329,13
115,301,13
51,239,13
36,337,13
111,429,13
149,153,13
109,419,13
47,261,13
80,341,13
104,409,13
34,383,13
46,319,13
25,517,13
125,243,13
134,351,13
134,423,13
164,319,13
239,135,13
94,347,13
104,463,13
106,423,13
55,441,13
37,425,13
60,297,13
97,335,13
93,111,13
36,447,13
127,195,13
77,255,13
81,217,13
43,255,13
43,363,13
103,187,13
66,317,13
38,161,13
44,353,13
52,429,13
53,209,13
40,115,13
151,281,13
33,359,13
104,391,13
61,349,13
194,343,13
244,219,13
57,325,13
77,371,13
52,319,13
60,241,13
104,399,13
76,229,13
48,245,13
164,399,13
184,363,13
154,387,13
66,357,13
59,377,13
86,429,13
46,293,13
37,327,13
95,329,13
179,383,13
107,211,13
42,115,13
27,193,13
43,465,13
208,67,13
53,119,13
100,89,13
110,441,13
91,481,13
33,461,13
48,305,13
65,231,13
81,451,13
119,277,13
115,255,13
133,277,13
43,235,13
90,183,13
90,275,13
39,241,13
111,145,13
15,47,13
215,59,13
254,31,13
101,109,13
38,101,13
40,107,13
24,129,13
36,19,13
25,45,13
19,125,13
61,1,13
61,121,13
67,177,13
41,99,13
71,261,13
34,139,13
43,183,13
76,175,13
116,125,13
16,71,13
40,61,13
71,29,13
104,87,13
31,143,13
81,101,13
96,85,13
33,61,13
99,79,13
108,39,13
64,75,13
76,147,13
112,33,13
64,51,13
35,53,13
26,135,13
31,69,13
66,3,13
50,171,13
54,201,13
57,11,13
48,191,13
169,155,13
139,163,13
88,155,13
71,139,13
93,67,13
41,107,13
81,31,13
184,165,13
224,87,13
184,141,13
76,195,13
62,69,13
75,101,13
62,73,13
83,125,13
334,123,13
25,131,13
42,23,13
31,39,13
239,31,13
42,103,13
274,3,13
134,135,13
274,27,13
41,101,13
31,139,13
80,123,13
58,9,13
100,93,13
214,117,13
214,147,13
54,33,13
114,51,13
21,77,13
39,159,13
20,131,13
64,125,13
59,143,13
18,49,13
25,159,13
20,27,13
13,15,13
49,61,13
46,93,13
63,97,13
169,67,13
27,101,13
83,67,13
38,15,13
31,81,13
29,135,13
145,25,13
31,25,13
100,13,13
41,183,13
21,159,13
33,19,13
40,27,13
26,7,13
24,25,13
31,191,13
15,151,13
18,143,13
37,93,13
45,155,13
15,171,13
44,177,13
79,107,13
79,85,13
79,83,13
79,139,13
79,37,13
24,23,13
31,111,13
104,153,13
19,171,13
244,27,13
68,459,14
103,473,14
199,645,14
199,627,14
209,503,14
284,367,14
259,405,14
199,477,14
82,431,14
67,609,14
96,329,14
199,523,14
66,391,14
304,507,14
186,291,14
107,341,14
244,571,14
63,473,14
144,433,14
53,395,14
39,333,14
56,613,14
69,583,14
131,359,14
48,379,14
146,551,14
94,369,14
104,657,14
334,365,14
50,329,14
224,415,14
194,343,14
149,417,14
64,385,14
109,741,14
184,675,14
65,353,14
169,571,14
156,405,14
61,439,14
77,295,14
41,327,14
184,483,14
69,613,14
38,315,14
169,589,14
83,847,14
47,463,14
87,835,14
123,651,14
274,435,14
70,417,14
81,361,14
64,307,14
60,735,14
119,711,14
96,645,14
105,657,14
179,449,14
164,713,14
209,463,14
169,709,14
229,611,14
103,535,14
62,505,14
113,419,14
118,541,14
54,423,14
194,657,14
53,545,14
95,749,14
122,603,14
86,523,14
39,463,14
51,465,14
53,561,14
56,567,14
124,629,14
71,611,14
184,469,14
94,703,14
65,391,14
284,297,14
214,573,14
52,477,14
179,479,14
44,547,14
104,665,14
74,815,14
151,391,14
110,441,14
179,609,14
33,403,14
153,431,14
68,385,14
94,603,14
76,451,14
108,539,14
224,537,14
113,497,14
49,475,14
63,583,14
123,431,14
97,495,14
112,769,14
131,385,14
304,363,14
86,491,14
141,423,14
76,549,14
84,159,14
164,607,14
239,479,14
121,465,14
166,449,14
31,647,14
49,505,14
65,301,14
41,495,14
26,405,14
119,719,14
92,639,14
88,711,14
153,417,14
80,699,14
54,711,14
66,443,14
80,373,14
37,667,14
233,175,14
98,675,14
84,285,14
224,199,14
224,273,14
166,471,14
224,423,14
169,525,14
56,521,14
75,443,14
45,243,14
31,597,14
145,403,14
39,531,14
40,519,14
41,491,14
36,549,14
155,431,14
61,437,14
134,607,14
169,613,14
78,389,14
59,357,14
51,523,14
164,391,14
41,617,14
108,703,14
44,603,14
31,615,14
49,499,14
41,211,14
90,639,14
95,825,14
102,549,14
209,529,14
199,653,14
97,725,14
194,457,14
164,487,14
55,695,14
153,559,14
199,381,14
93,629,14
93,621,14
85,303,14
87,635,14
65,449,14
61,505,14
32,203,14
133,581,14
198,261,14
121,451,14
39,199,14
149,553,14
73,449,14
66,507,14
36,247,14
88,669,14
22,371,14
44,507,14
77,365,14
224,535,14
194,735,14
35,713,14
70,507,14
229,587,14
59,401,14
52,531,14
47,551,14
149,649,14
73,481,14
149,527,14
104,855,14
109,611,14
43,579,14
169,589,14
59,511,14
196,273,14
154,495,14
36,607,14
73,657,14
64,641,14
109,707,14
139,683,14
60,595,14
184,333,14
139,509,14
55,601,14
139,451,14
169,477,14
38,743,14
65,747,14
175,223,14
169,223,14
30,269,14
43,335,14
153,259,14
161,229,14
19,113,14
164,417,14
83,211,14
119,527,14
62,371,14
60,357,14
62,465,14
182,597,14
44,383,14
68,305,14
224,465,14
246,357,14
57,567,14
319,115,14
111,827,14
85,839,14
65,445,14
184,741,14
244,429,14
23,765,14
64,685,14
43,749,14
147,447,14
51,281,14
38,505,14
39,889,14
97,629,14
41,599,14
203,431,14
192,509,14
109,931,14
85,585,14
72,413,14
46,317,14
109,539,14
103,599,14
38,273,14
57,595,14
49,525,14
74,743,14
36,497,14
35,487,14
34,583,14
42,647,14
194,457,14
85,459,14
132,357,14
131,453,14
58,389,14
214,733,14
109,597,14
169,499,14
45,445,14
32,555,14
45,197,14
29,159,14
74,913,14
209,785,14
169,383,14
155,347,14
77,759,14
118,517,14
33,575,14
93,569,14
39,547,14
91,489,14
29,613,14
42,533,14
86,455,14
134,579,14
179,359,14
100,305,14
76,589,14
43,383,14
100,447,14
50,287,14
47,433,14
84,551,14
179,265,14
37,567,14
215,461,14
113,707,14
94,579,14
57,353,14
36,429,14
143,559,14
65,375,14
31,529,14
58,559,14
55,473,14
92,597,14
45,447,14
38,365,14
91,489,14
107,315,14
71,405,14
166,259,14
149,371,14
113,435,14
44,477,14
91,713,14
44,477,14
146,441,14
61,469,14
36,497,14
50,389,14
230,189,14
53,53,14
111,491,14
187,209,14
257,421,14
596,123,14
261,125,14
104,145,14
53,241,14
199,187,14
199,125,14
60,81,14
79,203,14
79,283,14
74,207,14
53,281,14
209,255,14
33,183,14
34,205,14
32,251,14
31,259,14
32,243,14
44,177,14
59,237,14
86,169,14
79,275,14
61,209,14
57,317,14
91,249,14
74,9,14
179,87,14
32,291,14
22,213,14
52,341,14
194,95,14
94,121,14
98,191,14
78,131,14
48,109,14
109,203,14
43,161,14
32,127,14
15,129,14
91,265,14
45,43,14
33,169,14
41,291,14
46,1,14
334,147,14
29,123,14
304,5,14
164,183,14
65,153,14
72,219,14
56,79,14
164,57,14
64,281,14
169,75,14
169,197,14
194,7,14
209,191,14
74,17,14
181,127,14
71,125,14
33,175,14
24,75,14
31,7,14
44,41,14
74,217,14
43,175,14
124,245,14
124,211,14
80,163,14
124,213,14
284,89,14
71,163,14
29,155,14
44,229,14
53,235,14
74,153,14
37,161,14
29,155,14
51,23,14
49,261,14
88,233,14
34,205,14
224,159,14
51,213,14
62,123,14
70,81,14
32,173,14
41,173,14
32,317,14
109,25,14
32,141,14
81,95,14
64,237,14
61,81,14
58,243,14
71,181,14
43,287,14
92,275,14
119,121,14
167,217,14
39,201,14
104,79,14
42,61,14
74,215,14
88,257,14
184,67,14
149,137,14
64,273,14
34,109,14
209,327,14
53,189,14
42,115,14
54,53,14
149,143,14
48,243,14
100,233,14
93,57,14
92,415,14
40,275,14
47,297,14
144,207,14
158,87,14
149,257,14
154,165,14
184,267,14
124,165,14
184,75,14
57,181,14
104,23,14
91,27,14
73,65,14
46,85,14
254,153,14
71,181,14
244,229,14
56,85,14
67,115,14
83,115,14
29,7,14
44,219,14
194,231,14
59,9,14
52,123,14
79,207,14
29,49,14
64,149,14
29,153,14
122,9,14
34,19,14
164,303,14
50,71,14
28,101,14
50,47,14
35,279,14
49,165,14
239,23,14
61,121,14
89,239,14
64,229,14
67,125,14
214,261,14
49,109,14
38,83,14
59,159,14
59,151,14
173,115,14
59,247,14
35,169,14
58,197,14
53,307,14
109,93,14
21,63,14
37,173,14
60,325,14
116,67,14
63,311,14
25,227,14
94,221,14
91,289,14
20,117,14
124,67,14
46,155,14
96,189,14
94,117,14
62,285,14
49,69,14
121,77,14
31,161,14
21,203,14
59,271,14
48,235,14
22,35,14
44,29,14
79,53,14
114,33,14
146,87,14
86,141,14
57,295,14
59,215,14
67,313,14
29,175,14
57,161,14
41,115,14
139,363,14
41,13,14
63,233,14
26,101,14
123,9,14
27,165,14
86,107,14
51,23,14
38,161,14
97,19,14
58,255,14
94,205,14
31,143,14
58,285,14
50,143,14
35,171,14
34,111,14
39,207,14
43,261,14
38,235,14
30,143,14
79,179,14
71,101,14
67,245,14
146,123,14
61,249,14
29,89,14
52,275,14
96,297,14
96,297,14
33,71,14
21,221,14
58,239,14
29,131,14
49,131,14
121,95,14
25,23,14
75,217,14
52,53,14
63,63,14
27,189,14
17,9,14
26,13,14
34,13,14
23,265,14
33,143,14
43,213,14
30,213,14
34,131,14
31,49,14
59,17,14
109,203,14
111,179,14
38,397,14
41,233,14
31,193,14
18,149,14
29,347,14
35,323,14
104,87,14
33,299,14
51,141,14
45,193,14
15,63,14
17,99,14
119,337,14
42,165,14
25,23,14
84,293,14
34,99,14
34,93,14
41,173,14
50,165,14
34,261,14
19,197,14
61,209,14
45,253,14
79,67,14
29,169,14
50,19,14
25,257,14
89,177,14
74,53,14
106,161,14
42,123,14
55,107,14
64,229,14
43,131,14
57,29,14
23,195,14
83,61,14
72,283,14
86,13,14
94,173,14
82,103,14
154,109,14
89,49,14
79,195,14
119,25,14
149,265,14
65,137,14
45,195,14
67,343,14
164,97,14
64,49,14
38,195,14
60,209,14
124,355,14
49,147,14
139,307,14
18,131,14
149,167,14
79,181,14
29,81,14
89,73,14
52,15,14
111,233,14
26,247,14
24,81,14
94,243,14
78,225,14
82,11,14
62,79,14
59,239,14
169,251,14
75,129,14
20,221,14
71,275,14
46,135,14
56,61,14
184,189,14
56,119,14
50,117,14
80,185,14
91,51,14
178,81,14
109,173,14
115,25,14
179,41,14
45,93,14
68,115,14
104,201,14
194,77,14
164,201,14
45,261,14
85,47,14
21,243,14
39,163,14
71,157,14
83,123,14
164,55,14
55,17,14
35,127,14
170,65,14
164,143,14
164,287,14
83,139,14
89,81,14
239,79,14
62,349,14
304,853,15
201,1069,15
86,635,15
269,457,15
284,793,15
85,541,15
199,859,15
51,693,15
221,509,15
82,539,15
49,665,15
54,779,15
146,667,15
72,675,15
132,591,15
118,895,15
172,945,15
172,945,15
244,989,15
466,359,15
178,943,15
134,891,15
155,793,15
50,807,15
125,1159,15
73,1057,15
137,467,15
259,1027,15
253,1001,15
167,1009,15
229,1131,15
53,713,15
152,567,15
54,899,15
151,1015,15
120,1089,15
581,475,15
213,539,15
92,601,15
304,853,15
131,1125,15
160,609,15
106,399,15
254,975,15
60,973,15
59,321,15
269,695,15
36,267,15
179,985,15
177,907,15
189,727,15
360,339,15
167,809,15
334,651,15
126,553,15
146,1011,15
123,497,15
75,599,15
59,737,15
202,1169,15
92,999,15
91,1073,15
259,901,15
213,713,15
178,813,15
199,931,15
58,787,15
132,987,15
97,789,15
92,1225,15
334,667,15
43,895,15
60,673,15
109,1187,15
111,1221,15
226,707,15
140,979,15
239,543,15
103,859,15
314,839,15
82,555,15
58,717,15
226,649,15
46,469,15
224,977,15
56,631,15
244,803,15
69,711,15
274,797,15
55,799,15
136,1041,15
151,779,15
111,717,15
244,621,15
36,171,15
154,1173,15
125,909,15
32,907,15
91,1301,15
69,855,15
71,753,15
184,869,15
184,867,15
184,1005,15
79,1031,15
151,331,15
274,909,15
303,367,15
303,367,15
39,675,15
119,1105,15
167,695,15
315,451,15
48,739,15
156,1057,15
81,1125,15
63,869,15
81,943,15
49,851,15
77,403,15
88,747,15
78,1213,15
184,741,15
159,945,15
37,563,15
214,883,15
47,861,15
43,681,15
153,659,15
84,559,15
95,871,15
115,711,15
244,947,15
138,859,15
82,1063,15
51,733,15
184,867,15
76,1235,15
141,981,15
82,547,15
66,593,15
100,577,15
95,1311,15
210,325,15
431,637,15
185,763,15
201,389,15
51,895,15
30,349,15
78,887,15
31,603,15
79,917,15
118,1029,15
152,605,15
111,833,15
143,1009,15
97,1083,15
239,463,15
21,959,15
61,809,15
63,607,15
39,823,15
67,745,15
115,1061,15
186,559,15
104,633,15
184,627,15
47,1109,15
128,603,15
24,443,15
207,341,15
224,727,15
382,351,15
49,663,15
60,673,15
109,765,15
53,675,15
113,875,15
155,847,15
171,841,15
134,543,15
171,971,15
61,517,15
153,999,15
103,885,15
109,907,15
183,755,15
324,539,15
148,819,15
79,725,15
78,1167,15
149,937,15
209,433,15
108,801,15
97,981,15
42,909,15
59,779,15
39,719,15
75,991,15
38,979,15
51,775,15
131,751,15
63,845,15
83,769,15
76,1107,15
141,1219,15
127,961,15
69,1427,15
37,1027,15
109,641,15
144,679,15
74,835,15
44,721,15
43,253,15
41,497,15
77,1041,15
40,973,15
108,897,15
84,615,15
105,493,15
93,603,15
159,647,15
130,1029,15
186,781,15
89,775,15
91,955,15
99,1287,15
71,559,15
83,911,15
109,979,15
39,877,15
123,1071,15
179,903,15
115,715,15
52,605,15
79,1097,15
149,1265,15
99,1067,15
58,505,15
65,585,15
151,431,15
57,579,15
179,967,15
181,1119,15
71,579,15
105,885,15
49,527,15
61,417,15
164,577,15
164,857,15
65,907,15
141,1091,15
109,821,15
308,609,15
278,1065,15
105,787,15
154,729,15
151,527,15
93,371,15
51,385,15
61,667,15
25,187,15
142,915,15
131,803,15
39,875,15
36,763,15
73,825,15
33,539,15
108,933,15
59,667,15
50,487,15
481,575,15
47,1139,15
99,785,15
61,667,15
88,475,15
72,577,15
62,1519,15
45,761,15
41,885,15
42,921,15
45,685,15
42,955,15
164,799,15
125,1003,15
139,1141,15
53,1249,15
67,1471,15
111,1339,15
229,869,15
113,999,15
244,763,15
49,921,15
108,1191,15
199,997,15
199,1021,15
53,951,15
126,1251,15
89,1161,15
199,829,15
41,943,15
149,849,15
91,1441,15
317,419,15
169,451,15
96,915,15
317,259,15
158,539,15
111,681,15
136,785,15
131,1031,15
56,943,15
29,465,15
64,707,15
128,1047,15
64,853,15
169,841,15
67,1001,15
61,1051,15
79,1025,15
130,1175,15
89,829,15
52,661,15
451,697,15
34,637,15
43,593,15
421,503,15
173,583,15
180,885,15
128,747,15
100,1083,15
190,759,15
202,729,15
76,1071,15
36,1027,15
127,1127,15
147,1199,15
109,975,15
103,811,15
102,1101,15
210,657,15
586,639,15
100,1089,15
190,705,15
82,1131,15
56,817,15
99,1219,15
346,1097,15
130,751,15
154,639,15
95,859,15
154,567,15
156,869,15
71,737,15
187,515,15
826,471,15
506,475,15
66,1071,15
72,953,15
225,1001,15
611,715,15
346,729,15
148,837,15
616,537,15
164,1083,15
278,525,15
141,625,15
356,693,15
65,983,15
295,595,15
182,899,15
721,623,15
235,337,15
119,987,15
373,583,15
118,993,15
241,1153,15
241,1175,15
100,775,15
63,1195,15
77,1209,15
411,553,15
199,575,15
158,723,15
69,663,15
244,563,15
172,693,15
153,1207,15
143,601,15
111,1699,15
98,1059,15
74,927,15
118,987,15
146,861,15
153,1437,15
88,597,15
52,859,15
82,723,15
68,1217,15
195,515,15
130,815,15
149,1153,15
169,1087,15
211,1391,15
248,665,15
616,903,15
100,1037,15
66,905,15
51,903,15
55,1133,15
32,1005,15
164,785,15
92,1311,15
69,1459,15
175,535,15
106,903,15
171,551,15
80,1241,15
73,869,15
168,589,15
42,1753,15
107,689,15
117,863,15
65,633,15
63,661,15
149,1161,15
105,1123,15
217,885,15
78,1259,15
33,1101,15
431,581,15
126,691,15
111,543,15
64,433,15
71,893,15
31,989,15
143,657,15
83,1385,15
139,1109,15
281,1045,15
70,373,15
60,515,15
236,461,15
28,933,15
82,715,15
130,833,15
93,789,15
111,933,15
73,1255,15
183,1145,15
176,599,15
79,799,15
153,665,15
53,1001,15
79,441,15
132,577,15
239,851,15
120,545,15
105,865,15
121,1151,15
75,1259,15
111,1149,15
169,803,15
311,829,15
421,545,15
105,551,15
59,1199,15
187,1133,15
72,1063,15
115,913,15
91,817,15
97,321,15
76,1105,15
154,1035,15
104,1625,15
481,569,15
253,615,15
168,891,15
88,695,15
416,1197,15
188,483,15
476,595,15
85,799,15
49,801,15
93,437,15
128,493,15
161,655,15
47,653,15
81,837,15
17,417,15
28,1135,15
1364,15,15
104,313,15
56,427,15
79,429,15
49,389,15
140,405,15
124,309,15
79,221,15
32,275,15
229,45,15
39,305,15
149,463,15
224,377,15
62,247,15
41,301,15
91,39,15
37,297,15
116,219,15
61,153,15
36,213,15
39,87,15
74,83,15
54,265,15
104,345,15
184,301,15
163,91,15
64,357,15
79,213,15
136,177,15
134,441,15
131,35,15
48,223,15
175,269,15
110,375,15
37,283,15
71,221,15
79,33,15
43,541,15
71,229,15
75,219,15
67,253,15
301,271,15
32,375,15
287,35,15
101,233,15
45,187,15
149,159,15
89,55,15
89,159,15
95,529,15
45,229,15
101,115,15
101,91,15
35,7,15
78,287,15
119,313,15
101,259,15
112,247,15
73,267,15
42,159,15
59,375,15
221,167,15
39,39,15
74,5,15
85,309,15
41,329,15
85,309,15
108,377,15
119,505,15
55,289,15
61,393,15
38,123,15
63,1,15
164,153,15
106,457,15
64,139,15
59,25,15
53,279,15
87,229,15
113,109,15
153,191,15
77,277,15
119,121,15
59,315,15
347,143,15
65,589,15
101,421,15
229,387,15
113,95,15
181,359,15
94,91,15
371,229,15
113,463,15
224,223,15
226,367,15
184,533,15
108,537,15
154,197,15
56,45,15
104,167,15
90,513,15
169,311,15
41,619,15
193,563,15
61,595,15
224,433,15
88,313,15
149,215,15
254,313,15
76,75,15
54,17,15
164,25,15
119,161,15
106,135,15
131,491,15
581,101,15
123,299,15
61,375,15
86,409,15
164,143,15
40,255,15
163,133,15
71,125,15
105,203,15
63,311,15
43,469,15
149,335,15
80,235,15
43,469,15
161,459,15
109,239,15
106,459,15
49,123,15
38,213,15
43,65,15
49,35,15
239,31,15
41,307,15
37,165,15
139,471,15
139,27,15
74,263,15
50,375,15
41,309,15
44,103,15
169,373,15
151,409,15
72,363,15
32,221,15
118,83,15
58,235,15
46,51,15
61,55,15
134,87,15
79,415,15
129,215,15
58,7,15
59,41,15
47,257,15
41,245,15
111,547,15
71,537,15
121,73,15
48,483,15
116,363,15
81,179,15
75,341,15
104,369,15
91,185,15
33,305,15
259,365,15
42,9,15
56,39,15
108,147,15
121,73,15
207,17,15
65,169,15
151,1,15
32,49,15
42,145,15
56,207,15
30,179,15
128,459,15
43,27,15
79,307,15
68,27,15
170,15,15
116,159,15
49,197,15
134,7,15
89,567,15
91,337,15
331,25,15
83,533,15
22,201,15
59,97,15
38,407,15
121,247,15
184,243,15
47,195,15
144,119,15
64,475,15
45,343,15
47,441,15
55,213,15
21,339,15
32,63,15
68,341,15
114,219,15
165,31,15
59,319,15
36,59,15
24,287,15
32,67,15
37,289,15
47,175,15
48,65,15
71,11,15
26,425,15
134,63,15
74,261,15
63,331,15
83,133,15
28,489,15
24,245,15
601,47,15
119,215,15
46,435,15
158,291,15
202,189,15
33,223,15
124,245,15
134,111,15
214,243,15
74,425,15
169,91,15
124,293,15
29,289,15
61,253,15
49,329,15
53,359,15
119,215,15
91,439,15
50,205,15
79,299,15
109,357,15
326,243,15
42,363,15
22,169,15
31,349,15
76,213,15
48,119,15
124,425,15
42,263,15
214,173,15
214,339,15
32,65,15
47,461,15
109,47,15
146,977,16
119,1237,16
105,923,16
179,791,16
141,1093,16
143,1183,16
383,929,16
47,1171,16
55,1235,16
179,1583,16
197,679,16
188,1163,16
346,1415,16
113,871,16
107,1233,16
626,541,16
60,1127,16
149,1183,16
140,1363,16
541,1543,16
87,1809,16
118,1075,16
36,385,16
60,1025,16
821,1051,16
153,1303,16
163,1287,16
166,1359,16
59,1209,16
195,1627,16
260,1521,16
185,1759,16
233,1043,16
51,1081,16
107,1475,16
601,679,16
151,1117,16
129,1317,16
83,1935,16
107,1757,16
821,1213,16
140,1217,16
275,873,16
203,969,16
361,2041,16
199,1667,16
526,1215,16
841,1057,16
496,1793,16
241,1521,16
85,1771,16
187,1651,16
393,655,16
97,1251,16
274,1107,16
46,991,16
269,1241,16
207,1317,16
274,1557,16
189,963,16
716,859,16
158,751,16
155,1269,16
235,1631,16
187,1779,16
155,1139,16
380,1407,16
259,747,16
506,1429,16
259,1357,16
481,1303,16
169,831,16
109,1499,16
97,1777,16
511,1567,16
411,1037,16
141,919,16
149,1069,16
152,1155,16
89,1467,16
174,1037,16
646,855,16
254,1487,16
269,1377,16
336,781,16
356,1131,16
88,1311,16
45,1309,16
297,1677,16
142,1287,16
168,1339,16
661,1193,16
221,1045,16
407,1049,16
113,1035,16
111,1279,16
129,1621,16
237,599,16
58,779,16
234,1007,16
193,1481,16
120,1683,16
57,1161,16
224,1303,16
105,1823,16
219,769,16
124,1725,16
118,1373,16
332,1015,16
215,1703,16
145,1357,16
68,1395,16
187,1231,16
422,1053,16
481,1175,16
93,1787,16
161,1521,16
122,1851,16
154,1565,16
65,1177,16
216,951,16
112,1273,16
244,1107,16
611,1147,16
163,1411,16
125,851,16
68,829,16
296,1325,16
137,1517,16
107,1667,16
436,1017,16
226,1089,16
65,961,16
108,1583,16
180,1455,16
506,1179,16
568,1109,16
90,1517,16
52,1221,16
409,803,16
179,1569,16
68,819,16
104,1701,16
206,1941,16
98,1893,16
416,1725,16
551,1373,16
136,951,16
330,1221,16
170,1359,16
452,1017,16
169,805,16
105,637,16
172,1247,16
230,941,16
81,1535,16
80,2163,16
101,1517,16
371,1931,16
99,1129,16
83,1313,16
203,675,16
76,1007,16
434,1209,16
81,1553,16
192,2067,16
641,955,16
104,1441,16
566,659,16
145,1073,16
93,1737,16
95,1749,16
251,1723,16
117,1465,16
521,1547,16
393,2415,16
70,833,16
142,1327,16
158,1349,16
185,2045,16
255,1867,16
208,1095,16
305,1229,16
65,975,16
112,1403,16
84,1541,16
50,1075,16
119,1641,16
129,1521,16
611,957,16
89,1635,16
53,629,16
481,1193,16
97,1917,16
442,1569,16
121,745,16
44,1407,16
113,1233,16
337,1171,16
179,1103,16
601,1721,16
70,1359,16
219,1399,16
178,1179,16
150,1229,16
60,1175,16
159,747,16
367,1631,16
401,1323,16
149,1287,16
95,1363,16
139,1053,16
431,1381,16
139,1571,16
153,1025,16
100,1813,16
97,1263,16
75,1305,16
61,801,16
72,1361,16
122,1165,16
51,457,16
119,1821,16
165,471,16
386,1331,16
81,1367,16
111,1715,16
111,1653,16
476,1261,16
84,1397,16
63,743,16
129,1699,16
93,1911,16
97,1739,16
97,1735,16
63,1933,16
183,773,16
209,1749,16
73,1453,16
124,1169,16
164,2067,16
99,1703,16
75,1093,16
331,1361,16
145,1255,16
93,889,16
186,1335,16
117,1407,16
451,1727,16
90,1265,16
69,1553,16
281,1263,16
356,1155,16
240,2203,16
152,1853,16
257,1925,16
141,1005,16
97,2111,16
79,945,16
197,1241,16
169,2307,16
108,1485,16
93,1023,16
123,1197,16
226,1071,16
39,931,16
476,369,16
98,1245,16
290,1309,16
155,871,16
254,813,16
378,1481,16
228,1791,16
184,1261,16
240,1473,16
197,1067,16
751,1097,16
151,2743,16
301,2057,16
611,1171,16
160,1511,16
56,1367,16
108,1817,16
335,1447,16
54,1791,16
526,743,16
115,1505,16
86,1505,16
407,197,16
81,481,16
103,2063,16
121,581,16
141,877,16
57,465,16
30,235,16
40,1107,16
250,1167,16
671,1435,16
245,1037,16
406,1599,16
701,1411,16
341,1765,16
686,891,16
99,1053,16
412,1287,16
242,1161,16
153,1723,16
238,1323,16
173,1199,16
301,347,16
123,1425,16
204,1511,16
109,981,16
172,1255,16
331,1615,16
275,1609,16
249,1081,16
491,811,16
124,2317,16
75,505,16
33,1541,16
70,1623,16
137,1221,16
79,1625,16
569,473,16
199,537,16
388,1857,16
506,1661,16
152,1423,16
217,1797,16
85,2749,16
299,1141,16
269,1275,16
156,1275,16
182,1715,16
146,1583,16
172,1389,16
101,1491,16
105,1945,16
224,947,16
286,347,16
145,1187,16
65,1917,16
150,1493,16
78,2199,16
56,2249,16
147,1845,16
106,1275,16
511,1143,16
82,1325,16
120,903,16
251,2581,16
526,1375,16
68,1899,16
155,873,16
96,1697,16
125,2005,16
136,2273,16
86,1603,16
182,1755,16
117,1403,16
161,1747,16
551,941,16
83,493,16
87,1335,16
78,605,16
67,1107,16
171,855,16
119,1839,16
39,1061,16
191,1531,16
61,1183,16
346,1287,16
371,1963,16
71,1353,16
117,2057,16
183,1971,16
72,1463,16
53,891,16
73,781,16
162,785,16
145,1053,16
361,1121,16
421,1729,16
189,2033,16
102,1511,16
121,1225,16
180,1257,16
220,2031,16
73,1765,16
97,1991,16
356,1731,16
221,2201,16
208,1121,16
182,1821,16
49,659,16
61,1109,16
34,275,16
255,397,16
268,513,16
60,459,16
59,951,16
60,1927,16
496,1305,16
119,1001,16
303,769,16
175,1137,16
155,1745,16
231,515,16
391,1313,16
128,359,16
301,881,16
129,929,16
231,1095,16
122,1249,16
89,1413,16
342,901,16
274,1485,16
54,353,16
114,1909,16
128,1135,16
160,1505,16
87,527,16
62,1297,16
137,943,16
63,1623,16
124,699,16
84,1975,16
93,1129,16
171,1067,16
150,1125,16
149,1033,16
50,337,16
334,153,16
17,117,16
235,913,16
73,381,16
79,391,16
176,621,16
121,31,16
94,525,16
236,261,16
124,109,16
124,413,16
96,19,16
74,225,16
124,397,16
119,687,16
154,107,16
166,527,16
254,287,16
71,149,16
175,3,16
124,179,16
139,261,16
194,855,16
70,531,16
92,107,16
211,297,16
62,281,16
134,177,16
149,729,16
49,221,16
35,199,16
102,579,16
91,417,16
83,291,16
176,237,16
129,117,16
70,109,16
71,209,16
811,121,16
301,353,16
93,379,16
33,315,16
169,627,16
559,331,16
431,443,16
341,733,16
721,511,16
73,567,16
165,303,16
79,27,16
115,23,16
53,477,16
39,231,16
185,65,16
256,665,16
64,443,16
138,93,16
136,601,16
194,95,16
48,285,16
131,251,16
72,765,16
59,293,16
98,511,16
79,121,16
68,395,16
92,343,16
466,351,16
43,367,16
109,547,16
195,131,16
71,129,16
59,451,16
209,941,16
269,409,16
102,859,16
139,805,16
154,405,16
151,303,16
173,253,16
239,61,16
241,729,16
253,81,16
221,253,16
371,11,16
496,409,16
153,847,16
209,671,16
59,93,16
491,331,16
119,391,16
55,575,16
103,307,16
80,15,16
138,81,16
62,353,16
91,283,16
209,383,16
74,357,16
142,693,16
65,11,16
184,427,16
115,85,16
128,677,16
172,393,16
117,127,16
93,71,16
511,161,16
78,223,16
121,853,16
222,333,16
558,393,16
183,133,16
229,1079,16
67,273,16
79,265,16
122,281,16
401,43,16
149,151,16
49,245,16
253,705,16
164,47,16
164,217,16
164,279,16
55,311,16
85,777,16
56,381,16
271,105,16
73,633,16
124,937,16
154,175,16
259,429,16
147,29,16
80,587,16
327,101,16
27,607,16
209,439,16
176,493,16
169,381,16
53,181,16
118,647,16
141,461,16
47,971,16
101,115,16
408,17,16
68,165,16
33,3,16
53,421,16
92,375,16
87,411,16
101,371,16
93,429,16
177,261,16
181,185,16
63,475,16
134,441,16
67,431,16
144,537,16
65,339,16
91,375,16
53,483,16
112,393,16
113,395,16
101,927,16
117,29,16
79,435,16
149,103,16
164,785,16
61,23,16
224,105,16
71,133,16
77,349,16
161,493,16
143,87,16
224,135,16
239,369,16
163,649,16
257,11,16
207,457,16
125,267,16
71,341,16
137,569,16
31,155,16
87,377,16
64,391,16
75,431,16
81,389,16
241,407,16
209,273,16
391,673,16
266,59,16
50,319,16
89,329,16
41,251,16
18,187,16
22,1,16
61,33,16
121,361,16
45,181,16
429,271,16
121,329,16
124,747,16
100,115,16
79,379,16
244,131,16
163,377,16
74,93,16
116,245,16
116,325,16
159,247,16
176,243,16
341,1029,16
256,783,16
64,139,16
81,205,16
356,571,16
56,189,16
376,591,16
128,947,16
95,457,16
84,47,16
133,539,16
151,743,16
159,247,16
252,203,16
43,191,16
62,73,16
49,565,16
57,427,16
74,531,16
67,551,16
49,35,16
62,669,16
169,277,16
59,713,16
116,421,16
23,665,16
90,611,16
111,625,16
50,273,16
91,135,16
151,439,16
176,309,16
135,415,16
33,111,16
43,213,16
91,627,16
39,203,16
82,541,16
185,361,16
59,475,16
101,633,16
42,521,16
43,71,16
60,63,16
272,135,16
194,615,16
371,115,16
115,453,16
61,391,16
35,171,16
181,607,16
94,333,16
139,315,16
164,177,16
70,205,16
41,487,16
55,583,16
451,673,16
100,281,16
39,373,16
149,879,16
43,435,16
46,533,16
154,869,16
133,5,16
108,867,16
77,551,16
73,349,16
81,237,16
70,339,16
99,423,16
151,387,16
334,675,16
85,93,16
334,549,16
23,81,16
132,567,16
64,675,16
41,723,16
157,159,16
78,237,16
182,693,16
75,579,16
140,495,16
75,7,16
511,217,16
159,41,16
123,31,16
73,65,16
61,287,16
43,237,16
221,299,16
25,641,16
176,149,16
159,121,16
40,139,16
53,363,16
121,215,16
122,481,16
103,109,16
100,405,16
203,341,16
56,293,16
42,5,16
90,57,16
62,491,16
84,279,16
111,517,16
65,429,16
70,77,16
29,89,16
79,99,16
34,535,16
78,267,16
179,991,16
74,127,16
71,13,16
50,27,16
59,87,16
63,683,16
26,593,16
34,137,16
79,487,16
389,517,16
94,309,16
36,365,16
64,315,16
55,589,16
161,75,16
63,113,16
81,107,16
47,529,16
331,449,16
131,575,16
541,575,16
111,321,16
71,279,16
175,69,16
68,53,16
51,233,16
47,273,16
183,249,16
125,525,16
90,383,16
78,45,16
35,41,16
156,639,16
416,141,16
226,343,16
316,369,16
162,35,16
27,205,16
46,585,16
199,347,16
64,325,16
68,797,16
