9,0,3
7,2.02988321282,4
9,0,5
9,2.82812208833,5
11,3.1639632289,6
17,4.4008325161,6
27,5.69302109128,6
9,2e-7,7
11,3.33174423164,7
21,4.592125697,7
23,5.1379412019,7
35,6.4435373809,7
45,7.0849259535,7
53,7.6433751724,7
9,3.4272052463,8
21,4.9352426783,8
27,5.2386841008,8
25,5.50048641635,8
35,6.9971891478,8
51,7.4752374295,8
47,7.0221965891,8
55,7.8013412244,8
59,7.58818022364,8
69,8.651148558,8
69,8.2863168178,8
83,8.9358569275,8
79,8.5312322015,8
93,9.217800316,8
105,9.9306482938,8
117,10.5790219169,8
135,10.9859076063,8
203,12.3509062092,8
13,0,8
11,4.1249032518,8
31,6.7837135198,8
9,0,9
11,3.4866601463,9
19,4.99485640413,9
25,5.5565188163,9
27,5.69844175094,9
47,7.2036007616,9
59,8.0148614578,9
59,8.1923479624,9
69,8.0168155657,9
85,8.7734572821,9
73,8.2885890429,9
91,8.8366423439,9
101,9.1350940379,9
93,8.954989262,9
121,9.8854986603,9
117,9.88300696,9
105,9.4745804535,9
135,10.057729636,9
129,10.032547448,9
121,9.6443040738,9
145,10.183265536,9
137,10.6207270212,9
159,10.611348294,9
165,10.8337291089,9
179,11.390305148,9
173,10.595840515,9
191,10.9999809583,9
215,11.5631770163,9
195,12.2058561651,9
231,11.954526968,9
243,11.686312208,9
287,13.0998998459,9
311,13.280455636,9
401,14.3445813878,9
45,7.9405792478,9
95,9.8845786531,9
163,10.9894495926,9
271,12.932858702,9
249,12.810310003,9
475,15.0183428579,9
175,12.098936026,9
7,4.0568602242,9
15,5.90408585851,9
29,7.40676757237,9
55,8.6020311664,9
19,4.75170196552,9
77,10.0499578613,9
85,9.5318798358,9
73,9.4270736278,9
11,3.5261959907,10
19,5.1148414603,10
25,5.7321047868,10
23,5.8171296928,10
41,7.37393513427,10
73,8.3909376067,10
95,9.1159063956,10
29,6.0832348371,10
73,8.2940996752,10
93,9.1805736441,10
113,9.3704424414,10
127,9.8174951907,10
171,10.57848019,10
195,10.937689414,10
87,8.973449326,10
121,9.546642305,10
87,8.5367555992,10
173,10.639844271,10
135,9.8447713027,10
61,8.3173787184,10
111,9.6751411442,10
137,9.9818665179,10
221,11.3932246349,10
191,10.9774547368,10
271,11.8757796037,10
233,11.352017558,10
321,12.3841319661,10
145,10.264674947,10
243,11.602905247,10
269,11.8287575695,10
199,11.044264031,10
297,12.0909368719,10
251,11.5356739323,10
61,8.4222666679,10
139,10.394496786,10
141,10.4761855403,10
179,10.9658105324,10
205,11.3493135472,10
229,11.5895187274,10
367,12.8887403303,10
315,12.376615499,10
429,13.2398483668,10
339,12.6025961143,10
393,12.968994205,10
503,13.7160759848,10
35,7.7169998093,10
75,9.3851941567,10
141,10.378901449,10
205,11.4531933662,10
165,11.1988897921,10
303,12.6313795199,10
199,11.537548182,10
339,12.8868474202,10
113,10.5913111336,10
227,12.185540627,10
267,12.3988021558,10
419,13.5885585022,10
265,12.7213306985,10
367,13.3899441414,10
477,13.9800415357,10
45,8.4585802676,10
101,10.141469036,10
189,11.5116912918,10
153,10.8680927131,10
255,12.0764614345,10
361,13.029268871,10
249,12.4216305054,10
185,11.6370352293,10
509,14.1265051707,10
295,12.5108877304,10
395,13.385228746,10
353,12.929594687,10
463,13.706880842,10
257,12.0060369984,10
425,13.4307487843,10
219,11.512860414,10
263,12.074711681,10
297,12.502099197,10
251,12.5402952185,10
333,13.3940444715,10
499,14.4926670316,10
229,12.4314795313,10
457,14.258051849,10
519,14.7098987816,10
163,11.7977736599,10
475,14.34125614,10
417,14.2736445981,10
695,15.6466491718,10
691,15.566058923,10
383,13.8661498633,10
333,13.4870224203,10
529,14.8553501716,10
255,13.0164671649,10
307,13.311566525,10
573,15.0478528846,10
587,15.1778514277,10
503,14.8527467084,10
435,14.4129190236,10
435,14.334344519,10
231,12.8108825665,10
471,14.6875068376,10
333,13.7273432971,10
363,13.8747895699,10
389,14.107126688,10
565,15.181695505,10
365,13.933018994,10
609,15.352852697,10
217,12.9046239529,10
495,14.900208603,10
467,14.7774626651,10
381,14.265023013,10
471,14.755884076,10
863,16.4734736615,10
561,15.3049043434,10
835,16.6380380564,10
587,15.4238665073,10
727,16.125443524,10
611,15.5452149057,10
689,15.9386941263,10
757,16.2713682822,10
931,16.9748770322,10
735,16.410823159,10
987,17.085709483,10
13,0,10
15,4.6119613745,10
27,6.9042561238,10
71,8.8968167596,10
17,5.86053930174,10
55,8.9015166373,10
19,6.77819889005,10
75,9.4650216573,10
11,4.05686022424,10
29,7.7983002322,10
43,8.3929225083,10
125,10.6871749683,10
27,7.74627454623,10
51,9.2505562627,10
99,10.4672462427,10
21,4.85117075733,10
17,5.2125668223,10
35,7.9364742292,10
23,6.7708167807,10
61,9.07089927,10
139,10.7965949841,10
21,5.04489916292,10
95,10.5610167549,10
61,9.417590916,10
89,10.2602434363,10
157,11.4427267789,10
71,10.0813628566,10
169,11.8430447517,10
49,8.5360653472,10
31,7.3743438893,10
47,9.2498874439,10
53,9.250541613,10
117,11.1633906422,10
227,12.665333285,10
195,12.2712363584,10
143,11.7406410379,10
43,9.2039166061,10
15,5.6387729489,10
113,10.6933605467,10
241,13.2900030686,10
185,12.5066879309,10
129,11.60308465,10
907,15.6438748417,11
1095,16.5881285059,11
747,15.5500298075,11
449,14.1846224387,11
883,15.5012280953,11
1025,15.843962448,11
449,13.5337608551,11
711,14.9161851677,11
151,11.3849850792,11
619,14.6473479227,11
667,14.723913275,11
579,14.261766027,11
135,10.735423359,11
1017,16.4065722209,11
591,15.128809655,11
589,14.45791993,11
885,16.101276406,11
911,16.0299593212,11
1413,17.7862653976,11
737,15.3455371203,11
241,12.6394143264,11
507,14.6532728222,11
573,14.3487806314,11
1457,17.9005581498,11
1413,17.786265398,11
1457,17.9005581498,11
1161,17.019211259,11
785,15.879937783,11
667,15.718146009,11
1283,17.347783795,11
857,15.4015885303,11
1073,16.0546665053,11
417,13.8945620052,11
759,14.9741512703,11
789,15.3716803409,11
795,15.1597193981,11
399,13.338428221,11
783,15.6825658421,11
493,14.0334129389,11
355,12.8866759899,11
709,14.685443776,11
629,14.5336008778,11
1051,16.3093198865,11
789,15.5977141458,11
389,13.212342585,11
333,13.06336076,11
789,15.597714146,11
713,15.118084339,11
639,15.1714491959,11
321,13.4737186538,11
757,15.1158729988,11
1031,16.824255724,11
415,14.4160262614,11
1103,16.7028912584,11
213,11.6846141704,11
661,14.5405858717,11
541,14.735401221,11
321,12.8069118213,11
55,8.5671613763,11
361,13.0589813933,11
531,14.3182759478,11
99,10.6386212519,11
451,14.0116429411,11
535,14.0131392696,11
135,10.686500306,11
749,15.8010591707,11
833,16.0997938711,11
489,14.700257745,11
1119,16.740275151,11
1347,17.4335108698,11
1433,17.3873093755,11
1289,17.1729889733,11
1783,18.4184085903,11
205,12.3051584396,11
347,12.6919564974,11
1179,16.9805132046,11
929,15.2573285948,11
843,15.3316327184,11
1133,16.8714020743,11
1021,16.51612416,11
799,16.0509673268,11
413,13.88825994,11
649,14.770315231,11
545,13.8695704445,11
577,14.0551141455,11
381,13.557360491,11
795,15.1380715584,11
535,14.1444103555,11
763,14.728081872,11
327,12.5187522513,11
889,15.132711528,11
549,14.2422418427,11
391,13.1111949813,11
625,14.4580456522,11
217,11.7606850785,11
799,14.8743968728,11
205,12.1699852873,11
291,12.021711939,11
939,16.608597211,11
1123,16.175511492,11
1643,18.5209505598,11
545,14.686109322,11
305,13.221837613,11
873,15.7183393409,11
655,14.7170008078,11
433,13.4001218463,11
615,14.3063609531,11
479,14.23678351,11
733,15.1191270696,11
477,13.471654337,11
493,13.6745003315,11
873,16.342975588,11
595,15.6778311564,11
1329,17.558362781,11
773,16.428298344,11
1089,17.0879707604,11
725,14.5969667607,11
387,13.34965123,11
255,12.0579780971,11
647,14.3126452347,11
761,14.7555257262,11
909,16.459423222,11
705,15.9713280151,11
1417,17.5239680022,11
1813,18.645495339,11
1189,17.209201201,11
981,16.6559488544,11
941,15.694316644,11
629,15.5089284684,11
827,15.9906358068,11
981,16.9145940381,11
1039,16.778822444,11
279,12.9477946092,11
823,15.484062343,11
1301,17.6563585372,11
1529,18.0711194078,11
601,15.5094892668,11
1475,18.0471431402,11
511,13.730539084,11
153,10.6274961814,11
499,14.9455563073,11
123,11.4137894629,11
413,13.608420466,11
273,11.8228580914,11
317,12.3910776154,11
829,16.2882197282,11
1305,17.2352756294,11
665,15.772817129,11
901,16.266319991,11
851,16.2111300625,11
885,16.1582319131,11
691,15.641350474,11
399,13.4112858226,11
217,11.5462346652,11
1733,18.5384357448,11
439,14.085633035,11
1031,16.8127595544,11
729,16.2349532997,11
681,14.4088730503,11
1177,17.098517193,11
111,11.0125693285,11
1603,18.2450339,11
723,15.919292822,11
1649,18.3584972752,11
317,12.5728525346,11
149,10.3670781482,11
663,15.503183879,11
869,16.368944112,11
767,16.1442993652,11
2015,19.2051071754,11
1933,18.671206879,11
1129,17.2020353109,11
1061,16.745582495,11
247,12.1343424373,11
545,13.9605343139,11
641,14.1347788315,11
433,13.045037167,11
783,14.6423649964,11
101,10.0674254534,11
375,12.7427818874,11
511,13.8790350662,11
205,11.269287252,11
711,14.430442634,11
351,12.4498525222,11
585,13.8722288467,11
491,13.6435153691,11
755,14.9449804407,11
167,10.658860423,11
1283,17.3741603158,11
305,12.2348913486,11
337,12.3995473696,11
441,13.2007598665,11
463,13.353162453,11
407,13.796811542,11
87,9.3133692251,11
1235,17.285519786,11
1173,17.4105931061,11
689,15.065955176,11
491,13.9644336864,11
349,13.7590705486,11
319,12.6076110174,11
695,14.871122022,11
137,10.261331859,11
525,13.6080158898,11
385,12.879837056,11
359,12.7355549891,11
597,13.9792284963,11
1181,17.3022803022,11
241,11.5224314442,11
177,10.8804743675,11
1407,17.7092062649,11
1267,17.5099487862,11
187,11.7947414285,11
921,16.7321609249,11
1235,17.2795328928,11
1135,17.246192208,11
983,16.7439518533,11
371,13.4577847478,11
361,12.6214634364,11
295,12.2428196225,11
533,13.8903308345,11
229,12.698136058,11
421,13.0758567016,11
93,9.3622369607,11
221,11.5144267794,11
1199,17.349486765,11
1035,16.8089509808,11
235,11.4893426599,11
89,9.2744158627,11
541,14.7354012211,11
805,16.4522958018,11
1779,18.729559373,11
39,7.4400121192,11
249,11.8445058344,11
539,13.7186953697,11
453,13.6546527689,11
177,10.8467108673,11
2287,19.573726277,11
147,10.6980651536,11
487,13.7014182472,11
87,9.0332841114,11
215,11.4767284876,11
1275,17.3477020285,11
291,12.4730777456,11
53,8.5005839133,11
11,3.55381991851,11
1429,17.7144912486,11
631,15.7969538089,11
333,13.8029972867,11
1031,16.9234902697,11
961,16.8559288089,11
1031,16.9234902697,11
961,16.855928809,11
1127,17.307403388,11
899,16.7428819011,11
467,13.730082559,11
235,11.987721108,11
267,12.5200927609,11
217,11.8188868978,11
847,15.9423485573,11
575,14.8138761185,11
331,13.720439897,11
983,16.235341603,11
579,14.8554963022,11
2609,20.2285700119,11
2141,19.5157631767,11
1031,17.338213512,11
1217,18.0173445,11
1015,17.032426283,11
1707,18.789011351,11
1277,17.7392681473,11
1507,18.4007937269,11
1645,18.650513753,11
985,16.9486128064,11
1541,18.3555862618,11
973,16.9206772131,11
1055,17.2111525577,11
351,14.415976156,11
571,15.3110325762,11
1363,18.311092358,11
801,16.6493724694,11
1215,17.62948817,11
1941,19.26434379,11
1471,18.3328397396,11
1187,17.8935730344,11
2003,19.3323265954,11
2579,20.2067067599,11
1169,17.551461374,11
1047,17.344209674,11
491,14.579913085,11
909,16.2254977713,11
255,13.4595926675,11
829,16.0734792318,11
629,15.5091566017,11
641,15.7452224053,11
1809,18.851260209,11
955,16.2797824463,11
437,14.341754318,11
1343,17.9978752289,11
2369,19.8328838541,11
1425,18.3942869094,11
1207,17.7790123731,11
751,16.2483408247,11
947,17.2512367071,11
547,13.523847403,11
309,11.9837752878,11
201,10.8655492549,11
419,12.820679221,11
157,10.1293336601,11
297,11.8940786492,11
771,16.0409283012,11
223,13.3553124368,11
1741,18.9578337634,11
1449,18.2725217977,11
783,15.8582476622,11
833,16.060550596,11
1099,17.2773181419,11
801,16.233238173,11
611,15.7363678761,11
841,16.2583155519,11
1295,17.6972228106,11
273,13.4472711051,11
467,15.0339305645,11
441,14.412592238,11
1655,18.689330092,11
2039,19.235624253,11
1249,17.6919348861,11
1121,17.4304911615,11
331,14.4186843781,11
739,16.0067795424,11
2241,19.7120465547,11
165,10.2750992752,11
89,8.78087299,11
281,11.733803113,11
141,9.9980010358,11
395,12.7190595138,11
209,11.542018579,11
141,10.1171412449,11
389,12.9962340178,11
143,10.4619455151,11
23,5.8387546286,11
25,5.8936270443,11
949,16.4335868338,11
367,14.215956919,11
377,14.689751257,11
661,15.4926605663,11
1087,17.560012045,11
1331,17.9314163727,11
1981,19.324263731,11
1589,18.525264024,11
909,17.1581968842,11
859,16.150985431,11
539,15.1817103544,11
67,8.423244315,11
333,12.314988694,11
437,13.0500099302,11
29,6.102803165,11
121,9.6718805839,11
119,9.7684862371,11
209,12.2200101055,11
43,8.765193679,11
33,6.2970196529,11
19,5.1402065631,11
109,9.8326799201,11
359,12.7680747671,11
9,0,11
53,9.7004774764,11
235,12.5931738692,11
137,11.5633543073,11
173,12.5530574707,11
391,14.1155831965,11
87,11.406953378,11
339,13.8902290682,11
211,13.0980494422,11
67,10.317504563,11
333,13.5825405062,11
247,13.0518140358,11
33,8.0703133581,11
19,6.56631160282,11
139,10.8396605273,11
89,9.9480467091,11
95,10.7763575467,11
137,11.3587808532,11
65,10.1472698783,11
9,4.7698896023,11
49,9.4105654867,11
173,12.4679853116,11
233,13.189019383,11
73,10.8083240482,11
51,9.905485566,11
175,12.1829539794,11
113,11.7289013332,11
41,9.3336768785,11
29,8.0616459501,11
189,11.7973859547,11
73,9.73656555,11
67,10.5313844228,11
379,13.9389693799,11
203,12.6361613174,11
91,11.2191177254,11
619,15.794506071,11
339,14.482843438,11
57,9.9652450421,11
11,4.12490325181,11
139,12.7511257456,11
483,15.4046936813,11
205,13.7623119991,11
91,11.2191177254,11
619,15.7945060706,11
339,14.482843438,11
139,12.7511257456,11
483,15.4046936813,11
205,13.7623119991,11
63,9.9960396254,11
27,6.9091101321,11
61,10.2067650006,11
51,9.5042153907,11
259,12.58770356,11
91,10.3948496875,11
123,11.4400790927,11
261,12.846177386,11
71,10.337213833,11
19,5.8605393017,11
69,9.9783302859,11
199,11.8950163396,11
57,9.4871610638,11
37,8.275143802,11
75,9.6144562618,11
87,9.8999617546,11
19,7.2396520759,11
87,11.4167453632,11
439,14.434139496,11
67,10.650322386,11
307,13.336420695,11
151,11.9560492158,11
23,6.721993288,11
291,13.5931203961,11
501,14.6933600094,11
67,10.4045367402,11
67,10.40453674,11
291,13.5931203961,11
135,12.3124579795,11
131,11.960381646,11
135,12.3124579795,11
21,6.75197109994,11
85,10.834307537,11
73,10.9559655331,11
35,8.6899863753,11
185,12.0122016233,11
99,11.4315969453,11
137,11.726685319,11
101,11.7194755782,11
185,12.3434206058,11
29,7.4448364196,11
275,12.7807670858,11
117,11.0273882834,11
57,9.9035154583,11
39,8.7707685526,11
171,12.5838720629,11
253,14.0065220919,11
117,11.1971415517,11
51,9.0469957345,11
63,10.1830095522,11
369,13.7590471081,11
125,11.6343543952,11
145,11.573623858,11
101,11.1670241433,11
31,7.24432035087,11
307,13.41618972,11
37,7.34941599622,11
359,13.642095873,11
55,9.9962874004,11
47,9.2729205302,11
431,14.6101514387,11
251,13.086946668,11
145,12.549436862,11
45,8.6124939641,11
245,13.3685536913,11
81,11.016388303,11
227,12.891371562,11
475,14.7633893162,11
27,7.7544537602,11
105,11.3951847369,11
49,8.8825642419,11
351,14.36817488,11
155,12.7750539416,11
149,12.270947399,11
57,9.7304954604,11
249,13.5240334663,11
273,13.6990525478,11
329,14.0835460343,11
71,10.763876755,11
233,13.1289761757,11
123,12.2619286708,11
143,11.7204020914,11
207,13.3478918673,11
373,14.372309463,11
55,10.266827761,11
77,10.9920402766,11
185,13.0489324662,11
31,8.0398755969,11
303,13.794814975,11
227,12.3640612618,11
31,7.77671151289,11
17,5.5697154383,11
183,11.4115512266,11
31,7.8034944955,11
93,11.18083695,11
49,9.3137681046,11
331,13.8021246265,11
47,9.0120715494,11
307,14.496953054,11
127,12.651668655,11
431,15.461720863,11
81,11.136256335,11
441,14.7873167991,11
137,12.433909373,11
137,12.4339093727,11
235,13.0744970955,11
499,15.3090275836,11
161,12.3848060905,11
445,15.3971577628,11
327,14.7470628727,11
141,12.7254139067,11
403,15.1809941552,11
345,14.3017671098,11
295,13.727562853,11
195,13.1068761212,11
181,13.1502423526,11
593,15.816873297,11
275,14.195407328,11
331,14.2087215208,11
429,15.0132170138,11
79,10.817292528,11
301,13.6098042261,11
327,13.606648537,11
177,13.391480356,11
175,13.5803664566,11
753,16.7284050472,11
309,13.982076611,11
321,14.5344848718,11
545,16.091722813,11
723,16.9983382324,11
467,14.7988728577,11
223,12.696529344,11
135,11.3450038487,11
679,16.3896767726,11
85,11.4109294144,11
607,16.3840371986,11
891,17.099956866,11
2121,18.4603520487,12
1163,16.859535763,12
3115,20.011425617,12
3115,20.011425617,12
1793,17.4656298298,12
1771,17.3165431731,12
849,15.371521343,12
1685,17.8110361746,12
1687,17.7549522369,12
1419,16.666516091,12
1143,16.8808904915,12
123,10.8977367267,12
2083,18.1476580409,12
1995,18.1923250086,12
1535,18.0733576891,12
947,16.039727028,12
1463,17.333486394,12
3391,20.3085565072,12
1477,17.094909665,12
2391,19.1772447974,12
2067,18.695994307,12
1963,18.425031895,12
745,16.1736683103,12
1319,16.9694458812,12
2367,18.742377557,12
2227,19.024250581,12
2141,17.7636588905,12
2317,18.5909476933,12
1089,16.085845228,12
2669,19.386119573,12
761,15.2194080934,12
2669,19.3861195727,12
2551,19.551318072,12
2551,19.5513180723,12
2027,18.6151819384,12
1475,16.6288251578,12
191,11.8740449492,12
403,13.580781023,12
411,13.5111258,12
993,15.6495481073,12
2619,19.884074905,12
597,15.1907067339,12
633,14.7725260001,12
733,15.3707956555,12
1335,16.4704067471,12
1277,16.5026823827,12
1385,17.372238123,12
1867,18.3492536533,12
3235,19.7541519251,12
1219,16.296445445,12
953,16.5763561027,12
775,15.1287487897,12
1669,17.2595108525,12
907,15.9551710935,12
2735,19.1834745595,12
561,14.9979127846,12
3755,20.6693789106,12
2087,18.5816559567,12
1635,17.0053872426,12
2763,19.3328454557,12
805,15.6169736268,12
937,15.5375116244,12
345,12.6325833096,12
2233,19.075571229,12
1253,16.2546754581,12
321,13.6885711931,12
1547,17.6040158562,12
875,15.6274976366,12
799,15.1719296117,12
1673,17.1898341977,12
2207,18.6443076751,12
1881,18.669774264,12
2845,19.621303042,12
903,16.82564196,12
2561,19.47836898,12
1987,17.7372014217,12
1019,16.18463167,12
983,15.450505729,12
2301,19.1850139656,12
929,15.3417975613,12
911,15.3200380527,12
1655,18.100061987,12
1955,18.6395283687,12
3243,20.363568969,12
1259,16.533059086,12
2781,19.8011258328,12
1923,18.9126227604,12
369,14.2173809341,12
1979,18.971700612,12
2451,19.539832716,12
2463,19.22397388,12
2597,19.396709065,12
3177,20.608018489,12
673,15.325934412,12
2945,19.884656308,12
4517,21.339236301,12
2325,19.621002296,12
5443,22.163242669,12
667,14.4723380718,12
1171,16.1063857552,12
803,15.083662471,12
569,14.016028727,12
1091,16.3151942446,12
991,15.5143859095,12
1545,18.177608248,12
3345,20.4202675905,12
1505,18.109742899,12
1871,18.41647294,12
1027,16.2500087065,12
3461,20.4098437226,12
1715,18.374379392,12
2997,20.2416421548,12
793,16.2652117686,12
2083,18.541862414,12
797,16.6341898154,12
1925,18.434390291,12
111,11.374650985,12
767,15.0350438864,12
219,11.877095134,12
2391,19.2093104837,12
1131,17.102724347,12
1511,17.727772419,12
3811,20.917523002,12
1799,18.8403645219,12
2403,18.7770667289,12
5197,22.022538923,12
877,16.2413039317,12
1781,18.0912676453,12
1667,18.5939591662,12
1291,16.241112563,12
2119,18.7123222058,12
3219,20.567037885,12
4241,21.354619487,12
1877,18.655202216,12
1895,18.3922005745,12
3371,20.206768672,12
621,14.7634735936,12
1437,16.6003997591,12
1415,16.397757187,12
459,13.1961012472,12
2073,18.5470750319,12
1105,15.5799381318,12
663,14.205646341,12
917,15.193876176,12
529,14.919076831,12
833,15.0691553735,12
2581,19.4430319257,12
425,14.002704231,12
481,13.3779671727,12
899,14.982097979,12
663,14.1781759372,12
1885,18.455313826,12
1671,18.609411344,12
999,16.4761211541,12
395,14.5383293334,12
2533,19.6673785421,12
1913,18.863798781,12
2317,18.289529972,12
1253,16.5310646343,12
547,14.2868593526,12
693,15.087672226,12
1637,17.1645222087,12
2927,20.567546531,12
1125,16.418841927,12
923,15.543740182,12
1673,17.1145918774,12
3961,21.2355575406,12
1389,17.694983466,12
445,13.7689783255,12
1503,16.898640745,12
1033,15.8924658529,12
1281,15.9668517527,12
135,10.316459941,12
1083,15.541112623,12
779,14.621541963,12
1383,16.1792809505,12
1929,18.4913685924,12
1297,17.632147639,12
1551,18.008956654,12
2385,19.5039459298,12
1539,17.951708294,12
331,12.8922557474,12
703,14.3071981051,12
517,13.6064409265,12
2061,18.510459419,12
2001,18.428710756,12
443,13.1743577238,12
575,13.9353414964,12
2387,19.426839745,12
2493,19.5340565988,12
933,16.7168851496,12
1237,17.153300874,12
2373,19.350876942,12
2629,19.63880991,12
2417,19.5613458109,12
425,13.172340597,12
497,14.7070381253,12
2151,18.9598761776,12
2551,19.6500035062,12
2117,18.7231817435,12
163,11.000619331,12
879,16.4286088043,12
4409,21.6262374142,12
1613,18.4105676625,12
4653,21.7242465804,12
2835,20.140350828,12
4953,21.675158614,12
1257,15.9557940192,12
1279,15.9996400279,12
1191,15.784083425,12
317,12.33848806,12
161,11.0210417009,12
857,15.7307572296,12
807,16.0215919437,12
1073,17.034639582,12
1611,18.3342242375,12
1141,15.892949392,12
457,13.456592196,12
771,14.6780794249,12
1487,18.0724165655,12
1657,18.269513974,12
247,11.7736230727,12
247,11.755282138,12
2187,18.796577828,12
1543,18.1428318014,12
211,11.766185916,12
3043,20.3102214514,12
2237,18.9749283761,12
1707,18.1913590334,12
1277,17.7007832372,12
1583,18.274132775,12
555,14.119567726,12
1147,16.887154484,12
139,10.8527576211,12
665,14.6950159214,12
643,14.8002073279,12
235,12.2318236181,12
1179,16.898149344,12
2419,19.231536164,12
4849,22.039598887,12
1503,18.1163355553,12
4591,21.955389227,12
165,11.1953443421,12
4521,22.028775227,12
3993,21.5416175631,12
1889,18.218619779,12
4071,21.4390240956,12
4437,21.8174234065,12
1065,17.6049412327,12
4927,22.1609310447,12
3553,21.1462929691,12
2967,20.4089620834,12
1395,17.9675659621,12
1475,18.1468514339,12
2983,20.3605848324,12
2267,19.6384501045,12
1469,17.5280048175,12
3227,20.843381055,12
3739,21.228730354,12
903,16.6674997477,12
1721,18.2829614463,12
2883,19.915233791,12
1499,18.3010568281,12
2481,20.0564998219,12
1613,18.1461510445,12
2063,19.0974793068,12
1995,18.9878437872,12
3755,21.1926406429,12
3975,21.461762393,12
2167,19.464841578,12
3063,20.5738844532,12
311,14.3094550255,12
2377,20.3233403876,12
3219,20.735393701,12
2479,19.7583007526,12
3941,21.364372955,12
2419,19.7667998404,12
573,15.37029582,12
1365,17.489905412,12
2387,19.867962652,12
2427,19.6529466667,12
1527,18.573496822,12
347,14.265362815,12
5023,22.210716893,12
6049,22.781325931,12
2753,20.466066801,12
615,13.8525188694,12
937,17.580374313,12
229,12.0330810755,12
233,11.4561264118,12
285,13.1223408946,12
449,13.0229885118,12
521,13.5433526801,12
973,16.4864916628,12
1657,17.8042218114,12
495,13.2409941,12
3327,20.4083353355,12
1037,16.7372165216,12
1835,18.258506015,12
817,16.3765894177,12
4015,21.4336861177,12
403,14.7349238971,12
2489,19.9850302672,12
2001,19.331228455,12
3041,20.3788279668,12
3013,20.70116058,12
1571,17.88823609,12
3575,20.9492116767,12
847,16.7358074479,12
2699,20.0879986626,12
3205,20.68823139,12
2153,19.4139544445,12
1499,17.9654336866,12
811,16.849559713,12
1429,18.0415282694,12
2763,20.154903217,12
2979,20.633379164,12
255,13.69592479,12
3453,20.770361282,12
2007,19.6208916159,12
1609,18.500165612,12
2099,19.312848829,12
2971,20.5210656242,12
225,13.4811995532,12
4233,21.6470433422,12
3559,21.149689799,12
125,10.2085172396,12
909,14.987341345,12
813,15.068047673,12
167,10.5061880523,12
1173,17.006011445,12
695,16.1682121435,12
461,13.131115837,12
469,13.4821919833,12
23,5.90828681953,12
4963,22.0593845103,12
1061,17.0467779966,12
739,16.2759704824,12
999,16.9573480429,12
2351,19.6610916284,12
1685,18.0401776001,12
205,13.625267218,12
699,16.066302869,12
4649,21.8726994107,12
3305,20.8785047799,12
5307,22.310745469,12
1203,18.1987497525,12
2605,19.8876572845,12
2193,19.5477189655,12
1583,18.3980522685,12
459,15.5686965876,12
2261,19.434252797,12
449,14.7359965737,12
547,15.0107927106,12
209,13.0673144964,12
1667,18.458479214,12
2391,19.5475894956,12
899,16.5073112694,12
1541,18.2083712527,12
1697,18.6466695149,12
2303,19.4225137848,12
1589,18.2516409238,12
1429,18.2934445966,12
167,11.7022111136,12
697,14.854910564,12
2323,19.862464256,12
251,14.214838926,12
999,16.9634504481,12
43,9.3569389821,12
1349,17.4764218012,12
807,16.201527389,12
2991,20.1979231331,12
2157,19.1903309498,12
2577,19.782710856,12
847,16.1960700881,12
1207,17.679111458,12
731,16.1112131429,12
1101,17.127929887,12
805,16.6547881159,12
869,16.6481341603,12
571,15.9656416922,12
573,15.60515552,12
847,16.410132945,12
1783,18.7957843128,12
95,9.0511004556,12
951,15.1628737221,12
607,13.9776364191,12
29,6.4266719065,12
111,9.9002124739,12
2811,20.071125437,12
211,11.802921307,12
237,13.0526459886,12
35,6.3090903924,12
319,14.4518743136,12
253,13.6205230754,12
195,12.721881945,12
149,11.8123132527,12
131,11.513297203,12
967,16.6421753008,12
583,15.7211590155,12
407,14.3677687382,12
177,12.7003049883,12
183,13.5870558251,12
129,12.373810395,12
1313,17.9257766774,12
115,12.4841151311,12
161,11.703875596,12
309,13.7324053154,12
65,9.8759424404,12
555,16.4675403462,12
335,15.444107175,12
429,15.896179486,12
345,14.0033407332,12
141,12.5329044022,12
559,15.5253455432,12
97,11.4322505266,12
257,13.242476676,12
75,10.044499937,12
381,13.4692794316,12
279,14.96118389,12
149,12.6641098975,12
73,10.2590474482,12
815,17.0387074827,12
161,12.9458278269,12
161,12.9458278269,12
223,12.8845173837,12
411,14.0664149501,12
175,13.434559638,12
145,12.933510681,12
405,15.1490176948,12
183,13.3160992234,12
291,14.721206901,12
39,7.6814906181,12
51,9.6358927719,12
85,10.937174699,12
117,11.801946843,12
83,10.140911831,12
367,14.7384668319,12
141,12.9155646038,12
523,16.413527784,12
1083,17.807965849,12
327,15.6197450958,12
901,16.3438491118,12
269,14.061906463,12
181,13.26154573,12
57,10.0113281919,12
207,13.1013924209,12
109,12.029085927,12
409,14.832447505,12
81,11.396419164,12
721,16.4753045847,12
99,11.320694146,12
689,16.028505573,12
145,13.0053717913,12
327,14.3453341,12
693,16.50002298,12
185,13.6963820255,12
349,14.4090281722,12
113,12.2799188065,12
519,15.6904876739,12
619,16.5812512795,12
619,16.581251279,12
131,12.7556700964,12
1059,17.1939389619,12
95,11.9045728928,12
357,14.4818497498,12
51,8.7998629756,12
51,9.6087417721,12
155,13.1708296518,12
397,14.9529414252,12
289,13.952523812,12
567,15.881728679,12
211,13.115213506,12
417,14.4090985692,12
87,11.4321109614,12
843,16.6062681102,12
405,15.320388964,12
63,9.5421207783,12
129,12.1918407623,12
211,14.3292583136,12
133,12.3137276044,12
193,13.6960383966,12
103,11.942901965,12
495,15.4624178759,12
45,8.5620421365,12
301,14.8239406763,12
601,16.1003309615,12
105,12.0923850132,12
803,16.16019038,12
337,14.700852684,12
69,10.7667232939,12
723,16.3943301252,12
371,14.9832932445,12
177,12.8892362256,12
125,12.5997918278,12
107,11.864522208,12
415,15.6491585103,12
873,17.01403736,12
213,14.283067192,12
121,12.416827514,12
59,9.1825793262,12
771,16.752446198,12
83,11.5066074202,12
91,11.4081339071,12
101,11.330922981,12
83,10.838861951,12
257,14.533745052,12
63,10.565799046,12
417,14.6211780034,12
587,15.991625597,12
115,12.2045429305,12
91,11.2910912872,12
65,10.4420005531,12
1099,17.5700037287,12
775,16.7819749224,12
99,11.2299744437,12
853,16.786873805,12
135,12.3803114558,12
105,11.601499579,12
1059,17.456947527,12
637,16.0847689343,12
249,14.5095651981,12
59,9.7571676138,12
347,15.0538654276,12
151,12.50899213,12
435,15.725197313,12
161,11.958912843,12
117,11.4667091554,12
267,14.043016386,12
293,14.48919829,12
47,9.2838574894,12
43,8.0109527536,12
387,14.6996960603,12
867,16.4022031037,12
179,13.6946729284,12
157,11.3349600774,12
351,15.0849873379,12
97,11.806720483,12
529,15.3843521843,12
637,15.8407699496,12
669,15.8376981697,12
403,15.4873531133,12
63,10.594686645,12
37,8.623584959,12
923,16.8852880125,12
197,14.0085373018,12
887,16.7909593646,12
591,15.4420693426,12
811,17.113662104,12
517,16.0146117823,12
929,16.9990569484,12
965,17.071126679,12
467,15.1172622275,12
109,11.9290608882,12
705,15.873155427,12
397,14.8654568284,12
173,13.333850365,12
235,13.5987550541,12
139,12.355931937,12
1185,17.867342597,12
167,11.8398453884,12
333,14.26741992,12
91,11.3274302515,12
217,12.7896208736,12
913,17.227621506,12
713,16.698457736,12
101,10.2536085854,12
37,8.3663981885,12
39,7.3975397834,12
45,8.5017825212,12
65,10.4475398226,12
63,10.233653669,12
531,14.509209896,12
99,11.4769008253,12
257,13.7507449485,12
41,8.3723810731,12
565,15.6191515936,12
223,13.4360135415,12
697,16.137707522,12
913,16.7119452393,12
477,15.7535100948,12
819,16.8077789812,12
57,10.2220733666,12
121,12.219335011,12
83,10.9701882214,12
569,15.427320493,12
569,15.2557897917,12
345,15.17506024,12
681,16.0451481028,12
207,13.426811851,12
181,13.0546770444,12
605,15.1645593184,12
139,12.7719390088,12
215,12.992241267,12
129,12.6802841287,12
245,13.1043600601,12
569,15.3858247993,12
873,16.9485877758,12
413,15.996507775,12
619,16.4882674747,12
4485,20.518355434,13
1403,17.0292047659,13
4257,20.2917284338,13
5113,21.2888379662,13
2543,19.159293375,13
3783,19.959022289,13
7361,22.4336309098,13
2009,18.1288199917,13
3229,19.4680727311,13
2507,18.9893387699,13
3143,19.6553824429,13
7405,22.3988822699,13
3267,19.244501429,13
7405,22.3988822699,13
5113,21.288837966,13
3235,20.170158671,13
1901,18.007578359,13
3779,19.9608430379,13
2909,19.111441512,13
2309,18.1057377932,13
3625,19.3431827094,13
2633,18.3140482763,13
5423,21.603726054,13
4839,20.6532907977,13
2783,19.1976433168,13
2979,19.5296972652,13
3261,18.7786988383,13
425,13.9720569508,13
2175,17.8910360255,13
881,16.1291434398,13
2515,18.689019104,13
863,15.542804969,13
2897,19.321414202,13
1641,18.29472995,13
1075,15.981750589,13
6413,22.206513892,13
3667,19.9181283738,13
2411,18.480939182,13
129,11.005438775,13
3993,19.9549750447,13
2729,19.151567755,13
2693,18.7121181502,13
3405,20.0797485535,13
2705,19.0574416946,13
4083,20.7983970199,13
3979,20.57078361,13
6969,22.5940051226,13
6969,22.594005123,13
5505,21.6910350682,13
3743,20.61195369,13
3515,20.588737183,13
6307,22.1031460404,13
6307,22.1031460404,13
3989,20.010440354,13
5135,20.7017130731,13
3127,19.1948569663,13
3643,20.4019010026,13
3205,19.8311974782,13
1733,18.2703568188,13
5223,21.5694154825,13
5401,21.425780456,13
3581,20.0744038896,13
1863,18.6390926161,13
3707,19.8568744368,13
5077,21.350667347,13
3493,19.69284574,13
3997,19.7374171732,13
4767,20.4526932563,13
1943,18.348366201,13
2869,19.1804672353,13
4329,20.9617776311,13
3597,19.6128239263,13
1109,16.3746635927,13
2523,19.441961422,13
3665,19.756238271,13
4135,21.3541537657,13
4295,20.289863062,13
2783,19.8078603252,13
4029,19.9636203787,13
4163,20.751007714,13
1103,16.1838455318,13
3335,20.578527544,13
10033,23.910203712,13
4299,20.34321361,13
6661,22.132872438,13
3255,19.6694502244,13
983,17.0379143257,13
401,14.5736755842,13
1491,16.8362753592,13
363,13.724054493,13
3337,19.5382461219,13
2823,18.530847817,13
1449,17.0867863699,13
2097,17.8072398936,13
1933,18.112405102,13
3091,18.800627052,13
5169,21.469009649,13
1737,18.0005046691,13
2235,18.3643125506,13
8629,23.443666127,13
1937,17.762773781,13
2855,18.4538720003,13
1735,17.394380738,13
2305,18.2216590002,13
1933,18.163041993,13
1615,16.9358113451,13
5197,21.779472672,13
5197,21.779472672,13
787,15.4486506518,13
125,10.984271765,13
783,16.5007603848,13
6333,21.6297891841,13
5369,21.1498383602,13
4681,21.289892491,13
673,15.9417517709,13
889,15.6515397203,13
429,13.6278975501,13
2393,18.867545253,13
2117,17.491892074,13
3135,19.8978297382,13
1785,17.331881289,13
4899,21.279639369,13
1263,16.193480554,13
3181,19.987288227,13
5119,21.571359599,13
951,16.140532081,13
3659,20.596559101,13
6979,22.671233983,13
5499,21.7071275393,13
2523,19.4586396406,13
3337,20.4535970728,13
6313,22.0676937795,13
9921,24.0085902398,13
5019,21.5727353216,13
3309,19.34035914,13
3371,19.0113008123,13
1653,17.4568748213,13
1143,16.4614652946,13
1289,16.73263824,13
1303,16.9071918498,13
2641,19.733607138,13
6595,22.0539837154,13
2979,19.933545451,13
2779,20.074601687,13
1101,15.9194766215,13
6155,22.496376224,13
5305,21.6488657817,13
5505,21.6019901781,13
2399,19.8906952331,13
6463,22.5811724792,13
4145,20.4893794811,13
2689,18.9411609404,13
9233,23.903359486,13
1431,18.480058956,13
6765,22.675995408,13
3537,20.3081997931,13
3875,20.731152711,13
2125,18.5683855011,13
6713,21.9690061556,13
401,15.1165471717,13
9869,24.041562501,13
2507,19.410084302,13
651,16.2338104141,13
1809,17.546232085,13
1123,15.9067680211,13
4425,21.033668055,13
3775,20.4893763667,13
1219,18.179340454,13
6175,22.490023789,13
1871,17.66793059,13
4473,21.152008038,13
4899,21.480085365,13
5627,21.6879934001,13
8843,23.2472957684,13
10383,23.976376787,13
3119,20.130642112,13
3485,19.5613285637,13
2927,19.8694114601,13
3997,20.5131998602,13
2213,19.3547163348,13
1371,17.8544369589,13
2087,18.6384942537,13
947,16.674483961,13
2209,18.855940675,13
2309,18.1349406812,13
3699,20.666963013,13
8193,23.0987725918,13
4655,21.2724231093,13
5189,21.7585649987,13
3645,20.7131273993,13
5531,21.4250796394,13
11327,24.44234161,13
2381,18.9239662498,13
1105,15.9998585918,13
1869,17.269560995,13
4295,19.3189813242,13
5845,22.4770401127,13
3977,19.081062399,13
1815,17.060667795,13
1957,17.005601765,13
6689,22.4328462187,13
1969,18.2241722514,13
3571,19.218692996,13
2659,19.578615263,13
6983,22.4716528619,13
3827,20.240292242,13
4063,20.2509609476,13
6949,22.0481958565,13
1763,18.498333163,13
2911,18.1268015999,13
2937,18.9082596646,13
993,16.5308925856,13
1511,16.579196763,13
543,15.4775968055,13
2543,18.162870585,13
3023,19.71638945,13
2793,19.7269351546,13
2713,19.513729527,13
4787,20.88219643,13
171,12.6596980231,13
305,12.516597835,13
6921,22.5215641513,13
3867,20.4699740733,13
6739,22.449872887,13
4493,20.9774194627,13
1739,18.34124101,13
1871,17.9946725211,13
2081,18.046490249,13
961,16.5912623289,13
4805,21.1580710805,13
1037,17.7109952086,13
3033,18.7657687475,13
2555,19.5199132595,13
1605,17.209771748,13
2259,17.704581698,13
4425,20.4654334853,13
2703,18.3409809578,13
3647,20.8432271002,13
5585,22.0896499159,13
4317,21.393892445,13
9583,23.9710786372,13
6497,22.7800912855,13
4783,21.6393082491,13
949,17.7745165001,13
4639,21.740276019,13
5375,21.9216066144,13
3661,20.564551806,13
5627,21.6921108214,13
5781,22.2135489694,13
11763,24.5318427566,13
1725,17.5700060505,13
2121,18.6407740212,13
3787,20.761248838,13
2173,19.3120637525,13
3015,19.91357028,13
4795,21.5362157443,13
2097,19.054049114,13
6087,22.5412550739,13
3875,20.7362210228,13
4605,21.3290359563,13
2561,19.510457523,13
1715,18.509825253,13
451,15.5974062764,13
3701,21.3733694103,13
7981,23.0491164946,13
3713,20.834591342,13
3947,20.807938831,13
6005,22.2211213143,13
7059,22.8456830021,13
10095,24.0312763365,13
973,17.194893557,13
6609,22.91116624,13
2625,19.704880185,13
3661,20.299244897,13
2275,18.234050059,13
147,11.0068873488,13
1873,17.8778818736,13
2485,17.7317437649,13
1583,16.684882953,13
4707,20.90070026,13
4667,21.0440364793,13
1431,17.227962706,13
5547,22.4169694382,13
3477,20.305098136,13
2107,17.853016502,13
2621,19.0639974764,13
779,15.7010247569,13
929,16.4469328297,13
3049,19.0205370299,13
1101,17.3812894273,13
1653,17.883665129,13
1829,16.9889609765,13
2031,17.206675253,13
73,8.7654552681,13
387,13.548055204,13
1631,17.0003303648,13
991,15.2885192283,13
529,13.7019256981,13
4911,21.1276765482,13
8049,23.0383031243,13
8423,23.640967111,13
889,16.0858465865,13
229,11.919905224,13
151,11.109934377,13
7199,22.974229159,13
171,12.0702634168,13
4473,21.721993587,13
9351,23.6487765022,13
1897,18.8085262235,13
4015,20.998984332,13
427,13.2683570569,13
1549,16.5362048109,13
2259,17.729990775,13
3653,20.2733413809,13
6051,22.1773313337,13
5917,22.202983086,13
9943,23.875732229,13
2799,19.7934317509,13
397,13.1430879622,13
4425,21.0336680549,13
1079,17.822441739,13
6217,22.7542865156,13
5403,22.065014841,13
5475,22.0195219795,13
1241,16.3012646822,13
669,15.063682431,13
287,12.2536696889,13
2267,18.9260573425,13
8679,23.366034457,13
2023,17.4728744324,13
1129,16.012183114,13
333,13.404914647,13
1769,18.507803627,13
5889,21.5263215012,13
1181,16.77685632,13
1835,18.137589817,13
3905,21.216293317,13
2647,19.6780935888,13
391,15.237207863,13
1379,17.411280988,13
1045,15.8854712689,13
1725,19.0226611713,13
2889,20.098375958,13
3311,20.70768092,13
5737,22.239804499,13
2409,19.7977571568,13
3491,20.5503891647,13
3865,21.049277211,13
5377,21.9088610608,13
2393,19.604773917,13
2145,19.2580014,13
6001,22.3383417111,13
2761,19.7028727937,13
2721,19.438839332,13
8541,23.1473419373,13
1175,17.0494076084,13
8331,23.24248376,13
743,15.6011193025,13
797,15.3762812555,13
975,16.2126468423,13
3861,21.05522553,13
219,12.3201824622,13
8047,23.1666373618,13
7179,22.9134799865,13
1559,17.5503288417,13
8329,23.484123983,13
8659,23.741051801,13
2365,19.3834912019,13
4273,21.357877299,13
3157,20.403823417,13
4325,20.2745625807,13
2697,20.6625696681,13
4111,21.6749882947,13
2689,19.2983784385,13
5401,21.828586435,13
2455,20.1805536464,13
6129,22.8491492538,13
14443,25.531991399,13
1435,17.5732001661,13
4549,21.0945166818,13
4821,21.2855375235,13
1163,17.9735938088,13
339,15.0945978171,13
1757,18.6969800203,13
10309,24.6880689335,13
3669,20.280215244,13
785,17.3618464077,13
3959,20.9753929084,13
7109,23.3692576177,13
7373,23.501749267,13
4833,21.5726451104,13
7667,23.494825737,13
6047,22.9793887897,13
4647,21.931887725,13
6739,22.9477672263,13
1119,16.9744290634,13
2279,18.8132226455,13
3397,20.2309140964,13
1489,18.011180167,13
4937,21.889187607,13
6223,22.789838675,13
1701,18.0563188209,13
8639,23.9906848821,13
5187,21.5775899142,13
1999,19.422604188,13
15425,25.756821401,13
7587,23.613131962,13
3503,21.02430302,13
10429,24.388342599,13
3825,21.365985458,13
6989,23.1147755583,13
1595,19.0160113798,13
1681,17.7244055795,13
1661,17.6861426791,13
7067,23.1720422459,13
869,16.208549888,13
10813,24.435097645,13
7033,23.1755132779,13
5425,22.1314890737,13
1491,17.516836399,13
11953,24.708291783,13
7719,23.4332763443,13
3639,21.1443371636,13
1131,18.47468278,13
6061,22.6816361315,13
9413,24.060092438,13
10021,24.2176531533,13
911,14.8902860535,13
1653,18.5399224651,13
2155,19.259417565,13
867,15.0958489021,13
1715,16.874513003,13
9221,23.9222999349,13
593,14.0808103795,13
11583,24.900521573,13
11275,24.5509485391,13
4195,21.553028793,13
1713,18.6226229874,13
8173,23.6116864131,13
4165,21.413311285,13
7371,22.863930728,13
5489,21.6988037415,13
5905,22.6247100632,13
1557,19.16029063,13
2273,20.3196745506,13
7015,23.203210689,13
6175,22.5636056096,13
6341,22.5123864168,13
1709,19.136627369,13
4009,21.0913820695,13
3485,20.433653136,13
2103,19.0634318156,13
4597,21.5893875671,13
7719,23.50295752,13
541,16.83539811,13
7261,23.3090658424,13
2103,19.6287378977,13
4459,21.7840252293,13
6499,22.774931259,13
5681,22.5002920059,13
3669,21.497023762,13
12037,24.8729744075,13
1779,19.022869237,13
4719,21.851955913,13
7183,23.111446126,13
3647,21.3623409022,13
361,15.686247682,13
4661,21.2607739044,13
9141,23.835403576,13
7249,23.0689935944,13
8043,23.4338698031,13
7333,23.0313149248,13
2919,21.045614184,13
4517,21.544526064,13
295,13.4154434994,13
8565,23.8207670942,13
1029,16.8378192527,13
2351,19.2874711017,13
1505,18.017932154,13
2475,19.231202112,13
5363,22.0952991276,13
1013,17.141145674,13
3833,21.0941544644,13
637,16.5687980095,13
4893,21.367629099,13
7551,23.242807841,13
1449,17.789386075,13
237,13.8506635106,13
2471,20.486314768,13
4707,21.6749946874,13
5801,22.7648755348,13
5081,21.964031705,13
4403,21.87742871,13
1545,18.411927325,13
4239,21.299820586,13
5843,22.5025587322,13
3805,21.1815151423,13
1713,18.941453715,13
6181,23.0791398799,13
1743,18.8390497696,13
1809,18.8950004891,13
6479,22.326579035,13
5253,22.1384438374,13
6279,22.8324714065,13
5063,22.3357151501,13
5759,22.0111272694,13
7991,23.572454176,13
3359,20.2954933605,13
4261,21.7300048696,13
4361,21.6309980136,13
6071,22.1037659867,13
1433,18.4033153134,13
267,11.8549693471,13
1249,15.7119770117,13
8825,23.454316896,13
75,9.0271857339,13
371,12.5479791836,13
213,11.112361264,13
8123,23.6875396908,13
9791,24.179318501,13
8759,23.7669591451,13
3319,20.664422599,13
1639,18.5061602351,13
8421,23.7117101148,13
2477,20.6218453071,13
2353,19.1427010599,13
2835,19.409487157,13
1617,18.8634386208,13
995,16.8049674838,13
2871,19.6923444467,13
2061,19.035241983,13
603,13.9002406147,13
29,6.5108981214,13
69,8.5779923304,13
21,5.2086109485,13
609,16.5918845033,13
457,14.3821322949,13
595,16.372814497,13
949,16.7778539937,13
295,14.836650872,13
655,17.318162564,13
839,16.6101947769,13
543,16.9344969205,13
955,17.9421204389,13
1753,18.632668629,13
459,15.1449259893,13
3677,21.2856804308,13
1131,17.2645441023,13
1825,19.181825403,13
1633,18.468211324,13
821,17.3320733337,13
143,12.0650863511,13
149,11.8964020867,13
619,17.5503980489,13
369,15.5812379761,13
1067,16.9957127949,13
483,14.940677637,13
425,15.577629412,13
165,13.2002604093,13
291,13.8540254494,13
283,14.4392553545,13
439,15.17190856,13
1233,18.075408965,13
465,16.5823453781,13
269,14.776803861,13
291,14.8164009713,13
987,17.6677503096,13
463,16.6197306881,13
411,16.4314222615,13
1589,18.6338852526,13
2089,19.2493097233,13
385,15.8439978593,13
1965,19.1663844143,13
1077,17.4262678513,13
1323,18.347115962,13
1277,18.0163583163,13
1123,17.638871673,13
305,15.2595971743,13
789,17.004548204,13
363,15.7728698669,13
1405,18.244366508,13
357,16.1554070945,13
901,17.8390740089,13
1947,18.4429505405,13
537,16.0146295093,13
459,16.248306338,13
441,16.709182774,13
855,17.6906673338,13
845,17.0520426501,13
963,16.7922576074,13
269,14.5314601554,13
619,17.3640835997,13
57,9.9373253765,13
443,13.9000808792,13
163,12.7760952258,13
927,16.560620294,13
107,11.9671597399,13
713,17.2984526795,13
917,16.2607262024,13
825,18.1106072213,13
213,14.178142414,13
395,15.5313499379,13
613,15.380609959,13
965,16.30944855,13
295,14.8330030526,13
353,15.1639132549,13
435,16.381458514,13
1309,17.6188766375,13
919,17.826298683,13
807,17.0172751164,13
1143,17.582007831,13
213,14.1408797739,13
1281,17.3914122032,13
273,14.5362244595,13
91,10.3974448,13
207,13.8992663842,13
427,14.1382034845,13
583,16.7273478303,13
343,15.9260441412,13
539,16.0877424868,13
247,14.141365968,13
219,13.998685643,13
429,15.9270835373,13
1041,18.5054317534,13
249,14.632980427,13
79,11.3674817762,13
105,10.8248260811,13
1795,18.7784409567,13
1361,17.935576091,13
495,16.666900976,13
291,15.1317440645,13
203,13.9416442653,13
277,15.2766083478,13
2115,19.810639311,13
1289,18.839959859,13
1189,18.2076417801,13
829,18.5711635477,13
1337,17.9762456879,13
1677,18.5059876585,13
1761,19.2296974276,13
569,14.9511670031,13
301,14.021197765,13
273,14.2524587661,13
951,15.9160809635,13
89,11.4995572799,13
263,14.2694843391,13
797,17.0933475932,13
1253,18.473106668,13
1443,18.569072593,13
161,13.5439769227,13
6555,21.250024357,14
7701,22.2048852519,14
14695,24.704708945,14
13659,24.5239882054,14
8107,22.7167000038,14
3553,20.3672841976,14
4969,20.7203932663,14
7149,22.836670246,14
5901,21.3492977626,14
12245,23.7643604,14
3131,19.315046745,14
9249,23.27435003,14
4929,20.7383933315,14
8467,22.6034707045,14
2055,18.262395092,14
3479,19.525044005,14
11493,24.082863467,14
6867,22.4786379969,14
5987,21.524027731,14
4495,20.438600967,14
3101,19.7041295935,14
13987,24.7849739231,14
11725,23.9381516642,14
3323,19.58239628,14
4285,20.13143874,14
10375,23.8955948276,14
4127,19.898991309,14
15317,24.9821934513,14
4529,21.0638294304,14
3063,19.612271229,14
5645,21.6271515309,14
2949,20.287505758,14
4675,20.9205770388,14
4359,21.242374044,14
19963,25.9520515284,14
15417,24.869021474,14
3305,19.9047547832,14
10445,23.155889198,14
4317,21.1382762433,14
6127,21.3023601183,14
1781,19.0857531618,14
2655,19.190997232,14
7297,22.3986640392,14
12137,24.1588428918,14
2959,19.171916224,14
11431,23.6166405503,14
26561,26.9652326777,14
6771,22.1760993074,14
25403,26.77880342,14
16033,25.494042598,14
5373,20.709560869,14
4951,20.079230588,14
3999,19.9638047753,14
2279,18.8803566013,14
19393,26.1118733562,14
17631,25.8572670523,14
14563,24.879178597,14
14467,24.637281766,14
6291,21.732087471,14
17999,25.753409301,14
6887,22.574630743,14
18993,26.205863344,14
13823,25.2929880367,14
9803,23.694536224,14
8669,22.8229702662,14
5595,21.028691357,14
9717,23.256525495,14
4991,20.1232978229,14
15063,25.1423032705,14
9495,22.935551206,14
20125,26.3926681131,14
12315,24.7180158602,14
7855,22.936243257,14
6395,21.741387664,14
6679,22.0314597788,14
10135,23.812919176,14
10587,23.9993942789,14
13647,24.8660231338,14
13025,24.4120715704,14
6529,23.185154694,14
17713,25.714105976,14
4377,21.427723052,14
2473,19.334421486,14
10507,23.188648231,14
6927,22.1235070647,14
6901,22.74438971,14
9535,23.753211696,14
14705,24.621836003,14
23621,26.8565997613,14
4187,20.809025813,14
5649,21.0770824132,14
12351,23.714589875,14
5119,21.698849098,14
5105,21.53865354,14
4523,20.6999747012,14
13241,24.365789531,14
6571,22.7154091082,14
9941,23.687137747,14
9709,23.4959146018,14
7959,23.277337404,14
6709,22.8265934263,14
11365,24.245800784,14
5551,21.869714665,14
7465,23.55255553,14
21595,26.4483278239,14
4955,20.9067679593,14
4029,20.6929406089,14
8105,23.0135972627,14
5371,21.971142248,14
10325,24.146029524,14
493,14.1840467266,14
11449,23.031829543,14
6509,20.883442435,14
6451,22.13575315,14
5977,22.119389573,14
13483,24.0360413424,14
8193,22.730107664,14
2247,18.3748629235,14
7551,22.7426473203,14
5465,21.309721233,14
18159,25.9052402113,14
14311,24.879326914,14
18773,25.978817913,14
4587,21.0464890878,14
16901,25.4743222722,14
18345,25.869108581,14
5105,22.749208375,14
4193,20.220920599,14
14875,24.53876422,14
569,15.4687302419,14
15405,25.0349690483,14
1775,17.1173193729,14
681,16.7028293718,14
1661,18.534457034,14
6731,22.659147063,14
5499,20.9357287701,14
8417,23.5576705761,14
8841,23.3053217011,14
6391,22.6277005207,14
1345,16.7044117514,14
11943,24.180888287,14
4621,21.27234479,14
8485,23.843500676,14
9011,23.493610668,14
6743,22.2830638792,14
10105,23.784807844,14
5105,21.072418613,14
5237,20.9175066593,14
12165,24.2772977773,14
12755,23.949176912,14
4987,21.411315809,14
3447,20.9992269234,14
8065,23.6749223438,14
3851,21.079729925,14
12271,24.3628408978,14
16611,25.490676855,14
11941,24.473145358,14
12679,24.575403164,14
7825,22.9748506596,14
1097,16.064998411,14
13487,24.1332398644,14
23963,26.4019819337,14
9899,22.955390952,14
9369,23.685995415,14
15245,25.1472962251,14
18487,25.869081592,14
5925,22.9272314092,14
7079,23.302627167,14
17117,25.1474264599,14
9711,23.794876639,14
3893,19.2441754426,14
13333,24.542032203,14
13201,24.6493219277,14
2511,18.4618533263,14
13917,24.5134992984,14
6283,22.383301055,14
7641,21.3131384211,14
939,16.6321426135,14
11415,24.2959998316,14
1537,18.022948012,14
5875,22.3018369896,14
725,14.7562860574,14
9897,23.4174339438,14
5737,22.128953281,14
8125,23.1341577592,14
1177,17.691699363,14
15827,25.097061391,14
4083,21.186200907,14
8343,23.0161364138,14
3915,20.6184608433,14
9315,23.0993464251,14
19787,26.019512354,14
18099,25.7803602195,14
7965,22.4094375396,14
11407,23.7398416122,14
4781,21.4530292273,14
8953,24.129476922,14
9655,23.324011591,14
14857,25.23183716,14
6911,23.2057658002,14
8273,23.4651847101,14
26727,26.8870490458,14
12795,25.012000239,14
11381,24.745719566,14
12119,24.2331308719,14
7897,22.649873346,14
1943,18.8678992752,14
8297,23.132193204,14
13517,25.051450258,14
15223,25.0094970826,14
15319,25.312482251,14
18109,26.11256311,14
17017,25.791204085,14
11801,24.3015386537,14
3007,20.8329550377,14
7607,22.9403838521,14
12053,24.140619624,14
5729,22.408479945,14
6945,23.1798883204,14
20183,26.3456048138,14
20455,26.2885085267,14
1077,15.694170117,14
1149,15.8611352534,14
1715,16.7966982638,14
3231,18.4736806816,14
1517,17.0430818143,14
1121,16.3689675269,14
185,12.7817037892,14
5107,21.5819847791,14
1031,15.4897356514,14
9271,23.9135610538,14
3729,20.5084229772,14
3435,20.3899004978,14
6679,21.905416683,14
12521,24.5892582871,14
4413,21.907895355,14
2235,20.345366224,14
7041,22.4977639022,14
3789,19.9178009004,14
9589,24.2793748115,14
233,13.0482249133,14
24723,26.8424633604,14
25725,26.9713118834,14
5655,21.4597847452,14
20127,26.009209453,14
5303,20.052141073,14
19975,26.4872490805,14
16331,25.785638215,14
20649,26.8009049819,14
5839,21.3258292392,14
1735,17.6483227328,14
8085,22.62615927,14
28827,27.8852848651,14
12381,24.900996198,14
11047,24.481378199,14
6301,22.0049918317,14
8851,23.8005309388,14
33819,28.2872046125,14
10203,24.382273889,14
4885,21.883071927,14
2147,19.183994658,14
9565,24.3805017468,14
12887,25.1098699451,14
1877,19.1826603422,14
12745,24.988752625,14
9335,24.097698245,14
19967,26.6349747416,14
7749,22.255363581,14
6425,23.0056752008,14
10943,24.927638706,14
13843,25.163118154,14
6123,22.009932902,14
6347,22.191411788,14
3485,21.304967514,14
6327,22.9565455358,14
3765,22.243650251,14
19927,26.4284613262,14
11861,25.132587249,14
8177,23.44154343,14
6217,22.817136561,14
8865,23.114994193,14
897,15.0401149833,14
559,14.0090735698,14
31109,28.1120698727,14
22547,26.8606346717,14
4699,21.0489240586,14
3599,20.5408040104,14
21119,26.544155368,14
8705,23.2748106,14
10511,24.428633728,14
9833,24.0498203038,14
9067,23.822453091,14
7301,22.988521336,14
11879,24.716096752,14
9261,23.981517891,14
6391,22.9426595456,14
11729,24.538226074,14
3843,20.307081978,14
2345,19.8665657537,14
10537,25.034511737,14
3597,21.505515491,14
5679,23.2258275582,14
2233,20.089135858,14
5539,22.4732830726,14
8845,24.0205649191,14
1629,19.769579129,14
10067,24.2508668878,14
6711,22.562437489,14
18297,26.0290381492,14
10831,24.3396408463,14
3571,20.782348138,14
5157,21.7526757938,14
10687,24.164627106,14
3851,21.4850817206,14
8511,23.3989192272,14
9903,23.915164171,14
6603,23.2584106656,14
11623,24.582823497,14
5553,22.7343975329,14
3097,21.3399487421,14
7335,22.550501649,14
3039,18.7703514734,14
4887,20.9221583247,14
1663,18.5318723225,14
3551,21.202810677,14
6037,22.6937976,14
7203,22.9880859663,14
17833,25.9694263182,14
7151,22.86175036,14
6029,22.482862154,14
7319,22.952533727,14
7867,23.5439928302,14
4451,19.2017841673,14
749,14.9492251924,14
37,6.56860931492,14
8215,23.6708325516,14
785,17.5179648341,14
5639,21.9645126125,14
247,12.686376682,14
221,13.957538248,14
1297,18.1459592014,14
2437,19.351081733,14
2707,21.5840891281,14
2113,21.2597415512,14
1181,18.8504671282,14
1843,18.573087045,14
3561,20.1329795606,14
2103,19.5271349435,14
3413,21.3253717095,14
2667,20.4764955152,14
2051,20.748524159,14
2453,20.7109183498,14
3657,21.3677289938,14
3225,21.378929629,14
3353,20.8986352547,14
1887,19.996961865,14
2465,19.3995600592,14
1041,16.330036224,14
3253,20.665015763,14
1853,19.282043499,14
4451,20.891896873,14
2755,20.114902043,14
143,12.840921158,14
1675,20.495964561,14
4155,21.956579712,14
1951,18.4702325808,14
5457,22.6224458642,14
1075,18.549212116,14
1395,19.734119871,14
2337,20.636534754,14
1753,19.7872256499,14
725,17.7830512055,14
1637,17.7146727593,14
1003,17.2634662603,14
543,15.942160012,14
905,18.0139830021,14
2963,19.747434332,14
639,17.484819868,14
1677,19.6661329777,14
4249,22.160169684,14
541,16.9099037952,14
1975,19.804833315,14
631,16.298416146,14
137,13.1081059857,14
2487,20.8144028553,14
1487,19.8308231047,14
3307,21.8438220333,14
1061,18.863549357,14
1169,19.373931893,14
3625,20.793946025,14
485,16.9930026768,14
1667,18.5664079862,14
347,15.8463903193,14
1825,20.305389117,14
205,13.6726653885,14
827,18.1942715339,14
499,15.9651043133,14
1267,17.8370430354,14
393,16.025256437,14
179,12.8253359846,14
291,15.6209873519,14
2713,20.2734644819,14
1655,18.802633858,14
2867,20.3313154954,14
2057,19.3330856132,14
1187,17.67813813,14
1815,18.2654663482,14
221,14.4227564539,14
1713,19.77415527,14
1403,19.0909649943,14
2157,18.3130540352,14
2481,20.6998321946,14
1379,19.3466015732,14
1523,18.781514638,14
1403,19.0909649943,14
619,17.70109357,14
3023,21.4416736559,14
2349,19.1993199395,14
2449,20.63495096,14
937,17.7643929076,14
2681,20.157141011,14
1303,19.138902731,14
1029,19.0827556934,14
1921,19.6053381404,14
1549,19.2158819544,14
5089,22.082076557,14
867,18.4937322493,14
1317,18.953127053,14
1317,19.4597839848,14
2583,19.7042921892,14
631,17.4299635096,14
2359,20.5999107912,14
1977,19.5278408771,14
3471,21.0328533118,14
3417,21.070363915,14
1997,20.847076854,14
2259,20.3300554357,14
1479,18.0949733724,14
1583,20.426498673,14
697,17.9555623065,14
2299,20.0448397489,14
2827,20.7671115455,14
409,16.4873529829,14
1189,19.3935830959,14
3679,21.1804594322,14
1389,19.7159879655,14
4533,21.9049220669,14
2255,20.00507605,14
827,17.5260325891,14
1373,20.087767541,14
1885,20.3316256182,14
2219,19.945742169,14
2439,20.9238324437,14
1113,19.3494832457,14
8101,23.7486267894,14
3785,21.623454433,14
3625,20.9075496112,14
2017,19.687512056,14
1491,20.2880488982,14
3311,20.8436268899,14
1371,19.151113749,14
3071,21.0558350987,14
1421,19.138423723,14
1105,19.5075378426,14
1291,19.068286189,14
269,14.6186354185,14
177,14.0665642562,14
1193,19.365425854,14
915,18.484468861,14
2093,20.876067115,14
1771,20.0247071206,14
2481,20.988275318,14
1385,19.8769114444,14
2013,20.5478950553,14
559,15.7994972457,14
331,14.9525263766,14
2473,20.610946953,14
2105,19.9506881387,14
215,13.3616719115,14
881,17.1567498,14
1897,18.9586788878,14
255,14.8602150242,14
1241,18.599412155,14
1049,18.005190153,14
653,17.480146651,14
361,15.9551237719,14
3825,20.072243135,14
1203,19.4508956402,14
643,16.913607954,14
355,15.8336358654,14
3467,20.9177193653,14
1589,20.3078065899,14
281,13.6952723885,14
865,18.4234651203,14
2397,19.801353156,14
2491,19.5084070868,14
583,15.4401698693,14
3347,21.308174182,14
827,18.0712201976,14
957,19.0342263072,14
1433,18.902712412,14
1373,18.854442017,14
525,16.7788446081,14
2933,20.988725842,14
1671,19.6967502208,14
1285,18.636683273,14
4837,23.0574987891,14
535,16.7608788707,14
485,16.0756512457,14
1625,19.3784335974,14
5285,22.648411018,14
489,15.5145202812,14
4271,21.594187624,14
2611,21.0131972083,14
2129,20.510417332,14
3713,20.9848623045,14
877,17.7263540154,14
1195,19.6152579093,14
1155,18.959812994,14
1747,19.770117143,14
1501,20.044039987,14
3833,20.852774154,14
569,17.5366720777,14
1013,19.1526107891,14
917,18.424746879,14
1839,19.6808896407,14
3423,21.644440856,14
2715,21.030202448,14
709,17.713376274,14
643,17.9130357304,14
157,13.0231280816,14
567,17.49220242,14
715,17.7177219536,14
1021,17.5470280427,14
3917,21.567048968,14
2137,19.847352267,14
4605,21.832557799,14
1317,18.0230528646,14
1069,17.3381038287,14
801,17.2679815003,14
6189,22.9721412408,14
109,12.574503141,14
2271,19.869811625,14
503,16.6441610956,14
253,14.639185777,14
1239,18.7710461796,14
687,17.2804121249,14
339,15.3294569053,14
1053,18.1064160101,14
105,11.5597271605,14
2935,20.4649297931,14
1865,19.056587181,14
1071,17.9310269235,14
3891,21.802685108,14
1081,18.9283125763,14
1263,18.514522811,14
893,18.9185315913,14
1711,19.064072213,14
3329,21.713641992,14
2689,20.3813612677,14
783,17.081250528,14
1641,19.7927578578,14
577,16.6880862681,14
2735,19.7683439119,14
535,15.6099372514,14
2853,19.9267271693,14
499,16.468131476,14
3725,20.9482110312,14
4111,21.46950411,14
4111,21.46950411,14
313,15.8444865546,14
2151,19.239457093,14
2655,20.642623914,14
651,16.8858090176,14
983,19.040111751,14
257,13.6409625535,14
423,16.621145355,14
2075,19.116093091,14
349,15.708824635,14
1041,18.6563934507,14
1561,18.1421246829,14
61,9.9403428207,14
511,17.1973086378,14
497,17.040748049,14
3263,21.7992689025,14
1029,19.073908287,14
2101,19.9972986641,14
2451,21.461117685,14
1595,19.7029323583,14
255,15.4605304875,14
189,13.618503186,14
2039,20.2014375499,14
1457,19.4027965781,14
8059,23.861973372,14
2783,20.3480868188,14
2331,21.2718012156,14
1537,19.083466009,14
5721,23.389925547,14
5635,23.0736840347,14
1617,20.081163594,14
4743,22.7150720453,14
1461,20.273881316,14
1501,18.0718927105,14
409,15.4760903061,14
1303,19.7233582383,14
5573,23.4034280782,14
1611,19.639248489,14
409,16.268632027,14
3985,21.3246011509,14
285,13.5565375689,14
283,13.6898569974,14
1769,20.3367854839,14
1047,16.374355349,14
3071,20.550209351,14
1837,18.941225968,14
1977,19.1155989083,14
2609,20.179054495,14
573,17.5030308988,14
1189,18.5482984032,14
255,14.5876337893,14
3063,20.570147873,14
1305,17.6569607278,14
551,17.372065762,14
2485,20.6101438415,14
821,18.0558065161,14
585,16.6550191798,14
2487,20.537582937,14
973,18.617938247,14
581,17.5271443348,14
2279,21.1527143655,14
1255,19.9246376316,14
3721,21.2928660844,14
721,18.0386206632,14
1617,19.8399187993,14
999,18.1781752095,14
1507,19.2402878113,14
2083,21.3132424291,14
2053,20.7994078394,14
1813,20.766165099,14
3663,22.3375801147,14
1197,18.9173133379,14
1899,20.029672165,14
5397,22.3685136966,14
1085,18.84259246,14
321,14.7287336977,14
1577,19.381065792,14
1977,19.89836426,14
5617,23.0610784575,14
1481,19.2980452862,14
4837,22.8390993336,14
929,18.579290538,14
1693,20.3825806279,14
1755,20.1677636243,14
571,17.43113275,14
389,15.9310857522,14
469,16.5364423452,14
2625,20.858802397,14
2915,21.676115268,14
469,16.8524008507,14
2625,20.4642261546,14
2383,20.384725309,14
277,15.1816126645,14
971,19.3961237915,14
3359,21.4048195773,14
3481,22.468471334,14
799,18.0269805378,14
3015,21.234242499,14
3803,21.923698296,14
2515,21.9477280765,14
1415,19.8873821773,14
1785,19.3025007681,14
685,16.6132036669,14
1065,19.182071455,14
1351,18.3887739893,14
295,14.6860502957,14
547,15.7388832426,14
1753,20.5097486278,14
377,16.1044115343,14
309,15.685775335,14
1609,20.466912091,14
981,18.529404733,14
1669,19.1780587457,14
501,15.4441803652,14
1789,20.5255463043,14
3237,21.0458681601,14
151,13.7932385806,14
2589,19.6024676253,14
1425,19.8770830023,14
1295,19.131499968,14
2421,21.4825328076,14
1137,19.0757723734,14
141,12.7860247141,14
585,15.2716133082,14
535,17.4130522928,14
2133,20.9402195088,14
4201,22.030105503,14
741,17.9750077173,14
675,18.1287401571,14
621,18.058835154,14
5371,22.280122178,14
19885,25.0385295069,15
34531,27.107694306,15
9485,22.5945026185,15
4115,20.128102943,15
16435,24.521450862,15
6085,20.9583267444,15
20883,25.6777084737,15
12187,24.563807367,15
6551,21.796493496,15
5817,20.351193098,15
9731,23.5748786972,15
16355,24.742014605,15
10209,24.19440159,15
12717,23.355262141,15
7803,22.5228461932,15
22763,25.923332327,15
26155,26.1092229438,15
26155,26.1092229438,15
29865,26.7528284965,15
1869,19.6704374142,15
26703,26.4669639845,15
22431,25.466876627,15
17119,24.430646547,15
17265,24.1695250455,15
39709,27.8944382218,15
33569,27.3696485829,15
4811,20.888150735,15
31539,26.742808916,15
29751,26.5559467752,15
31557,26.9270888003,15
38759,27.647365016,15
14601,25.020238911,15
7059,23.5879500621,15
20773,25.8945213423,15
31319,27.303427324,15
35515,27.460596331,15
4263,21.660723123,15
6405,21.9066418661,15
8681,21.909036565,15
21363,25.928297978,15
38861,27.738203786,15
9309,22.5964983436,15
2989,20.0796438865,15
28389,27.0077439448,15
28677,27.0677364658,15
1813,19.0613329781,15
12787,23.018144945,15
1011,17.0583793138,15
27769,26.128421036,15
23563,26.0433342665,15
13965,23.6323383148,15
1933,18.474680732,15
19347,25.249332801,15
10823,22.9485414557,15
6017,23.0483877316,15
31307,27.1453794614,15
5327,21.023718137,15
8103,22.668601178,15
15309,24.6587981425,15
44891,28.6424098337,15
26323,25.9556705007,15
35283,27.6911288432,15
22667,25.906289916,15
12627,23.7124544588,15
17877,24.595595156,15
25709,26.278493229,15
17499,24.8952393298,15
28571,26.4783599551,15
15477,24.5729350977,15
46535,28.7172197413,15
12091,23.720053969,15
23375,25.9177245777,15
11997,23.132924757,15
42233,28.0723049426,15
46659,28.363170541,15
13157,23.8678663045,15
28847,26.4114644374,15
6065,20.365552008,15
20985,25.425709675,15
19349,24.3642584,15
6755,21.2940878767,15
13225,23.3093428,15
10145,23.4096901234,15
4987,21.5127904895,15
28681,26.911896444,15
9421,23.416833903,15
18557,25.557599456,15
13561,23.915259115,15
19155,25.3955172284,15
18175,25.1173912583,15
31701,26.647981608,15
16777,24.963604919,15
13269,24.2466184613,15
8783,22.6768417489,15
367,13.971327848,15
37969,26.958256158,15
20275,24.5701407177,15
22101,25.259633661,15
50851,28.6245131303,15
18045,25.2049633785,15
13407,24.7677464303,15
20545,25.90480918,15
20361,25.913657243,15
28763,26.19740208,15
30609,26.8757039399,15
1625,18.3857249336,15
21833,25.669916469,15
2629,19.4749486543,15
2629,19.4749486543,15
12623,24.479836579,15
36457,27.724794377,15
12449,25.456554383,15
3679,21.138276448,15
14455,24.507296671,15
35273,27.807876657,15
39479,28.3959142805,15
20945,25.2488980462,15
24473,26.478801066,15
20047,25.680156821,15
2973,20.7150354724,15
13583,24.885869777,15
43877,28.478698642,15
13467,25.6105932543,15
24511,25.9959824414,15
7239,22.862085686,15
21779,26.050623914,15
20533,25.7267332153,15
11923,23.476540099,15
10877,22.9167792824,15
7029,23.0713652423,15
21865,25.809154397,15
11947,25.647976894,15
26861,26.860564698,15
19637,26.578066469,15
31463,27.081377714,15
13487,24.7401852738,15
22655,26.9996362626,15
43351,27.6552507835,15
27541,27.262597998,15
7319,22.668067696,15
8863,23.4249840866,15
7083,22.8259138961,15
50515,28.4697891011,15
1613,18.1080976362,15
9829,23.5521802874,15
14889,24.593065256,15
3079,18.7092326644,15
21123,25.3925293575,15
2265,18.2407633555,15
20923,26.8178580769,15
9027,23.7461129316,15
21711,25.8253197703,15
31161,27.2416210827,15
8311,23.0814248627,15
18421,25.7260496401,15
30187,27.1000418794,15
32963,27.1790405669,15
3995,22.009680308,15
25493,25.9330311026,15
18971,24.9715842985,15
8533,22.8002722861,15
18931,24.8114600776,15
13873,24.837586278,15
33727,27.595439014,15
8475,23.017307447,15
9151,22.80961442,15
9231,23.8726488764,15
34743,28.104744296,15
8075,23.2977540536,15
3677,20.2808859085,15
1949,18.0187496741,15
14843,25.2139272921,15
1881,19.2752715798,15
11025,22.004454196,15
11761,24.39535482,15
14753,23.6889539193,15
10905,22.1374651096,15
21247,25.266693352,15
19789,25.3221985265,15
18647,24.369725233,15
6629,22.504996639,15
26719,26.0602476508,15
5671,20.008327762,15
27777,26.017233288,15
21129,25.0053928468,15
22871,25.278161584,15
13905,24.055215824,15
6535,21.436190907,15
17563,24.658315653,15
12889,24.36449781,15
36787,27.88068387,15
23795,25.379003861,15
4005,20.8981119808,15
16313,25.4099994194,15
26279,26.12458754,15
21869,26.0159262603,15
17701,24.8826210919,15
13623,22.930340053,15
28613,27.193488144,15
27253,27.343309076,15
17157,24.259310539,15
15133,25.1875881822,15
20117,26.400469688,15
15215,25.741882359,15
37391,28.012105128,15
45175,28.4015337808,15
25083,25.6534604294,15
64783,30.068201681,15
28271,26.207342755,15
10905,24.1331786285,15
13067,24.2729961133,15
19761,26.0337672083,15
12243,25.071601736,15
909,15.5746308932,15
5741,19.9663517126,15
32151,27.8092456022,15
26339,26.8860163235,15
22867,25.582144818,15
9393,23.7805566738,15
6085,20.7563734625,15
9505,23.9098846585,15
9779,24.584952486,15
31245,27.6238511771,15
17721,25.205864746,15
15429,24.660343293,15
24559,26.933548533,15
52423,29.256039676,15
7327,22.5290157406,15
22397,26.644631293,15
26605,27.3195332553,15
21587,26.1060076923,15
32381,27.303269552,15
22825,26.2140355382,15
12871,25.362411164,15
8669,23.811173244,15
36609,28.0288173307,15
46069,28.337523796,15
31547,27.4991082639,15
5025,21.2759653097,15
8481,21.6116169731,15
3785,20.67782654,15
8009,22.6151901709,15
25683,26.060830963,15
35741,27.4770854765,15
8451,22.8104891283,15
21981,25.326146412,15
5863,22.391523702,15
3615,20.793577418,15
6829,22.9001524122,15
19969,25.991299156,15
21807,26.3693479162,15
34763,27.0981958762,15
17543,25.197417226,15
9607,23.4949019181,15
32597,27.0364543923,15
17157,25.4035594939,15
14129,24.5936378038,15
5625,22.4624017894,15
2393,19.242625655,15
2933,18.5297168241,15
11193,23.7001575822,15
367,13.741365978,15
21467,25.6391619606,15
14759,25.2501304716,15
20627,25.837592892,15
14375,25.19647387,15
19553,25.767394985,15
6423,22.529854067,15
23475,26.0918790774,15
10259,23.741027294,15
5477,20.587131507,15
6931,23.407208688,15
38203,28.0841238639,15
15913,25.787339603,15
11193,24.060414957,15
4573,21.3562701134,15
8521,23.050727976,15
70159,29.889212171,15
15963,25.406393552,15
21003,25.5110217427,15
22845,26.6003071363,15
12581,24.468458465,15
23903,26.765342541,15
16229,24.1065795954,15
28333,27.196914422,15
41183,28.4527268163,15
48509,29.050499221,15
67309,30.1544272207,15
58189,29.4719991,15
20373,26.0235029741,15
31099,27.600232936,15
17381,25.736649333,15
25401,26.6492003442,15
45501,28.447943899,15
29751,27.00698583,15
31923,27.6566096676,15
27915,27.2410336883,15
49913,29.0508650319,15
39457,27.9711675797,15
18715,25.5411654659,15
25119,26.3183091832,15
17643,25.481850871,15
60869,29.278282943,15
2749,20.219622411,15
4191,20.457947804,15
22943,26.0401979558,15
839,17.421831763,15
6699,20.9980589313,15
13375,24.6648083766,15
15791,25.889869046,15
32555,27.5296034569,15
26523,26.889464572,15
4743,21.378320555,15
12791,24.6133723306,15
34663,27.837709885,15
19797,26.048086251,15
20453,25.692362098,15
30445,27.287858011,15
32659,27.584834875,15
30021,27.459927372,15
43453,28.4946217756,15
19991,26.3005878348,15
11943,24.264458976,15
12595,24.5703429875,15
9495,23.4002085698,15
7821,22.991335411,15
5529,21.8018600693,15
8289,22.09195904,15
22537,26.234246014,15
15839,25.009610933,15
36165,27.8983730298,15
14933,24.592492662,15
13757,24.436409974,15
33559,27.3621658045,15
30513,27.4504358261,15
39147,28.0450057492,15
46165,28.9111374524,15
26593,25.9783658426,15
17155,24.6814986441,15
34271,27.1334665106,15
11513,24.374609235,15
10467,23.6453104419,15
36469,28.150051856,15
13275,23.8819041685,15
39833,28.286208625,15
17215,26.014568225,15
46449,29.185559974,15
36407,27.952729115,15
14109,24.6834802228,15
10035,23.95529642,15
20869,26.154976235,15
6799,23.4089351457,15
21193,25.9102022763,15
14317,24.9801125466,15
6045,22.3376773263,15
5713,21.4881970573,15
5367,22.0346033115,15
34905,27.882221655,15
28183,27.2847037885,15
31051,27.614901806,15
14613,24.761448771,15
13663,24.7122198604,15
18245,26.2029313159,15
7037,22.5064376003,15
35245,28.174550769,15
7843,22.47104569,15
10333,24.0121944694,15
10627,24.402071137,15
24339,26.1172330734,15
9117,23.2352216959,15
23439,26.727985817,15
10423,24.0224017787,15
1989,18.8762125592,15
27513,26.751284383,15
8399,24.039996904,15
27475,26.6839307655,15
37645,27.9874860879,15
39635,27.9837540036,15
13809,25.2265640392,15
42487,28.9886976852,15
44149,29.1165911449,15
6463,22.4411849848,15
7749,22.665784986,15
14041,24.2750463581,15
10435,23.5183912946,15
5627,23.1435566654,15
12377,23.2295936062,15
44593,29.03192086,15
8549,23.367239414,15
96847,31.845320365,15
32509,27.354682062,15
24361,27.038527834,15
29109,27.2044970508,15
19003,26.356739646,15
67687,30.4190553893,15
8351,22.9076263464,15
19613,26.500077207,15
14287,24.51028628,15
44361,29.1472329986,15
5489,22.807379884,15
16457,25.7586962203,15
44511,29.1038448224,15
37371,28.398402675,15
59407,30.234860336,15
10925,24.5046684237,15
24669,26.3959236997,15
31765,27.085015674,15
23603,26.2384146963,15
21517,25.87196755,15
39289,28.4379701675,15
31139,27.746370651,15
15375,24.1391545223,15
51809,29.46138805,15
69367,30.628358726,15
6361,21.8280036551,15
22919,26.887196268,15
6597,23.0436726894,15
47013,29.048262303,15
19393,26.7751793525,15
8243,23.3020006651,15
103339,31.8436817347,15
12667,24.358100316,15
19871,26.385025223,15
9267,23.630447668,15
10679,24.8611526941,15
42215,28.6751930806,15
39089,28.5773225716,15
21157,26.366109953,15
45873,29.2457713279,15
34395,27.8791090353,15
7533,21.732332921,15
12451,23.571815088,15
6379,21.807912089,15
3579,20.4259650689,15
20913,25.7052992772,15
26107,26.1316596425,15
9889,25.104978347,15
59655,29.603883298,15
40591,28.7732669344,15
32609,27.3845126321,15
2013,19.166742239,15
5095,21.092189055,15
4301,21.324892566,15
24977,26.88874282,15
14481,24.646349326,15
17593,26.000490979,15
17345,25.304742219,15
25501,27.0615115549,15
48363,29.2528847417,15
37231,28.3102853365,15
7773,24.0984958871,15
18241,25.5746831959,15
12323,24.778313967,15
27907,27.3055653795,15
3697,21.6830922433,15
7383,23.680912669,15
17937,26.436218023,15
6045,23.2720554155,15
21577,26.349451482,15
35929,28.5350993513,15
47659,29.114998749,15
41393,28.688344155,15
17059,26.0045025575,15
18485,26.3677607017,15
5699,23.700529751,15
6213,24.015840427,15
43767,28.7676420608,15
39319,28.403142676,15
33003,27.795259988,15
23883,26.477941443,15
17291,25.5953919879,15
1813,19.3376369095,15
39697,28.535627224,15
32541,27.7524134214,15
84549,31.020725182,15
7873,22.9951351202,15
9627,24.2000724306,15
21943,26.8557453578,15
11427,24.409426426,15
46035,29.13129091,15
4733,21.8355739283,15
9097,23.8140266321,15
14997,26.1658946783,15
16623,25.363295719,15
3301,21.027433557,15
4725,21.943525371,15
10277,24.2049436172,15
10327,23.812514748,15
16935,25.905511113,15
2615,21.4880563022,15
37955,28.225650546,15
9,0,15
3673,21.3295088524,15
7911,23.607647499,15
7439,23.1143642071,15
5645,23.4385936,15
5587,22.481158087,15
3621,21.6058781707,15
3063,22.4803518233,15
3655,21.0059019202,15
4089,23.351542513,15
5031,22.259300753,15
8747,24.030352007,15
5457,22.1779182199,15
1909,18.2281109622,15
4679,21.9357997124,15
709,17.7270444167,15
2949,19.5068734887,15
2423,20.529567144,15
1497,19.7876655946,15
1329,18.8834944099,15
1073,18.8462278678,15
187,13.8043542919,15
2605,19.550660647,15
4993,22.60810515,15
7377,24.8054156381,15
2215,20.8892518626,15
5677,22.436790127,15
3775,22.2021804526,15
1533,18.6601886356,15
7679,23.5743589841,15
715,17.7512161244,15
2145,20.865264188,15
2683,21.059373737,15
5803,23.0176871861,15
3445,21.1100167457,15
2609,20.5911946014,15
3643,23.2156743965,15
11307,24.315054432,15
2425,19.864972828,15
1647,18.058053111,15
3201,21.049363372,15
2797,20.054748441,15
6643,23.935767359,15
1941,21.2004524171,15
1927,18.9480971175,15
1911,20.4821454774,15
1361,20.0033142268,15
949,18.3745158954,15
1127,18.5445813404,15
10779,24.0863448176,15
2159,20.9153242519,15
689,17.479862123,15
443,16.3787142116,15
43,9.1219639604,15
3831,22.2116255219,15
4933,23.114602961,15
3801,22.5401130946,15
4665,23.447445259,15
3909,22.5392571321,15
1683,20.4198558779,15
5671,23.1451573476,15
1935,20.420492705,15
219,12.9231868983,15
1237,20.105828701,15
3385,21.301024663,15
5571,22.889001444,15
3385,21.301024663,15
5875,22.7231469066,15
10087,24.569664636,15
3685,21.3012955715,15
5401,22.6696810843,15
747,17.930721171,15
379,16.182870539,15
3133,21.562517121,15
8511,23.8593477267,15
2969,21.985140636,15
3103,22.6361327002,15
3763,22.203692538,15
1611,19.0550204648,15
1215,19.79861659,15
965,18.444876099,15
2601,19.8720392753,15
2023,21.1032185251,15
3545,21.531263833,15
2093,20.471565168,15
13993,25.033455318,15
7433,23.210904165,15
5697,23.5399830931,15
1947,21.241335947,15
5007,23.343137435,15
1415,20.446055915,15
3663,22.6479744568,15
8207,23.9420325037,15
2537,20.794498976,15
4853,22.6051997365,15
10635,24.1159576802,15
11379,24.8281309619,15
3567,22.372024818,15
451,16.2030713775,15
1495,19.3118597581,15
11105,24.911425459,15
4869,23.749883898,15
16249,26.3575135719,15
12073,24.7863048507,15
14309,25.386164258,15
6577,22.967060973,15
3833,21.71872623,15
2687,22.364443808,15
6647,23.4394215279,15
2429,21.9126713532,15
1801,20.7395437852,15
2419,21.6066919006,15
4137,22.6596632188,15
815,17.1575049483,15
8857,23.72547604,15
899,18.704654828,15
3371,20.9770673706,15
4829,20.654923694,15
6843,22.9822958331,15
3163,22.305094714,15
3065,20.9121011899,15
3343,22.615939221,15
2003,20.8726291142,15
2901,21.789212913,15
3689,21.3300694712,15
8547,23.0863899957,15
5277,22.6372903097,15
1785,19.2598897257,15
8547,23.086389996,15
8061,23.751182029,15
2373,19.854641259,15
7367,24.385049097,15
1085,18.9867897159,15
2707,21.533007097,15
721,18.1186600447,15
1323,20.3300588146,15
925,18.5770471752,15
3603,21.5763464941,15
1589,19.761698905,15
8637,23.9318497641,15
1889,20.6780196004,15
4087,22.448649396,15
6697,24.2297576376,15
4525,22.886091234,15
1497,20.6732984812,15
5537,22.965603784,15
7087,23.9396742298,15
6513,23.658986286,15
2625,21.0294125812,15
709,17.72423157,15
3329,21.5102489489,15
879,18.8869461902,15
695,18.034788685,15
1979,21.179723902,15
6329,21.8419129816,15
1431,18.4818958312,15
1243,19.960137094,15
669,18.12703108,15
2645,20.0543205818,15
2919,21.6165654704,15
12279,25.414552682,15
12619,25.2364384109,15
2737,22.251302375,15
9965,24.4415140003,15
5283,22.942892047,15
1379,19.51394261,15
5833,23.6604792618,15
6921,23.9700055815,15
1757,20.0600781572,15
4523,23.6737785618,15
4817,22.569031075,15
623,17.8746871509,15
1281,19.674459839,15
1149,18.530769798,15
421,15.8727224748,15
813,17.6940988433,15
1603,19.9947918839,15
413,16.9074039872,15
1363,20.0045622313,15
1343,19.9612330594,15
1681,19.6510933087,15
1239,17.9718294537,15
7857,22.3645206963,15
241,14.4581577525,15
3801,21.876007289,15
623,16.8612501298,15
2213,21.5700234345,15
1523,20.1455450275,15
2585,21.298909936,15
1113,19.5988137827,15
13567,25.3335852785,15
4277,21.2416062643,15
99,12.2667800124,15
10387,23.825720956,15
2505,21.7309148481,15
1277,20.13946553,15
6357,22.7844831266,15
3519,22.4717424488,15
2727,20.2520839136,15
1829,20.002446936,15
971,18.821266926,15
9225,24.2945775206,15
6069,23.6643158293,15
8089,23.914518149,15
2859,21.4838686131,15
6485,24.241058574,15
539,17.228318271,15
4781,22.30541026,15
3485,21.417930782,15
1013,19.227609938,15
3167,20.2751690174,15
581,17.5673527019,15
3771,21.9985067893,15
1167,18.7462437066,15
3423,21.948234872,15
1883,20.189441099,15
549,17.1796496676,15
101,12.3968989659,15
9177,24.831929987,15
2813,22.4555305758,15
3617,22.0865282846,15
4087,20.9093114915,15
765,16.9061839845,15
9655,24.156053042,15
2077,20.320913678,15
91,12.0469213784,15
2071,19.6702715951,15
9101,24.974301199,15
2515,19.771709694,15
985,17.3943467857,15
1775,20.5860746071,15
2943,21.39408606,15
2075,21.393942976,15
2787,21.963235512,15
7231,24.0897867234,15
1357,19.728025788,15
4451,23.535030452,15
2965,20.6217791339,15
1733,18.963084634,15
3385,20.5942005762,15
4763,22.3529026309,15
1941,20.040919197,15
7071,22.5337660158,15
2249,21.678218564,15
4805,23.619014712,15
5323,23.312701489,15
2939,22.097310618,15
5277,21.823106944,15
1931,20.9495792385,15
4887,23.1652946238,15
1485,17.6158134366,15
1335,19.6442199127,15
6619,23.2810164374,15
2993,20.552616494,15
1775,20.104892428,15
5631,23.3590634696,15
943,18.6827099,15
10651,25.1049596645,15
1703,20.84515752,15
20081,25.059675057,16
32671,25.3868953113,16
15447,23.246249831,16
10607,23.2438175227,16
24115,24.854892924,16
28673,26.293378061,16
18417,24.661930009,16
29043,26.187634368,16
35629,27.155042918,16
60647,29.0346242632,16
8161,22.703300625,16
29701,26.5703648704,16
45311,27.920233217,16
14151,24.340940525,16
33879,26.982068598,16
3933,20.1520304184,16
28033,25.2754896797,16
29207,26.8514163592,16
44683,27.8539954882,16
58071,28.9590723694,16
84299,30.007646834,16
23121,24.7879649585,16
1561,18.4626503985,16
24073,24.6909940182,16
24593,25.8330163127,16
39105,26.4114989522,16
37055,26.5060007423,16
43285,27.0107295054,16
36103,27.795607665,16
68465,29.210513893,16
60147,28.827151893,16
78937,29.836678364,16
25907,26.058012882,16
24069,25.608122131,16
52287,28.743708495,16
7039,22.8120017385,16
28503,26.16588806,16
36931,26.422831858,16
91339,30.4768557189,16
70969,29.0895035179,16
33041,26.515639143,16
33553,27.2400405909,16
13901,23.2935233768,16
18823,24.4000772489,16
107063,31.1438352871,16
67131,28.614584034,16
33183,26.978751549,16
24685,25.206961063,16
82351,30.45804418,16
58005,28.5847166212,16
79845,29.958444109,16
63393,28.96106909,16
7907,21.8259614399,16
36289,26.708054296,16
31471,26.8102092533,16
22177,25.441936652,16
33799,27.086902787,16
40283,27.225265314,16
61747,28.62840076,16
18839,24.7061300166,16
13789,23.6096591388,16
10283,23.0775152349,16
37367,27.539462688,16
66471,29.292502395,16
81259,30.243615238,16
26433,26.146357202,16
46061,27.6584757303,16
10175,22.5612723828,16
49229,29.2106071665,16
44515,28.5245076792,16
38979,27.2782841698,16
13521,24.40883951,16
51065,28.864205247,16
78689,30.012938151,16
60743,28.555641384,16
22711,26.706348753,16
15457,25.628294928,16
20367,25.0569937661,16
31267,26.4343898153,16
51549,28.859460085,16
23375,26.094274812,16
13779,24.567621104,16
53831,28.42069416,16
46399,28.032582122,16
12827,23.800037794,16
23541,26.781994334,16
34297,27.773739739,16
37387,26.5450007199,16
70839,29.531614955,16
36001,26.61286681,16
46551,28.195523008,16
29753,27.6913961859,16
21655,24.0159795807,16
21711,24.8718269196,16
23847,25.0662088639,16
34183,26.580004968,16
63323,29.139168998,16
6377,21.2769350025,16
11807,22.977231944,16
21073,25.174606615,16
51527,28.193633864,16
67651,29.1510720787,16
29429,25.453113624,16
39733,27.512232219,16
79553,29.6825216297,16
10783,23.7944353844,16
79131,30.0835555906,16
47671,28.1955422022,16
18147,25.2327890114,16
69351,29.166587724,16
40459,27.0608566232,16
46675,27.603448424,16
33481,26.40936476,16
19951,24.762537495,16
30219,26.3608208851,16
80481,29.898173849,16
51523,28.1537217489,16
81815,29.282473515,16
57345,28.043697453,16
33015,26.7476839273,16
20191,25.040504942,16
33669,26.357577371,16
25023,24.323380745,16
26647,26.1351098767,16
42385,25.847643932,16
12615,23.020913459,16
11753,22.280975859,16
42249,27.804192832,16
52431,28.896509084,16
71299,29.775057106,16
20253,25.5483133559,16
24649,24.8484579487,16
14815,25.0579741745,16
63071,29.60439668,16
46769,27.2273545825,16
30769,26.997367054,16
29535,27.2076453911,16
55487,28.482225937,16
35181,27.7090388508,16
10491,24.403970983,16
61537,28.8876415798,16
11717,23.7544092964,16
69943,29.353254922,16
100701,31.005241072,16
92911,30.374607216,16
74305,30.4028386704,16
41403,27.3799200351,16
18281,24.5999506653,16
34169,26.107246809,16
43987,27.4814686211,16
20321,25.818661367,16
10895,23.71244326,16
7793,22.0152292734,16
35307,27.083659272,16
18305,25.088292446,16
57749,29.578890345,16
124753,31.7356588838,16
57329,28.937620804,16
99245,31.1020572833,16
26555,27.330105815,16
39533,27.88125495,16
6883,23.247035533,16
18637,26.509835311,16
32547,28.2955704548,16
65339,30.08051972,16
111277,31.2359695999,16
17909,26.110616278,16
47537,28.31872245,16
6419,23.102567011,16
25495,26.0872865757,16
74875,30.031176268,16
76163,29.932049481,16
74497,30.590372592,16
52149,28.9428004852,16
59037,29.1651755491,16
169717,33.287401102,16
13771,24.1217504159,16
38871,26.911094686,16
44175,27.872597282,16
106805,31.346492859,16
89239,30.9843660355,16
23645,25.9308471989,16
35095,27.00664594,16
21767,26.01426823,16
45757,29.093086583,16
59291,28.905430055,16
23431,25.668889547,16
66759,29.1608096237,16
50931,28.4639540427,16
16503,25.532715078,16
62701,29.08238068,16
6111,21.9798611163,16
32027,27.994526909,16
89777,30.418158823,16
62901,29.395020526,16
8591,23.49255031,16
44739,27.654425596,16
35053,27.249260434,16
28423,25.9977374658,16
24535,26.106890093,16
78419,30.2867594269,16
41719,27.8189756183,16
44189,27.2162579,16
34157,27.718761841,16
34525,27.614619369,16
30627,27.232464587,16
10679,23.9241581282,16
64007,29.6669050659,16
33903,27.8187485742,16
35071,26.4036083692,16
42311,27.8344129,16
22141,26.1058556386,16
39847,28.0174552674,16
59977,28.6521456932,16
23431,26.380001974,16
87327,30.397903565,16
40273,27.9054712208,16
36349,26.8069169229,16
12113,23.3912924486,16
44677,27.6284529777,16
30805,27.357539164,16
3107,18.7900419809,16
82029,29.9937561631,16
3091,19.0427642183,16
35263,26.476305425,16
48817,28.318732985,16
73229,29.7209058474,16
69761,29.637575832,16
34663,28.5018511897,16
47347,28.8910914406,16
9767,21.292117543,16
71843,29.647613941,16
90697,30.3559052035,16
75593,30.1648329539,16
74129,29.682359287,16
93487,30.522554621,16
9949,22.8222361682,16
76127,30.159373132,16
53299,28.766150109,16
26129,26.4189358814,16
108649,30.973814426,16
71189,29.8578023396,16
27575,26.748387206,16
41463,27.5543332046,16
37455,27.48647978,16
14741,24.3231762879,16
42791,28.3725861121,16
49721,29.077270056,16
71859,30.2656044036,16
33673,27.41638461,16
60283,29.5501180566,16
38043,27.7238264182,16
28257,27.158451461,16
132403,32.354421694,16
89349,30.6434785196,16
85173,30.2417332251,16
20545,25.9073368726,16
116633,31.601381567,16
18001,25.969337397,16
34315,27.3251637463,16
140531,32.1718279461,16
53431,29.6953551984,16
19743,26.5768129414,16
33915,27.3407980084,16
28263,26.923971767,16
15223,24.245739257,16
1431,18.5585113831,16
37931,27.6053107156,16
41927,28.4169591574,16
15643,24.5819473755,16
13059,23.4026649732,16
49339,28.890629443,16
76933,29.51341118,16
35439,27.8804686606,16
47965,28.205551175,16
26117,26.8186160663,16
24005,25.7098432102,16
204405,33.377489824,16
107639,31.3281318813,16
34291,27.429129847,16
55163,28.5614139499,16
41153,28.508923535,16
82321,30.4408676327,16
44739,29.4432212642,16
81133,30.3138491509,16
8293,24.8030946207,16
55311,29.144873183,16
53519,29.020773785,16
447,13.5939850558,16
3677,18.8624143735,16
111687,31.586108892,16
5227,22.1757228345,16
16211,24.8877517565,16
3515,19.7740658221,16
525,15.3851972014,16
27333,26.617353682,16
34555,27.862853988,16
52941,29.1599872666,16
25801,26.835138971,16
65091,29.449491476,16
50189,29.0681986233,16
78159,29.922362698,16
15373,23.53996177,16
23617,25.8804351109,16
39269,28.505427401,16
27785,27.8983061276,16
81383,30.761981908,16
43063,28.3849936982,16
33607,27.320812712,16
1591,18.4115359302,16
49561,29.216484193,16
52295,28.4406509236,16
21073,25.954621038,16
38045,27.914907175,16
58043,29.58884773,16
53317,28.320928856,16
25317,25.945793204,16
10753,23.751438562,16
155181,32.943983082,16
2957,20.385814948,16
47979,29.9253129747,16
63269,30.059808443,16
33117,27.225147242,16
63745,29.02171729,16
3429,19.386878694,16
4579,19.9083667332,16
82025,30.5322600586,16
71931,30.608532707,16
45877,28.261727267,16
87433,30.8760312226,16
217819,34.22796403,16
25689,26.9646205383,16
32799,27.494405768,16
35533,27.796948408,16
72483,30.434217056,16
60065,29.8235312925,16
47131,28.796036471,16
57579,29.624918087,16
100547,31.682486507,16
18643,25.2916598674,16
1385,19.3431378423,16
26143,26.93638999,16
89851,31.262025798,16
53883,29.4996198908,16
129583,32.348799338,16
141739,32.632088504,16
83969,31.262387309,16
34367,27.644055629,16
26395,27.727527846,16
38361,27.887270172,16
16789,26.06326193,16
190975,33.615163304,16
45469,29.3636978037,16
94947,31.050272747,16
14581,24.716089255,16
70183,30.207854899,16
101099,31.66985851,16
141477,32.605787782,16
63359,29.7752015578,16
75995,30.35333765,16
44291,28.8291124867,16
70731,30.279604694,16
16903,26.303665026,16
3585,18.4671157955,16
34277,27.348044464,16
6637,21.143846477,16
25861,26.3165851645,16
12435,24.414797861,16
94943,31.271454034,16
23027,24.8368386524,16
58173,29.0195756489,16
27365,27.61051347,16
34551,28.0856151086,16
105047,31.550703385,16
45465,28.9409853161,16
114615,31.6439521093,16
102205,31.5301284344,16
51645,28.4704771897,16
16397,24.893922201,16
9033,24.9350001619,16
11191,25.042350719,16
23977,26.990093597,16
22283,27.3683215118,16
73853,30.404580976,16
105681,31.587119056,16
55541,28.769064831,16
30473,27.8084797164,16
33439,27.8877157625,16
112649,31.9589877181,16
70999,30.6991852705,16
106081,31.72005831,16
72705,30.5244743136,16
132463,32.527926094,16
25281,27.1942079491,16
77907,31.254441461,16
7241,22.8134192366,16
24677,25.9224146757,16
811,15.3325464302,16
1853,17.656051038,16
3959,20.97473028,16
3591,20.7661307004,16
15801,25.787049064,16
97243,31.3554714882,16
35253,27.627676028,16
19383,26.6468542247,16
9061,24.2821110509,16
30789,27.0167328283,16
74847,30.1855928001,16
3447,21.2323314037,16
38023,28.408951175,16
1745,18.361439162,16
13853,26.0451451668,16
17125,25.307474013,16
24247,27.111837587,16
36439,27.6252628754,16
47031,28.741178442,16
17697,25.723595664,16
52227,28.593272491,16
1361,18.410361452,16
95795,31.6852626919,16
25767,27.1204115988,16
54851,29.92282974,16
4525,21.514957353,16
40375,27.7971820967,16
18601,26.0408024186,16
63357,29.8669371677,16
9359,21.199145196,16
98635,31.183636329,16
29189,27.1815669066,16
23683,26.4479302306,16
25063,26.6421673634,16
22515,26.378029424,16
3309,20.5245563459,16
3019,22.0695547146,16
1185,19.5020613877,16
28529,27.0418983861,16
6069,23.9839358809,16
5415,23.188272611,16
13077,25.5119964635,16
895,17.9953282752,16
8633,23.509832744,16
2279,20.2641485134,16
5503,23.8524374871,16
8855,24.395864913,16
4651,23.2788991872,16
2455,21.573849747,16
5269,22.8179241975,16
16103,26.0778409075,16
1683,20.6914969551,16
7073,22.601552254,16
5091,23.564145622,16
6979,24.7541001437,16
5853,24.4019230403,16
3385,22.0032232883,16
9147,25.646580497,16
28929,28.0594880105,16
18473,27.4883826613,16
8789,25.592750586,16
2525,20.853779765,16
14819,27.383080182,16
3585,22.384874349,16
19483,26.500032469,16
4357,23.155174718,16
3519,22.510326164,16
15235,25.815311629,16
5913,23.2931909992,16
3967,21.6551022217,16
2579,20.5548208215,16
2895,22.388115185,16
1309,19.4993458774,16
4237,22.6324844897,16
461,17.3589510842,16
3139,21.7165824531,16
9037,25.0477540061,16
4623,22.053663325,16
13025,24.5092387589,16
2609,21.706517131,16
5481,22.5500894664,16
17691,25.7888428788,16
8145,24.0977005362,16
13355,25.7248310757,16
7199,24.224872726,16
4511,23.9469031236,16
5017,23.6710180365,16
11221,25.3028517506,16
3121,21.9272983663,16
5451,24.1434792407,16
13133,23.904025609,16
12925,26.3803020326,16
8475,25.408378966,16
11819,24.5051084743,16
3701,22.7081562003,16
8191,25.397955501,16
2305,19.9270613371,16
18707,26.094853466,16
3611,22.0341326765,16
13599,26.5335935795,16
6291,24.803958167,16
4189,21.7086528509,16
5575,23.534019932,16
8707,25.542722279,16
5597,23.4294768115,16
10289,24.811104244,16
2189,21.2477373088,16
1061,18.8801745686,16
8555,23.693392914,16
30021,28.129916208,16
6247,22.6746341975,16
25889,27.769174743,16
21401,26.820411686,16
6971,23.0444105339,16
3691,22.6256516014,16
3373,22.225725043,16
6799,24.933774058,16
19169,27.062552296,16
8773,25.934416674,16
2729,22.202596364,16
4563,23.41863787,16
8735,25.9238026495,16
27103,27.4098199604,16
16349,26.20118529,16
2235,21.782912565,16
4133,22.839337989,16
7341,23.5548448448,16
10879,24.020477371,16
6745,24.146387367,16
1863,20.8955377824,16
2643,22.2776166777,16
4347,22.779297021,16
5551,24.3359326844,16
3803,22.010809604,16
4221,22.5903463879,16
17277,25.8315895371,16
1439,20.335153937,16
5965,22.946450471,16
2145,21.5874378724,16
17779,26.041675703,16
10161,26.074851747,16
6475,25.2192094307,16
2187,21.5687376997,16
2091,20.999887694,16
1655,20.9462259438,16
25073,27.147984077,16
2971,20.6215776134,16
4345,23.1771837706,16
5585,24.5374950303,16
38983,28.5382404484,16
5003,23.313441171,16
4205,22.749576134,16
5629,23.279895884,16
5777,24.0678113249,16
1723,21.313329642,16
4121,22.6971335549,16
15713,26.1961203827,16
967,19.2646811842,16
2709,21.364800203,16
4217,23.7050628383,16
4891,23.18585871,16
21145,27.1307796984,16
7089,23.664588252,16
3043,23.2116981954,16
13509,25.069220633,16
30323,28.031140532,16
9307,25.964239445,16
6221,23.776862848,16
5139,23.980010771,16
11081,25.4007236833,16
1669,20.626417422,16
12461,24.4412321805,16
5637,23.030982809,16
7669,22.9236990017,16
5989,23.5808338109,16
7813,25.2696302295,16
14693,25.206606264,16
7877,24.118799472,16
31183,27.550692862,16
8611,25.8024929096,16
713,16.495255807,16
1165,19.5871243892,16
1021,18.5468112458,16
4557,20.050145658,16
5685,22.4025912678,16
5577,23.2066182853,16
5569,22.72515375,16
4893,20.9656829696,16
2633,21.5381989785,16
3467,23.1078310002,16
7077,22.9596895356,16
7715,23.083763589,16
7491,23.800251609,16
11429,23.9699758617,16
4355,21.5516574549,16
5135,21.743632968,16
7211,24.0898740643,16
6687,22.7535132515,16
4957,22.620691631,16
28449,26.9864338293,16
847,17.5825339546,16
9345,25.2103465976,16
2379,21.8408754426,16
21223,26.3806525283,16
551,17.43082183,16
1257,19.9317444749,16
1815,20.589576057,16
4931,23.802721559,16
7825,24.0604584787,16
4691,23.4775121431,16
5517,24.7174468693,16
5613,24.0699438495,16
14695,25.6985001653,16
5747,24.2136846977,16
6791,22.853888952,16
2063,20.422308297,16
4565,23.366584539,16
9761,22.8476860143,16
851,18.3781375753,16
3475,20.7175665713,16
4869,22.329923012,16
6893,23.170999169,16
4847,21.9150714123,16
4819,20.930988448,16
2719,21.1256781255,16
12749,24.687387695,16
505,16.645192326,16
7443,24.282718442,16
4145,22.6456242002,16
3091,21.385613148,16
1661,20.236543002,16
241,14.0037112763,16
327,16.0898658339,16
5149,22.7453808562,16
2021,20.276957054,16
1843,21.0637084497,16
5193,23.243058845,16
19197,26.3356109912,16
4019,22.888546969,16
6273,24.213913157,16
3529,22.4545345038,16
5759,23.2635836601,16
1795,20.6345747774,16
3133,22.353728842,16
4501,22.9987191879,16
5113,24.1860712529,16
5947,24.618863464,16
37873,28.495572986,16
20885,26.5338935602,16
3285,22.2818114029,16
2503,21.7437566578,16
9663,23.8526605219,16
2113,20.764943961,16
10321,24.6853764577,16
29935,26.939902149,16
9939,26.0174858513,16
1151,19.8515541941,16
11073,25.2439549779,16
20023,26.484918452,16
3235,22.2345610675,16
3399,21.9549491179,16
2035,20.8333819151,16
1063,18.7238900009,16
10853,24.370408013,16
11057,25.353477048,16
7941,23.5272282491,16
9757,25.155929064,16
2861,22.3139793187,16
15127,24.974904383,16
2981,21.458184717,16
14399,26.0258760583,16
6939,24.352470835,16
15551,26.147510923,16
13745,26.0647063205,16
12913,25.011916055,16
4393,23.3590704044,16
2823,21.146852822,16
8281,25.10638126,16
5419,22.9773870433,16
5729,22.974585647,16
573,16.839334125,16
1111,18.485893828,16
13477,24.9320155662,16
869,17.614715871,16
9003,24.425849754,16
5703,23.1919566831,16
7149,23.5295549601,16
13509,25.4179360653,16
10203,24.271955525,16
2889,22.3898025009,16
2217,21.3676491653,16
5027,23.4378496091,16
12401,25.3435790914,16
2263,21.596382379,16
8311,24.653105025,16
7665,24.7247057193,16
3097,22.626856205,16
12177,24.951864041,16
2831,20.294330943,16
4657,22.921670452,16
2949,22.540778628,16
3855,22.6816715557,16
6079,21.9897037451,16
10727,24.841992385,16
13593,25.715973073,16
3507,22.3509091743,16
5767,23.659051516,16
28459,27.595808821,16
8395,24.324981398,16
11643,25.226178127,16
26347,26.935111591,16
245,14.2927521558,16
24639,26.6625346789,16
12835,25.581194759,16
4805,22.892015583,16
1617,19.2067709748,16
3155,21.5602749661,16
5307,22.669831106,16
6085,23.490876521,16
15985,25.276722227,16
1905,21.077481732,16
10461,24.4974791581,16
573,16.673785086,16
10789,24.701681545,16
20297,26.822409459,16
15633,23.9905671302,16
4881,24.1248670416,16
2679,22.2865270227,16
15669,25.6344364846,16
14871,25.8147200302,16
10653,26.1154926706,16
2129,21.100162128,16
3535,22.854121567,16
3973,23.377680394,16
1635,20.8134026209,16
2591,21.792425245,16
3705,22.02784607,16
3343,22.4888752785,16
4903,23.469718687,16
16931,26.2938530541,16
1139,18.3467694306,16
1441,20.429097174,16
3505,23.075003306,16
7433,25.039605569,16
1913,20.3678391032,16
9913,25.8834898286,16
1043,19.0355399511,16
5987,23.771336517,16
3911,21.580889583,16
4483,22.6200025877,16
1193,19.7652265182,16
1193,18.889024735,16
8277,23.813422507,16
4609,23.783103349,16
14251,26.430920127,16
8077,23.874733648,16
797,18.9270898742,16
957,18.0242493556,16
1961,21.2513609898,16
8651,24.2550084267,16
1791,20.1997290011,16
35073,27.929538486,16
3869,23.433692992,16
269,14.5588708898,16
955,19.455050962,16
775,18.315901271,16
17581,27.052484407,16
14257,25.475918672,16
1593,20.4357014025,16
10145,25.816633176,16
8171,25.160962279,16
4481,22.306997631,16
5493,23.857611297,16
4671,22.520535969,16
11385,24.975826702,16
2589,22.161795491,16
1471,20.0205032823,16
3473,23.1024687738,16
15311,27.187209692,16
11557,26.9976254643,16
12953,25.7500237307,16
10313,25.3315522056,16
3309,21.629307113,16
4491,22.338815737,16
2251,22.0876214126,16
763,18.0630553235,16
3643,22.9691776283,16
4823,23.70746498,16
2793,22.192909207,16
8937,23.348817312,16
5441,23.0396801405,16
9551,26.029500916,16
933,19.5060594985,16
13133,24.6951672621,16
985,18.8551142668,16
2847,21.5209961903,16
4019,22.0546107626,16
4019,23.312313642,16
3893,22.7694939163,16
11343,25.402790125,16
4807,22.9172956,16
4793,22.2922056596,16
20839,26.364535855,16
