12,3,3
0,5,4
60,5,5
180,7,5
84,9,6
252,11,6
0,13,6
168,7,7
864,11,7
720,13,7
2112,15,7
1344,17,7
1728,19,7
156,21,7
540,13,8
996,17,8
0,17,8
1044,19,8
1548,21,8
2484,23,8
792,23,8
432,25,8
0,25,8
1308,27,8
4224,27,8
0,29,8
504,29,8
6840,31,8
12012,33,8
2772,35,8
0,37,8
0,45,8
240,3,8
96,9,8
708,15,8
360,9,9
2640,15,9
1836,19,9
3216,21,9
9180,23,9
3552,27,9
7776,29,9
5184,31,9
5880,31,9
10296,33,9
6168,33,9
12348,35,9
14976,37,9
3312,37,9
17772,39,9
7704,39,9
5280,39,9
21564,41,9
2412,41,9
8784,41,9
23976,43,9
6444,43,9
31692,45,9
1536,45,9
26724,47,9
9516,47,9
948,49,9
10932,51,9
11172,51,9
660,53,9
16968,55,9
19008,59,9
1236,61,9
3372,69,9
15120,27,9
6108,37,9
2700,45,9
64056,57,9
46056,55,9
43188,75,9
7428,49,9
168,7,9
1152,13,9
204,17,9
4128,23,9
252,9,9
2232,27,9
5724,27,9
4224,25,9
1872,17,10
2448,23,10
2052,25,10
2460,27,10
2676,33,10
8304,37,10
21132,43,10
3912,29,10
2352,39,10
5808,45,10
13248,43,10
5556,47,10
10008,53,10
21876,57,10
4368,43,10
16776,47,10
0,41,10
28260,55,10
8736,51,10
10224,35,10
13608,45,10
1860,49,10
12684,59,10
40284,55,10
29100,65,10
2904,61,10
22476,71,10
6912,53,10
25428,63,10
83268,67,10
2604,57,10
5808,69,10
0,65,10
2952,37,10
8568,49,10
39408,51,10
0,53,10
53568,59,10
23412,61,10
27312,75,10
36744,71,10
5844,81,10
0,73,10
52680,79,10
0,89,10
4272,31,10
4596,41,10
804,49,10
22944,59,10
16380,53,10
21456,67,10
12108,59,10
150540,73,10
5088,47,10
91272,61,10
30108,65,10
35400,79,10
19236,65,10
43188,75,10
7692,85,10
4860,33,10
4572,45,10
69336,57,10
4500,51,10
17172,63,10
45744,75,10
69000,63,10
10236,57,10
95628,87,10
31080,67,10
1896,77,10
40920,73,10
75192,83,10
64800,63,10
4032,81,10
20580,57,10
14772,63,10
58596,69,10
0,61,10
37728,71,10
0,85,10
5952,63,10
42132,83,10
49836,87,10
9660,57,10
4404,85,10
5220,81,10
0,101,10
135564,99,10
3780,77,10
1440,73,10
86676,89,10
17364,67,10
8700,71,10
59424,91,10
20148,93,10
189240,87,10
62724,81,10
0,81,10
12072,65,10
237396,85,10
3540,73,10
31080,75,10
1212,77,10
81384,91,10
9504,75,10
6708,93,10
14592,63,10
0,85,10
59244,83,10
51696,77,10
12240,87,10
115836,111,10
5820,93,10
0,109,10
16260,95,10
97104,103,10
0,97,10
6276,101,10
468084,105,10
137184,115,10
10176,105,10
0,121,10
600,1,10
276,11,10
1020,19,10
3732,29,10
3552,11,10
636,25,10
912,17,10
7248,31,10
108,5,10
1992,19,10
4116,23,10
648,37,10
780,15,10
1536,25,10
5184,35,10
2208,3,10
192,9,10
660,21,10
2532,15,10
1548,27,10
10920,39,10
432,3,10
2064,33,10
2856,27,10
2820,31,10
8976,41,10
3096,29,10
7248,43,10
6048,11,10
672,1,10
6960,13,10
1080,25,10
3540,35,10
14352,49,10
276,45,10
3420,39,10
2616,21,10
900,5,10
7296,35,10
12612,51,10
2736,45,10
18324,39,10
196632,127,11
337224,137,11
51912,115,11
9324,97,11
24648,125,11
233376,135,11
21372,95,11
16512,117,11
19776,65,11
108540,107,11
8520,113,11
97536,103,11
22752,61,11
6132,133,11
30492,107,11
14064,105,11
254256,123,11
152892,127,11
107220,155,11
169908,113,11
124980,75,11
40128,101,11
104016,103,11
10524,157,11
107220,155,11
10500,157,11
347088,143,11
12024,121,11
116916,115,11
7044,149,11
242772,125,11
209052,139,11
21012,95,11
46212,119,11
9912,121,11
10308,121,11
13524,93,11
12480,117,11
18960,101,11
31332,89,11
148488,115,11
159060,107,11
368112,135,11
9456,117,11
132276,87,11
38844,87,11
9456,117,11
225552,113,11
122520,105,11
184152,83,11
215268,115,11
28632,137,11
53928,97,11
296736,139,11
9600,71,11
10632,109,11
20916,99,11
10380,81,11
9324,43,11
81276,85,11
337380,103,11
15804,55,11
106680,93,11
130548,97,11
74772,59,11
38388,119,11
18588,125,11
29076,103,11
20016,141,11
349308,151,11
126084,159,11
19428,153,11
13644,177,11
22956,73,11
47844,83,11
7212,145,11
254724,131,11
169680,123,11
82644,143,11
11712,137,11
52680,127,11
18564,95,11
65208,113,11
12612,101,11
133716,107,11
19152,91,11
6504,121,11
2736,101,11
153444,119,11
49596,87,11
5664,129,11
32328,103,11
9288,93,11
133008,107,11
160884,73,11
16848,121,11
23640,71,11
9108,77,11
65736,135,11
388416,141,11
464376,167,11
87984,99,11
49584,81,11
10932,125,11
144480,109,11
10224,93,11
104508,111,11
23316,99,11
14160,117,11
9012,97,11
83088,103,11
13464,125,11
68112,109,11
289212,151,11
17124,121,11
344328,137,11
265560,117,11
56748,87,11
40212,77,11
193020,109,11
237408,119,11
229728,127,11
693444,117,11
468876,155,11
225480,175,11
7680,145,11
116712,137,11
38676,129,11
69012,113,11
193704,123,11
52260,131,11
243744,135,11
151932,79,11
128568,123,11
34176,153,11
545496,163,11
105024,111,11
32064,161,11
16488,99,11
25788,65,11
78840,103,11
21804,59,11
93000,89,11
56988,73,11
202860,83,11
46536,123,11
97848,151,11
462288,115,11
204264,127,11
320616,125,11
62208,127,11
14520,117,11
12660,89,11
64836,67,11
460752,171,11
18972,91,11
63228,135,11
46644,119,11
191028,111,11
17112,145,11
18372,57,11
131628,167,11
43020,119,11
16644,169,11
8220,81,11
42624,59,11
24852,113,11
25260,125,11
14844,121,11
21396,185,11
180624,183,11
268392,139,11
259092,135,11
13548,79,11
14652,105,11
30792,111,11
39624,97,11
221340,123,11
16848,57,11
4764,89,11
84000,99,11
27492,73,11
162024,115,11
17400,87,11
10668,109,11
83496,95,11
5256,117,11
21840,67,11
7152,149,11
6828,85,11
54840,83,11
361512,97,11
80148,95,11
35436,93,11
17964,53,11
97824,147,11
275856,143,11
124536,115,11
79320,99,11
252684,85,11
16464,81,11
125664,111,11
19812,63,11
150132,101,11
57576,91,11
86220,85,11
169020,105,11
42048,141,11
7740,73,11
112608,67,11
529596,153,11
410256,145,11
33132,69,11
100344,133,11
81408,147,11
79848,139,11
311472,131,11
239460,87,11
82248,85,11
15072,79,11
18876,101,11
26040,75,11
97308,89,11
19572,53,11
75060,71,11
334212,143,11
19224,133,11
118548,71,11
44976,51,11
20916,99,11
51012,123,11
8880,173,11
7884,37,11
40596,71,11
101364,99,11
300252,93,11
99000,65,11
264756,195,11
22980,61,11
84048,95,11
16812,47,11
126120,69,11
391404,147,11
47016,75,11
25452,41,11
6300,19,11
156180,159,11
39552,117,11
27456,85,11
10524,133,11
57900,131,11
10548,133,11
57900,131,11
102684,143,11
53400,133,11
3288,97,11
27396,75,11
30840,79,11
38580,69,11
97584,129,11
122340,107,11
38604,81,11
61524,135,11
14232,109,11
16128,209,11
242100,191,11
79092,139,11
103320,151,11
20652,137,11
469536,171,11
22668,149,11
361644,159,11
14760,165,11
260460,129,11
610668,161,11
78672,135,11
81564,141,11
45552,91,11
35136,105,11
108204,155,11
60120,127,11
286200,147,11
164364,179,11
21912,161,11
90528,147,11
8964,181,11
10560,205,11
9816,145,11
24204,141,11
134340,99,11
880464,129,11
34128,81,11
183180,123,11
154932,109,11
451704,111,11
585348,175,11
236820,131,11
368472,97,11
8268,153,11
309192,199,11
195000,161,11
25128,149,11
187008,117,11
69420,135,11
50256,105,11
53292,83,11
32784,71,11
111504,93,11
39876,61,11
167904,79,11
138312,119,11
50016,77,11
152544,171,11
12408,157,11
10728,121,11
34356,125,11
273768,135,11
159828,119,11
518376,109,11
215016,121,11
370308,151,11
33540,83,11
343944,99,11
171096,95,11
25296,169,11
699384,187,11
468912,149,11
1295124,145,11
27900,89,11
149616,115,11
12828,189,11
27720,65,11
16992,49,11
44352,75,11
32556,59,11
252468,89,11
34524,69,11
26496,55,11
62208,87,11
79956,61,11
9240,29,11
26496,31,11
273084,129,11
251292,91,11
30768,93,11
134340,111,11
142500,145,11
458580,155,11
29592,185,11
39288,165,11
188652,135,11
192420,123,11
447552,105,11
15564,45,11
64680,79,11
91524,91,11
7488,31,11
46728,53,11
60972,57,11
112092,69,11
53940,39,11
37908,35,11
3756,25,11
23100,51,11
169992,81,11
660,11,11
8988,27,11
20484,57,11
13260,43,11
4668,49,11
32856,71,11
900,17,11
30432,67,11
21432,53,11
20292,5,11
49116,65,11
18072,55,11
312,13,11
2016,15,11
14376,45,11
3276,35,11
14868,37,11
41520,47,11
1968,33,11
588,5,11
3012,23,11
1968,49,11
16968,55,11
3828,29,11
1176,23,11
8172,47,11
3384,41,11
2736,19,11
912,21,11
32376,51,11
8388,33,11
3216,3,11
1896,69,11
13284,51,11
144,1,11
91548,89,11
9108,67,11
1080,25,11
180,3,11
948,25,11
32352,79,11
8880,53,11
48,1,11
91524,89,11
9108,67,11
1020,25,11
32352,79,11
8904,53,11
1560,29,11
384,1,11
1296,25,11
2268,29,11
17136,59,11
2592,37,11
6216,43,11
2196,61,11
4596,35,11
7020,7,11
3036,35,11
24480,53,11
1728,31,11
4944,17,11
1152,33,11
21084,39,11
5436,21,11
1956,33,11
42804,75,11
432,9,11
60504,63,11
13368,45,11
468,13,11
10308,63,11
64524,81,11
216,9,11
216,9,11
10308,63,11
4212,45,11
35232,27,11
4212,45,11
1368,15,11
9972,15,11
3504,27,11
864,19,11
2724,49,11
14292,35,11
4680,45,11
2376,33,11
8412,51,11
3420,11,11
36960,61,11
14124,41,11
14412,31,11
936,15,11
15204,47,11
2796,57,11
6552,33,11
1032,7,11
288,9,11
6108,69,11
14112,39,11
8076,45,11
10020,39,11
132,3,11
42996,65,11
12864,3,11
63228,69,11
2004,27,11
2928,21,11
67548,73,11
29088,57,11
3276,41,11
3048,7,11
16416,55,11
22368,35,11
3012,53,11
3924,77,11
288,1,11
6816,35,11
2904,21,11
3024,69,11
3528,47,11
12636,45,11
5592,27,11
14928,57,11
20064,59,11
24024,63,11
20628,27,11
13728,55,11
6300,43,11
8592,43,11
2652,53,11
33216,67,11
996,25,11
13920,25,11
29292,47,11
492,5,11
24456,63,11
26688,57,11
576,15,11
420,9,11
46572,51,11
1920,21,11
4356,33,11
456,9,11
47292,65,11
2340,9,11
39540,63,11
13512,37,11
8400,75,11
7320,33,11
28596,75,11
2556,23,11
2652,23,11
1728,57,11
52680,79,11
14364,51,11
3696,77,11
4080,65,11
7248,45,11
49692,71,11
30432,67,11
18168,63,11
54120,55,11
12264,45,11
3840,85,11
5448,59,11
33300,63,11
43836,75,11
11760,35,11
79020,63,11
92472,65,11
2940,49,11
16512,45,11
124212,97,11
31956,65,11
26520,63,11
11808,83,11
82032,95,11
2472,77,11
23448,55,11
27648,45,11
4056,93,11
14040,21,11
45252,87,11
180888,105,11
28176,213,12
243900,165,12
29604,253,12
29628,253,12
25872,201,12
1105020,197,12
104700,149,12
21060,189,12
55188,189,12
701712,177,12
171708,159,12
131580,71,12
367056,211,12
1217796,203,12
166740,179,12
102204,151,12
625728,175,12
7104,261,12
185988,179,12
1708080,217,12
1257540,211,12
1070796,205,12
1032240,143,12
61428,173,12
494568,223,12
674676,221,12
16308,217,12
1186104,219,12
319740,163,12
453024,235,12
33240,137,12
453024,235,12
58656,229,12
58656,229,12
379428,215,12
391536,185,12
51336,85,12
632124,113,12
105612,107,12
238044,151,12
1364208,231,12
113892,129,12
167928,131,12
190848,139,12
66960,173,12
17028,165,12
159972,171,12
1394808,203,12
873072,263,12
511152,163,12
174504,157,12
123768,139,12
960684,189,12
170220,147,12
607128,247,12
123336,125,12
83808,281,12
1226520,213,12
266532,191,12
1187580,243,12
86196,145,12
507444,151,12
115044,97,12
1163376,219,12
16644,169,12
332388,99,12
69888,185,12
365796,143,12
79080,139,12
226404,195,12
396360,223,12
323016,203,12
625680,243,12
41880,153,12
1620528,227,12
1373532,207,12
109680,153,12
454500,155,12
100596,221,12
25056,153,12
360900,147,12
783552,189,12
850896,207,12
1574916,259,12
808980,171,12
2676,237,12
870468,199,12
549588,105,12
107892,213,12
906024,231,12
23508,225,12
1620420,229,12
1620792,259,12
224052,127,12
614988,255,12
39036,305,12
259764,225,12
65100,329,12
128508,133,12
556068,167,12
172188,147,12
46356,117,12
359628,155,12
411444,151,12
437028,189,12
2711724,261,12
568320,183,12
1668276,205,12
413628,159,12
865584,271,12
728748,191,12
2367624,251,12
147588,147,12
885828,211,12
1046832,147,12
321744,207,12
13176,69,12
119592,131,12
22728,81,12
0,225,12
41292,165,12
422496,183,12
3037656,275,12
243000,195,12
0,225,12
61188,321,12
115440,149,12
706140,199,12
219060,191,12
0,169,12
354228,215,12
35364,257,12
30552,289,12
21984,197,12
35172,201,12
376416,267,12
100212,135,12
238440,183,12
0,185,12
100056,111,12
52260,213,12
335316,163,12
142200,137,12
337752,145,12
645900,123,12
153360,143,12
1362768,231,12
107688,109,12
285864,111,12
40380,149,12
257880,131,12
280200,205,12
189960,193,12
351036,145,12
394740,107,12
467568,233,12
904260,211,12
928692,225,12
641124,171,12
196368,117,12
804012,135,12
480108,193,12
129456,249,12
477516,157,12
263664,153,12
1270536,195,12
435660,279,12
103680,175,12
100872,117,12
817596,183,12
106968,153,12
60084,177,12
16488,69,12
24600,161,12
104664,143,12
129780,181,12
1048104,203,12
220788,175,12
209856,185,12
1314780,217,12
28860,181,12
77280,99,12
204360,139,12
145452,123,12
138996,211,12
298176,209,12
148968,109,12
633816,127,12
109716,229,12
1313436,223,12
60612,155,12
31812,169,12
859080,223,12
2232684,237,12
430596,231,12
129480,107,12
95448,117,12
1151652,209,12
1213956,223,12
301704,209,12
65376,77,12
133392,141,12
1009524,291,12
248676,195,12
1292724,299,12
532824,243,12
1559604,315,12
26052,169,12
369780,171,12
297864,167,12
62016,95,12
59616,79,12
207072,143,12
783684,135,12
72072,161,12
215724,187,12
69528,163,12
73848,111,12
241968,133,12
195156,183,12
95820,189,12
21708,89,12
195540,87,12
380844,215,12
80028,185,12
163764,83,12
557868,249,12
201492,219,12
328572,201,12
102348,179,12
0,193,12
94296,119,12
57852,173,12
5796,71,12
6900,125,12
94056,127,12
39828,91,12
94008,163,12
34260,229,12
139368,313,12
138696,187,12
3085980,307,12
7524,75,12
1084356,299,12
956676,287,12
427416,207,12
0,289,12
1138416,303,12
81516,167,12
157380,309,12
145140,273,12
429036,243,12
111588,183,12
71664,189,12
0,245,12
425448,225,12
100956,179,12
1614012,255,12
2465784,271,12
29676,147,12
18756,193,12
585516,247,12
179964,189,12
452340,227,12
869292,185,12
230016,211,12
323196,209,12
0,281,12
16296,277,12
55200,217,12
2397048,253,12
45672,105,12
226860,225,12
703728,257,12
1648308,229,12
134208,285,12
443424,225,12
64680,125,12
459564,175,12
0,225,12
1321068,227,12
3364896,193,12
48864,109,12
1452000,319,12
2321004,339,12
2140572,243,12
40848,127,12
60636,165,12
8040,83,12
41004,91,12
27504,97,12
73536,107,12
77148,121,12
453168,155,12
1110564,197,12
126288,115,12
711552,265,12
215232,161,12
1097472,203,12
23184,143,12
184152,285,12
32676,113,12
425256,227,12
248244,209,12
389160,247,12
325836,249,12
96480,183,12
415764,267,12
38736,145,12
1766628,235,12
750564,263,12
25080,217,12
307296,185,12
167472,145,12
670272,175,12
44556,237,12
500016,243,12
49044,99,12
884808,271,12
4714860,217,12
749184,195,12
388764,215,12
320616,247,12
38544,95,12
111540,285,12
0,261,12
25200,73,12
51756,147,12
47028,141,12
29460,79,12
167868,167,12
173196,137,12
119304,113,12
263208,111,12
9600,33,12
0,313,12
28200,155,12
13200,137,12
14040,153,12
221544,223,12
16068,189,12
40512,91,12
145932,135,12
694548,303,12
2304816,267,12
836940,323,12
91920,175,12
139080,237,12
798180,223,12
132612,195,12
82800,119,12
91824,231,12
34632,117,12
18840,123,12
30420,91,12
51708,195,12
0,225,12
28116,147,12
52896,191,12
28068,197,12
0,221,12
9216,193,12
113100,187,12
18924,77,12
47724,127,12
88752,225,12
44712,97,12
233040,155,12
12408,47,12
20364,173,12
23688,143,12
0,257,12
11088,217,12
236532,231,12
0,145,12
81444,177,12
44484,139,12
5028,157,12
50196,143,12
54600,147,12
34356,127,12
185052,129,12
0,145,12
87192,201,12
0,61,12
0,149,12
11640,121,12
9384,41,12
36612,67,12
0,241,12
2280,81,12
10872,87,12
0,37,12
7968,73,12
31128,67,12
25548,59,12
22212,59,12
4680,49,12
304152,123,12
25716,99,12
27000,83,12
22824,53,12
4512,35,12
6744,41,12
7284,141,12
53784,21,12
10500,53,12
28272,71,12
1116,17,12
56724,93,12
5424,49,12
5832,57,12
55476,75,12
45720,47,12
4188,93,12
27624,47,12
33216,67,12
11136,41,12
3648,81,12
63336,3,12
12360,55,12
3384,27,12
44880,115,12
2016,1,12
2016,1,12
25188,61,12
55116,83,12
68544,21,12
648,9,12
15060,81,12
2340,19,12
6936,31,12
3396,29,12
2844,31,12
7188,43,12
43788,39,12
30852,47,12
30492,65,12
2208,25,12
27168,89,12
201720,127,12
21144,63,12
1476,117,12
97332,63,12
6708,53,12
3216,5,12
31008,55,12
7560,37,12
71160,79,12
4092,13,12
182904,103,12
4488,7,12
147888,103,12
2832,23,12
0,61,12
113496,99,12
12876,49,12
56436,73,12
4272,31,12
83460,87,12
70608,99,12
70608,99,12
24984,29,12
3024,125,12
10824,27,12
9504,75,12
1140,5,12
372,11,12
6336,43,12
88668,77,12
33084,57,12
29568,91,12
12060,63,12
6804,81,12
672,19,12
162876,113,12
3696,73,12
37440,9,12
7752,45,12
17580,49,12
3072,25,12
3084,49,12
2688,21,12
107436,87,12
2064,3,12
69324,73,12
17496,101,12
11136,39,12
148932,111,12
25872,75,12
1068,25,12
103032,103,12
18264,77,12
23328,35,12
11220,19,12
35244,3,12
21780,81,12
20736,117,12
1752,15,12
16896,33,12
6804,15,12
62136,113,12
7116,31,12
72,1,12
2448,17,12
11280,11,12
5796,57,12
1044,21,12
6348,81,12
184896,93,12
14760,39,12
2340,33,12
1488,27,12
356484,129,12
16476,109,12
5760,35,12
148776,115,12
13992,47,12
2112,17,12
29196,129,12
60408,105,12
25272,63,12
0,25,12
5820,77,12
924,15,12
30024,83,12
11436,55,12
35472,43,12
7440,65,12
21180,71,12
6900,11,12
900,5,12
3216,77,12
412740,117,12
7920,45,12
7764,51,12
55476,75,12
6720,35,12
90900,89,12
122244,97,12
6468,101,12
145488,63,12
300,7,12
1284,13,12
40992,117,12
53940,37,12
179556,115,12
5940,97,12
18792,109,12
7344,81,12
214596,115,12
151452,119,12
76488,85,12
3540,27,12
125592,105,12
57816,81,12
1512,27,12
4752,35,12
12684,53,12
12036,133,12
30348,55,12
87936,71,12
24420,39,12
43608,63,12
9948,117,12
62160,107,12
6492,45,12
1416,27,12
3432,9,12
34800,3,12
9516,33,12
2388,27,12
11304,93,12
8064,9,12
13740,65,12
9600,27,12
87408,91,12
36876,55,12
7056,101,12
15384,117,12
7092,85,12
228360,113,12
5856,23,12
11736,49,12
21228,13,12
69528,91,12
53784,95,12
29784,75,12
118644,99,12
6144,55,12
2004,27,12
101088,99,12
3072,9,12
8844,59,12
8424,41,12
2112,65,12
105708,95,12
25476,117,12
14424,73,12
51516,99,12
258660,341,13
1190400,211,13
1234908,327,13
71364,349,13
2921052,261,13
53964,309,13
299808,421,13
501060,243,13
857052,283,13
1331124,269,13
534396,289,13
5175000,419,13
1265520,291,13
5175000,419,13
71388,349,13
867696,287,13
508728,237,13
80364,321,13
921264,281,13
1893912,259,13
861720,307,13
2427516,275,13
2312160,369,13
2656956,351,13
3747192,277,13
919704,275,13
210756,301,13
68688,137,13
401436,243,13
286284,173,13
1773936,255,13
547920,171,13
2540808,279,13
258924,225,13
176220,195,13
57768,389,13
1142112,305,13
607644,249,13
89808,81,13
69888,317,13
537588,267,13
493908,263,13
254652,291,13
2741856,269,13
3926796,311,13
5803884,315,13
2704800,401,13
2704800,401,13
1764888,367,13
75672,313,13
711276,307,13
39876,389,13
39876,389,13
130152,321,13
2506968,359,13
1838904,287,13
4079340,297,13
649224,281,13
1081368,227,13
127572,361,13
122424,365,13
247728,293,13
410052,245,13
841800,307,13
377928,359,13
41412,301,13
3438864,325,13
7783200,351,13
487968,243,13
198384,285,13
93120,337,13
66972,305,13
180420,197,13
436140,251,13
4650120,309,13
2324028,325,13
166512,329,13
546012,287,13
40080,321,13
275292,327,13
890292,183,13
213276,303,13
5520408,485,13
151464,325,13
1840872,399,13
4117248,307,13
323304,189,13
61896,137,13
76500,215,13
74436,133,13
641004,287,13
52404,277,13
56148,207,13
2648940,245,13
885480,241,13
153408,289,13
6707340,353,13
1680636,219,13
2285172,251,13
4248552,449,13
607500,239,13
1119720,279,13
1223952,217,13
2167488,253,13
1846464,225,13
441024,221,13
5857452,351,13
5857452,351,13
656712,157,13
213264,79,13
98496,177,13
503028,401,13
85896,373,13
367080,355,13
87432,163,13
8592,173,13
192036,127,13
684192,257,13
1472652,243,13
770472,303,13
223104,241,13
6740052,353,13
495900,191,13
55020,293,13
550764,361,13
648324,177,13
911832,307,13
4164804,411,13
5870652,367,13
2635488,271,13
1919832,301,13
265416,389,13
3745860,471,13
1279212,347,13
4091580,297,13
53040,297,13
87576,225,13
144156,191,13
309516,209,13
25128,197,13
2870388,275,13
4011768,403,13
1470984,283,13
2371596,279,13
1441884,193,13
2736504,391,13
820728,369,13
283596,369,13
864924,259,13
719316,391,13
7512324,333,13
3674844,265,13
5936712,467,13
125316,213,13
743352,401,13
768420,299,13
898524,311,13
117612,249,13
2893788,405,13
848220,131,13
564720,477,13
1670280,267,13
224400,165,13
1716972,221,13
352728,179,13
83544,333,13
104892,313,13
3332208,207,13
7745220,395,13
194652,223,13
1188288,331,13
71568,345,13
1409364,371,13
150384,465,13
4265484,491,13
51228,289,13
860640,297,13
607884,287,13
317604,319,13
145536,261,13
195336,211,13
87612,241,13
89844,171,13
418440,257,13
1087236,253,13
1262808,309,13
632928,441,13
172944,357,13
152748,361,13
1322244,311,13
40632,369,13
6620808,509,13
47736,265,13
98100,197,13
281640,245,13
2304072,343,13
501180,393,13
2021724,335,13
483216,233,13
669840,241,13
2558808,407,13
329232,235,13
128856,313,13
160608,275,13
2616288,415,13
1073388,335,13
1309368,331,13
2524416,423,13
340008,243,13
169260,289,13
3135768,275,13
229368,193,13
22992,205,13
60600,151,13
293424,259,13
47220,289,13
620676,283,13
605364,275,13
291816,351,13
55512,99,13
118728,113,13
191964,413,13
1151172,315,13
99756,405,13
51060,333,13
426912,229,13
25704,225,13
1557276,243,13
352680,171,13
183648,357,13
129360,195,13
1278732,287,13
201372,259,13
478644,221,13
1288188,265,13
5943720,343,13
995064,279,13
668460,305,13
9426072,369,13
170040,337,13
5675148,467,13
338436,401,13
2218056,353,13
102792,189,13
723996,345,13
2594004,369,13
2318556,303,13
2916468,371,13
114876,377,13
152100,529,13
395208,217,13
216384,257,13
396912,321,13
3143172,267,13
73716,289,13
66720,353,13
333216,255,13
126564,393,13
231516,327,13
183324,349,13
550296,263,13
96528,239,13
177828,147,13
351180,327,13
582228,447,13
269568,319,13
76584,329,13
1748088,383,13
2390280,415,13
230988,485,13
218496,189,13
2659140,395,13
2062068,263,13
1261728,305,13
1426644,243,13
52188,95,13
1959648,243,13
3585924,265,13
203256,219,13
7490856,349,13
6640620,341,13
231564,215,13
1654524,371,13
3327528,311,13
1294236,243,13
263040,261,13
418536,159,13
2753712,181,13
145224,285,13
251760,189,13
1385376,215,13
1714284,239,13
658416,243,13
26988,61,13
181704,127,13
1462536,213,13
118884,179,13
396456,137,13
501120,351,13
5127168,439,13
14279184,443,13
179712,177,13
89844,105,13
340560,91,13
275268,405,13
142764,93,13
1818048,347,13
2920980,475,13
183336,245,13
176112,315,13
177612,131,13
1498608,209,13
274740,247,13
424692,305,13
2782908,383,13
8643312,383,13
5685720,485,13
422292,269,13
13344,125,13
83544,333,13
109236,197,13
215424,393,13
1613112,367,13
235104,369,13
595512,183,13
1614924,153,13
569808,109,13
2396544,255,13
15512040,455,13
1410828,231,13
758388,179,13
181056,111,13
342264,249,13
2625852,387,13
14880,193,13
315120,235,13
431328,317,13
20136,265,13
88608,135,13
63924,203,13
14412,185,13
192924,241,13
150912,287,13
518868,287,13
1073820,377,13
338604,271,13
1159152,297,13
26784,301,13
442176,365,13
66948,257,13
359292,251,13
463068,381,13
43488,273,13
159084,279,13
861984,455,13
599544,195,13
776592,447,13
44676,167,13
14952,169,13
385368,175,13
1308264,307,13
128244,101,13
125604,441,13
578832,423,13
18876,213,13
728808,443,13
3105984,439,13
124596,265,13
5880276,329,13
237996,293,13
1286148,339,13
527148,283,13
866016,331,13
167820,275,13
1786500,365,13
492276,275,13
76716,385,13
2968548,559,13
811476,211,13
1367688,339,13
1656936,351,13
550812,213,13
131664,133,13
728976,231,13
1254444,495,13
251940,309,13
157032,185,13
1072068,323,13
110508,417,13
664320,423,13
60456,349,13
820068,427,13
173628,393,13
1794120,343,13
3557904,399,13
934596,195,13
2244480,251,13
469068,309,13
30768,217,13
2366472,353,13
991620,401,13
47052,225,13
567792,461,13
504072,359,13
98280,253,13
2555448,591,13
3271548,419,13
225972,307,13
4295136,487,13
299748,315,13
1855440,419,13
274812,237,13
357000,227,13
1255836,223,13
481632,429,13
293736,177,13
4900944,499,13
132864,425,13
1735452,371,13
221388,215,13
4852296,519,13
185196,441,13
1221324,317,13
123276,209,13
1998024,381,13
865752,465,13
211188,497,13
413244,171,13
261000,235,13
194808,261,13
99660,173,13
206364,223,13
3915912,463,13
89808,143,13
154368,521,13
199944,521,13
1527876,331,13
1478664,221,13
113460,441,13
1092192,321,13
2453844,419,13
198576,381,13
1918776,375,13
164472,233,13
411108,263,13
255348,421,13
403260,399,13
382056,401,13
358332,239,13
459684,329,13
862980,301,13
1771368,239,13
6378372,337,13
109824,429,13
141024,153,13
700080,419,13
289836,261,13
1437840,341,13
1145688,409,13
7065852,383,13
760044,319,13
785124,517,13
878088,243,13
315264,351,13
744720,423,13
246672,319,13
95184,135,13
5607192,347,13
15147780,463,13
653364,423,13
338388,441,13
239928,425,13
13271352,297,13
744336,335,13
125316,111,13
3653568,447,13
186660,195,13
1969008,255,13
46680,217,13
1278048,255,13
1583976,363,13
446832,187,13
134352,317,13
1880676,161,13
2206296,353,13
491016,429,13
863712,209,13
68424,115,13
363156,281,13
3833832,359,13
477048,391,13
68580,349,13
337068,343,13
67752,219,13
64224,325,13
7554744,371,13
1472832,319,13
1462524,241,13
567372,399,13
452232,229,13
7077984,245,13
767460,399,13
563916,363,13
450336,387,13
223284,357,13
150672,377,13
1861848,429,13
3674808,293,13
3832092,327,13
1251744,329,13
655032,383,13
502248,211,13
89388,115,13
1073064,193,13
146784,465,13
36036,67,13
164580,119,13
74076,89,13
121764,441,13
136704,481,13
6488952,461,13
1344000,305,13
347088,231,13
1149804,451,13
256020,277,13
862752,255,13
789684,277,13
1333560,235,13
925308,183,13
946572,275,13
2143068,241,13
207444,145,13
105840,47,13
29484,59,13
6696,31,13
110976,109,13
115116,101,13
193500,107,13
389388,129,13
9360,19,13
11364,45,13
334632,125,13
192,1,13
23340,121,13
281088,177,13
172788,99,13
78564,261,13
387900,139,13
691872,183,13
815796,175,13
121584,125,13
169920,71,13
66468,61,13
120792,29,13
14424,87,13
556764,143,13
49608,101,13
41028,85,13
5640,61,13
39036,79,13
25272,39,13
33552,75,13
181356,147,13
4620,33,13
16692,51,13
17052,53,13
265800,135,13
281796,69,13
12864,3,13
171636,171,13
1284552,201,13
924,11,13
548508,191,13
199080,155,13
82656,163,13
111648,155,13
59640,139,13
34968,67,13
29940,107,13
44628,31,13
178464,165,13
33612,87,13
42696,141,13
449916,195,13
4644,69,13
48372,101,13
68304,73,13
64176,125,13
28212,123,13
237936,131,13
90240,23,13
5448,39,13
3612,31,13
66840,103,13
67680,3,13
63492,135,13
17112,27,13
47784,101,13
315168,139,13
61128,123,13
1080,9,13
25284,93,13
53580,117,13
142716,147,13
3420,33,13
382944,51,13
38568,77,13
292308,159,13
281604,131,13
42864,125,13
59940,143,13
12876,49,13
524748,159,13
1488,27,13
912,15,13
5712,61,13
122664,93,13
15300,97,13
19968,67,13
258312,101,13
17616,67,13
52572,15,13
11568,81,13
885708,135,13
125280,25,13
2160,25,13
6108,13,13
667848,183,13
488940,159,13
1464,19,13
3960,27,13
11652,7,13
12888,25,13
246300,191,13
418980,151,13
650712,143,13
584568,93,13
358224,155,13
637428,171,13
611592,177,13
25812,107,13
15228,85,13
18204,83,13
178116,139,13
2568,37,13
21276,23,13
226644,111,13
117360,153,13
687324,171,13
15576,27,13
3920028,459,14
4990824,473,14
293472,645,14
3125364,627,14
1281720,503,14
501840,367,14
100440,405,14
2052324,477,14
3736176,431,14
520560,609,14
160596,329,14
1644492,523,14
2390016,391,14
1417740,507,14
406044,291,14
1625676,341,14
2221440,571,14
813324,473,14
3717348,433,14
7756032,395,14
8069220,333,14
1305828,613,14
7191060,583,14
895488,359,14
4589472,379,14
7044048,551,14
6495648,369,14
53064708,657,14
70812,365,14
7567380,329,14
2843148,415,14
495300,343,14
1165932,417,14
531684,385,14
176712,741,14
5124876,675,14
352632,353,14
2200452,571,14
1130688,405,14
3299772,439,14
705372,295,14
4405908,327,14
1035588,483,14
1076748,613,14
4414320,315,14
491280,589,14
11501076,847,14
4079832,463,14
10132260,835,14
10061376,651,14
1727976,435,14
5514924,417,14
224256,361,14
759420,307,14
16883328,735,14
4549188,711,14
19699752,645,14
216288,657,14
0,449,14
413028,713,14
1012500,463,14
59472,709,14
2915976,611,14
4762452,535,14
5317140,505,14
1960320,419,14
8226168,541,14
6366756,423,14
370200,657,14
684204,545,14
10769988,749,14
3848772,603,14
12981600,523,14
3356976,463,14
7291488,465,14
2428740,561,14
3559536,567,14
620568,629,14
18501756,611,14
1620168,469,14
16079280,703,14
1917696,391,14
281736,297,14
3884520,573,14
330288,477,14
1119432,479,14
6908064,547,14
776148,665,14
7083816,815,14
884844,391,14
269880,441,14
427428,609,14
8381532,403,14
762552,431,14
1759548,385,14
7057452,603,14
15945360,451,14
5098440,539,14
600096,537,14
6522528,497,14
17335872,475,14
10835052,583,14
2096616,431,14
3177996,495,14
87684,769,14
2407632,385,14
300852,363,14
6639756,491,14
3877572,423,14
333636,549,14
283752,159,14
2892408,607,14
1369032,479,14
333036,465,14
1757880,449,14
13481880,647,14
315636,505,14
1285884,301,14
4947312,495,14
10768020,405,14
5451432,719,14
8974416,639,14
12442944,711,14
1271484,417,14
14336592,699,14
17990604,711,14
9143136,443,14
2847024,373,14
17743524,667,14
147684,175,14
2844768,675,14
296016,285,14
302196,199,14
278304,273,14
1020528,471,14
470832,423,14
2505372,525,14
127920,521,14
15030456,443,14
1346076,243,14
569472,597,14
875292,403,14
18125712,531,14
6022248,519,14
3513084,491,14
324120,549,14
711360,431,14
660420,437,14
2432028,607,14
46920,613,14
387132,389,14
2340636,357,14
22511844,523,14
614376,391,14
892656,617,14
60886968,703,14
12909108,603,14
12009348,615,14
2161428,499,14
812784,211,14
2885760,639,14
568332,825,14
5601672,549,14
555096,529,14
518928,653,14
401292,725,14
1528368,457,14
1379232,487,14
13134936,695,14
2358540,559,14
900636,381,14
14218200,629,14
13188012,621,14
908832,303,14
45796944,635,14
502476,449,14
12084972,505,14
2230848,203,14
1806300,581,14
432564,261,14
1318476,451,14
440052,199,14
359400,553,14
781620,449,14
2379636,507,14
755496,247,14
12814716,669,14
8055036,371,14
5520036,507,14
2039556,365,14
1758912,535,14
4494432,735,14
211392,713,14
6800112,507,14
3879864,587,14
3767232,401,14
4733556,531,14
10126248,551,14
439188,649,14
439416,481,14
1709088,527,14
9890340,855,14
2749752,611,14
7563432,579,14
491976,589,14
8507868,511,14
571584,273,14
4078392,495,14
32275692,607,14
15885948,657,14
14280660,641,14
4585344,707,14
3720096,683,14
9096684,595,14
480300,333,14
900720,509,14
333408,601,14
1140552,451,14
1668528,477,14
27688704,743,14
16858272,747,14
201744,223,14
101352,223,14
322644,269,14
2633040,335,14
303900,259,14
352548,229,14
220896,113,14
860232,417,14
453120,211,14
1434360,527,14
1319280,371,14
622224,357,14
15111060,465,14
6755736,597,14
1746804,383,14
1091088,305,14
1435956,465,14
453816,357,14
4773612,567,14
48828,115,14
10200384,827,14
10953816,839,14
443748,445,14
729636,741,14
1384788,429,14
4524684,765,14
3410532,685,14
998112,749,14
1348776,447,14
11439444,281,14
482376,505,14
5137248,889,14
2414676,629,14
18726360,599,14
472476,431,14
3669192,509,14
18346572,931,14
3451572,585,14
562608,413,14
581172,317,14
6458796,539,14
10053444,599,14
3182220,273,14
9733632,595,14
887808,525,14
5173704,743,14
235068,497,14
3470304,487,14
6349968,583,14
25604940,647,14
1503000,457,14
15753288,459,14
879276,357,14
4285704,453,14
964752,389,14
1072968,733,14
3590292,597,14
747612,499,14
5115684,445,14
8875788,555,14
738792,197,14
963888,159,14
2212560,913,14
527580,785,14
332316,383,14
227568,347,14
19941516,759,14
1292652,517,14
3890352,575,14
3006432,569,14
7601280,547,14
163368,489,14
601716,613,14
4463316,533,14
6605148,455,14
894852,579,14
218160,359,14
134640,305,14
1537320,589,14
2657520,383,14
2376624,447,14
1206444,287,14
3004140,433,14
2172072,551,14
451152,265,14
4268748,567,14
4162464,461,14
2450160,707,14
2259312,579,14
2198124,353,14
933504,429,14
787692,559,14
956244,375,14
0,529,14
4627584,559,14
3442308,473,14
764304,597,14
3003396,447,14
839136,365,14
247980,489,14
617508,315,14
479268,405,14
121812,259,14
257856,371,14
10184268,435,14
573768,477,14
4002540,713,14
358824,477,14
879960,441,14
771336,469,14
657156,497,14
0,389,14
36756,189,14
17412,53,14
900504,491,14
140520,209,14
0,421,14
23940,123,14
49092,125,14
148164,145,14
639984,241,14
80508,187,14
212412,125,14
22368,81,14
365148,203,14
1006152,283,14
292692,207,14
291384,281,14
138180,255,14
220680,183,14
509028,205,14
679500,251,14
1098756,259,14
629280,243,14
119844,177,14
990660,237,14
24348,169,14
973812,275,14
510768,209,14
2534532,317,14
883380,249,14
312,9,14
234744,87,14
1028532,291,14
128040,213,14
744336,341,14
72336,95,14
65040,121,14
301716,191,14
86424,131,14
69696,109,14
320292,203,14
415008,161,14
161124,127,14
62628,129,14
1387596,265,14
28020,43,14
117180,169,14
1055544,291,14
804,1,14
1354776,147,14
202260,123,14
10512,5,14
381672,183,14
111012,153,14
649776,219,14
53280,79,14
7284,57,14
63264,281,14
24300,75,14
275064,197,14
83820,7,14
302004,191,14
1272,17,14
69792,127,14
48432,125,14
332652,175,14
16896,75,14
2268,7,14
5844,41,14
603084,217,14
564252,175,14
40044,245,14
323940,211,14
113976,163,14
87120,213,14
47988,89,14
138000,163,14
246864,155,14
173604,229,14
397992,235,14
60972,153,14
628284,161,14
246864,155,14
2700,23,14
108564,261,14
35100,233,14
461292,205,14
93624,159,14
14592,213,14
66756,123,14
40020,81,14
8664,173,14
84564,173,14
26508,317,14
144072,25,14
128736,141,14
104028,95,14
624624,237,14
31440,81,14
2277468,243,14
18216,181,14
2352816,287,14
664752,275,14
51516,121,14
327696,217,14
2347116,201,14
19272,79,14
23844,61,14
417192,215,14
3518964,257,14
44172,67,14
184116,137,14
40584,273,14
57168,109,14
361476,327,14
11364,189,14
88692,115,14
41040,53,14
220920,143,14
1634016,243,14
521928,233,14
19128,57,14
2626212,415,14
1077264,275,14
6135996,297,14
387900,207,14
1902540,87,14
731088,257,14
66636,165,14
256896,267,14
17988,165,14
22080,75,14
359832,181,14
54528,23,14
66048,27,14
19488,65,14
26736,85,14
64956,153,14
337920,181,14
268128,229,14
30072,85,14
24408,115,14
65208,115,14
3096,7,14
481068,219,14
110592,231,14
1764,9,14
124356,123,14
211212,207,14
4140,49,14
24516,149,14
334668,153,14
885696,9,14
5640,19,14
1626708,303,14
315720,71,14
21516,101,14
31956,47,14
2004048,279,14
155520,165,14
425400,23,14
61896,121,14
533820,239,14
794400,229,14
59328,125,14
77892,261,14
111000,109,14
430152,83,14
155940,159,14
315936,151,14
48408,115,14
592320,247,14
31080,169,14
198516,197,14
2699256,307,14
52332,93,14
88104,63,14
981180,173,14
2611644,325,14
48276,67,14
1518984,311,14
1003932,227,14
58068,221,14
154368,289,14
47580,117,14
12012,67,14
229644,155,14
189564,189,14
43080,117,14
125292,285,14
57180,69,14
323700,77,14
138900,161,14
583368,203,14
188424,271,14
615060,235,14
8736,35,14
34836,29,14
10416,53,14
6156,33,14
21828,87,14
193788,141,14
834228,295,14
311412,215,14
47580,313,14
371844,175,14
120540,161,14
107940,115,14
624204,363,14
1896,13,14
490896,233,14
16056,101,14
324228,9,14
118380,165,14
52440,107,14
12744,23,14
70044,161,14
28788,19,14
742692,255,14
647856,205,14
607044,143,14
1298868,285,14
212016,143,14
486672,171,14
81108,111,14
625344,207,14
1121976,261,14
534792,235,14
674148,143,14
171180,179,14
68496,101,14
50016,245,14
31596,123,14
874272,249,14
0,89,14
614784,275,14
705000,297,14
705000,297,14
75576,71,14
1748088,221,14
353580,239,14
230976,131,14
95292,131,14
15504,95,14
14076,23,14
406980,217,14
16140,53,14
203040,63,14
967848,189,14
1188,9,14
2388,13,14
14592,13,14
129576,265,14
1230600,143,14
63168,213,14
403584,213,14
73980,131,14
8220,49,14
19068,17,14
240588,203,14
320640,179,14
36588,397,14
751104,233,14
54324,193,14
9780,149,14
1206684,347,14
1490052,323,14
28188,87,14
1028652,299,14
87792,141,14
890556,193,14
35208,63,14
37248,99,14
160440,337,14
417456,165,14
15132,23,14
51792,293,14
37272,99,14
42336,93,14
278760,173,14
64380,165,14
285564,261,14
119172,197,14
517608,209,14
204624,253,14
21564,67,14
48180,169,14
26904,19,14
670224,257,14
345288,177,14
13452,53,14
436140,161,14
112224,123,14
67920,107,14
862824,229,14
165948,131,14
89880,29,14
1071336,195,14
14880,61,14
641892,283,14
9864,13,14
30948,173,14
83472,103,14
130740,109,14
17316,49,14
255864,195,14
4092,25,14
614040,265,14
234420,137,14
289308,195,14
1287360,343,14
82716,97,14
2592,49,14
136536,195,14
395460,209,14
1655052,355,14
315060,147,14
259992,307,14
164004,131,14
33264,167,14
26088,181,14
24696,81,14
50616,73,14
4044,15,14
353928,233,14
950052,247,14
21132,81,14
537564,243,14
861888,225,14
134028,11,14
22284,79,14
498948,239,14
121704,251,14
419088,129,14
86868,221,14
870948,275,14
362616,135,14
14304,61,14
6192,189,14
115596,119,14
1015536,117,14
32388,185,14
117948,51,14
96180,81,14
113400,173,14
60720,25,14
13824,41,14
46800,93,14
323700,115,14
25548,201,14
81228,77,14
127104,201,14
224172,261,14
18564,47,14
1509744,243,14
223536,163,14
242400,157,14
89484,123,14
19764,55,14
26784,17,14
117804,127,14
9720,65,14
251664,143,14
858924,287,14
78108,139,14
26868,81,14
50172,79,14
5078580,349,14
848616,853,15
1029564,1069,15
7326636,635,15
2965656,457,15
1092876,793,15
2163312,541,15
11425152,859,15
64841940,693,15
1820244,509,15
6206724,539,15
60663324,665,15
12844872,779,15
5191644,667,15
15414612,675,15
4762560,591,15
35391588,895,15
37667040,945,15
37667040,945,15
597984,989,15
623040,359,15
32832396,943,15
6285120,891,15
1406952,793,15
18781428,807,15
18376476,1159,15
73114596,1057,15
3913812,467,15
24456828,1027,15
50346360,1001,15
76713120,1009,15
44408568,1131,15
30440880,713,15
3568788,567,15
24327480,899,15
11458308,1015,15
764700,1089,15
1057020,475,15
1076376,539,15
2417448,601,15
2795568,853,15
130039428,1125,15
1452708,609,15
12768204,399,15
16011888,975,15
1172748,973,15
5533836,321,15
4663008,695,15
1162188,267,15
499944,985,15
7564572,907,15
3591588,727,15
720696,339,15
7872972,809,15
1306836,651,15
7576104,553,15
10905720,1011,15
3969840,497,15
5479656,599,15
24351276,737,15
126281532,1169,15
11234472,999,15
71020104,1073,15
1455144,901,15
3675360,713,15
986916,813,15
11276484,931,15
27429408,787,15
46874544,987,15
3163992,789,15
2580660,1225,15
3979932,667,15
27515292,895,15
15994836,673,15
33897936,1187,15
1941288,1221,15
1840776,707,15
53146644,979,15
1936260,543,15
15244368,859,15
9553980,839,15
17720916,555,15
3251232,717,15
5263824,649,15
23394900,469,15
2347932,977,15
10024032,631,15
7348908,803,15
20247588,711,15
640764,797,15
17120604,799,15
922080,1041,15
25216116,779,15
16803444,717,15
5465844,621,15
530304,171,15
1169412,1173,15
21090648,909,15
29823708,907,15
584088,1301,15
27123408,855,15
909540,753,15
1195116,869,15
11308332,867,15
1234716,1005,15
62140140,1031,15
1066008,331,15
2412168,909,15
1064376,367,15
1064376,367,15
15203280,675,15
3972660,1105,15
2734008,695,15
1544640,451,15
11029344,739,15
48161040,1057,15
1090116,1125,15
2298312,869,15
24246648,943,15
21728904,851,15
1616844,403,15
21778428,747,15
37838064,1213,15
1456812,741,15
31255464,945,15
26111064,563,15
12743364,883,15
44704824,861,15
15260640,681,15
4303128,659,15
4330332,559,15
4641468,871,15
8319384,711,15
17427900,947,15
5053320,859,15
13103844,1063,15
3498528,733,15
8736012,867,15
40242480,1235,15
23326440,981,15
3824184,547,15
15293508,593,15
1157940,577,15
53600520,1311,15
741036,325,15
343788,637,15
1527192,763,15
569592,389,15
28926204,895,15
8152452,349,15
24379236,887,15
35621736,603,15
6889428,917,15
69324696,1029,15
3076908,605,15
7173456,833,15
279324,1009,15
45847788,1083,15
2080104,463,15
61765356,959,15
3560340,809,15
8920764,607,15
34703040,823,15
34581636,745,15
60188904,1061,15
7041696,559,15
1387632,633,15
3672456,627,15
18710256,1109,15
3472128,603,15
13464240,443,15
517524,341,15
4939944,727,15
206952,351,15
15373788,663,15
16974204,673,15
1099548,765,15
8668344,675,15
5652120,875,15
4716996,847,15
339636,841,15
1186620,543,15
17730672,971,15
977628,517,15
19631940,999,15
36022104,885,15
24188016,907,15
7600728,755,15
1753284,539,15
3087504,819,15
4069032,725,15
26089884,1167,15
960756,937,15
295188,433,15
7035816,801,15
54025152,981,15
2205192,909,15
16611072,779,15
19225068,719,15
7918620,991,15
46011552,979,15
15351444,775,15
6154260,751,15
115894956,845,15
1989864,769,15
80789424,1107,15
56190072,1219,15
1029228,961,15
32697384,1427,15
46297236,1027,15
4204440,641,15
11412036,679,15
3559032,835,15
17026896,721,15
155772,253,15
24097200,497,15
1433004,1041,15
71296032,973,15
11989704,897,15
5025396,615,15
4871904,493,15
38841108,603,15
2013120,647,15
32918520,1029,15
935412,781,15
2607756,775,15
21080016,955,15
139737444,1287,15
4324464,559,15
13493268,911,15
20697324,979,15
67332228,877,15
19629612,1071,15
12595500,903,15
4777932,715,15
39967104,605,15
79083000,1097,15
2510904,1265,15
49615644,1067,15
7970400,505,15
31951116,585,15
1866564,431,15
10143180,579,15
17679000,967,15
30202944,1119,15
5302716,579,15
36047832,885,15
17162856,527,15
8900496,417,15
6036096,577,15
5181948,857,15
7156908,907,15
72269256,1091,15
26233656,821,15
1839084,609,15
62301612,1065,15
10732032,787,15
380076,729,15
3038316,527,15
1711992,371,15
8176632,385,15
6838284,667,15
3203892,187,15
7169640,915,15
11675772,803,15
44596452,875,15
17759880,763,15
38444028,825,15
31140900,539,15
1088448,933,15
7984836,667,15
18331752,487,15
475044,575,15
58603368,1139,15
2268156,785,15
6752676,667,15
6595020,475,15
8798640,577,15
85368552,1519,15
3869676,761,15
2952060,885,15
5513256,921,15
1638720,685,15
41829696,955,15
7110336,799,15
3494352,1003,15
3138648,1141,15
10659708,1249,15
64757724,1471,15
66122076,1339,15
1746480,869,15
48406692,999,15
5840328,763,15
57561816,921,15
17502060,1191,15
558552,997,15
1128072,1021,15
48281064,951,15
39071712,1251,15
626292,1161,15
13523148,829,15
35221164,943,15
15024432,849,15
2999916,1441,15
189576,419,15
1456872,451,15
6559572,915,15
313896,259,15
913044,539,15
10551372,681,15
9112560,785,15
10559856,1031,15
36618888,943,15
5236032,465,15
13392840,707,15
10280916,1047,15
4836744,853,15
1689912,841,15
6745080,1001,15
10736772,1051,15
216267804,1025,15
27775548,1175,15
21474360,829,15
22107444,661,15
168972,697,15
54647652,637,15
2794596,593,15
351492,503,15
878364,583,15
6055632,885,15
3725112,747,15
13815204,1083,15
2726316,759,15
5003664,729,15
8575008,1071,15
50492580,1027,15
63286356,1127,15
109137576,1199,15
9946140,975,15
1964820,811,15
22504356,1101,15
796848,657,15
581616,639,15
430932,1089,15
582552,705,15
12459120,1131,15
107843772,817,15
6976236,1219,15
744780,1097,15
4646520,751,15
1996944,639,15
5234628,859,15
1634028,567,15
711984,869,15
402612,737,15
716616,515,15
332904,471,15
343584,475,15
12220200,1071,15
49628580,953,15
10075308,1001,15
1045524,715,15
293640,729,15
5424780,837,15
140784,537,15
15686772,1083,15
369408,525,15
540696,625,15
1344636,693,15
8525184,983,15
2142588,595,15
3654804,899,15
468564,623,15
348168,337,15
9581268,987,15
2900616,583,15
14937168,993,15
1349400,1153,15
3223824,1175,15
3585840,775,15
19941036,1195,15
1614000,1209,15
2395884,553,15
1345656,575,15
3131892,723,15
8121420,663,15
1620180,563,15
3839940,693,15
5369988,1207,15
466176,601,15
19413588,1699,15
24760680,1059,15
19582524,927,15
7755984,987,15
15026880,861,15
1121088,1437,15
6746856,597,15
19544352,859,15
22680408,723,15
1214208,1217,15
921492,515,15
4268232,815,15
1626024,1153,15
10225212,1087,15
8137188,1391,15
599244,665,15
2535600,903,15
966624,1037,15
35792556,905,15
29969328,903,15
87669168,1133,15
1151952,1005,15
1797696,785,15
21000408,1311,15
32506956,1459,15
2066892,535,15
6676944,903,15
3858216,551,15
6890796,1241,15
25782384,869,15
504156,589,15
12418800,1753,15
1779564,689,15
4844688,863,15
4391916,633,15
55096584,661,15
5734980,1161,15
20081076,1123,15
441912,885,15
108773748,1259,15
7219992,1101,15
943056,581,15
2703312,691,15
21134628,543,15
4429164,433,15
33104580,893,15
73784460,989,15
2785056,657,15
3629328,1385,15
4276392,1109,15
730392,1045,15
377352,373,15
4961904,515,15
1932060,461,15
3947016,933,15
15856284,715,15
7005624,833,15
4205964,789,15
980556,933,15
23775636,1255,15
6110904,1145,15
1946028,599,15
20246436,799,15
243192,665,15
206504940,1001,15
2468856,441,15
557520,577,15
9250812,851,15
2862336,545,15
32491200,865,15
3913812,1151,15
97650852,1259,15
1801068,1149,15
8257824,803,15
338580,829,15
776268,545,15
2981112,551,15
16546656,1199,15
15851844,1133,15
23201016,1063,15
1186740,913,15
1378752,817,15
1281144,321,15
87605796,1105,15
58296624,1035,15
1105680,1625,15
820500,569,15
1411308,615,15
7905348,891,15
4942836,695,15
445416,1197,15
980388,483,15
445164,595,15
5175228,799,15
3980592,801,15
2853468,437,15
682764,493,15
2447244,655,15
57953904,653,15
1066260,837,15
3847812,417,15
73797432,1135,15
1680,15,15
337380,313,15
4356528,427,15
564492,429,15
932808,389,15
1467084,405,15
203460,309,15
210672,221,15
961368,275,15
1010664,45,15
1852188,305,15
4369560,463,15
146004,377,15
847740,247,15
121332,301,15
12180,39,15
78228,297,15
386412,219,15
53772,153,15
447648,213,15
179616,87,15
38400,83,15
750144,265,15
171720,345,15
442644,301,15
173856,91,15
88884,357,15
104952,213,15
175080,177,15
178596,441,15
7728,35,15
1827180,223,15
266232,269,15
392724,375,15
686736,283,15
627084,221,15
98112,33,15
644964,541,15
706344,229,15
240936,219,15
46908,253,15
248556,271,15
1264332,375,15
587700,35,15
350352,233,15
279600,187,15
111804,159,15
18048,55,15
246024,159,15
165660,529,15
249192,229,15
43584,115,15
29148,91,15
288,7,15
1569816,287,15
99540,313,15
633888,259,15
979056,247,15
846168,267,15
159348,159,15
3977796,375,15
1067844,167,15
15780,39,15
5832,5,15
851016,309,15
1741560,329,15
851016,309,15
10114572,377,15
288600,505,15
185772,289,15
360552,393,15
55752,123,15
2280,1,15
534324,153,15
4328088,457,15
151488,139,15
8880,25,15
2670396,279,15
120192,229,15
190920,109,15
309948,191,15
209040,277,15
47892,121,15
1583040,315,15
238656,143,15
13746540,589,15
7642776,421,15
667044,387,15
121344,95,15
499656,359,15
44052,91,15
76920,229,15
1368420,463,15
210432,223,15
1548732,367,15
808152,533,15
6163536,537,15
175392,197,15
7524,45,15
275364,167,15
1432188,513,15
182220,311,15
8616444,619,15
7620804,563,15
6954996,595,15
1184880,433,15
856332,313,15
1114296,215,15
2443752,313,15
718668,75,15
5484,17,15
5508,25,15
87876,161,15
52752,135,15
925584,491,15
74052,101,15
461472,299,15
1392936,375,15
2794728,409,15
116904,143,15
780828,255,15
1506372,133,15
66564,125,15
3821148,203,15
829884,311,15
259692,469,15
1297956,335,15
262296,235,15
259692,469,15
1055028,459,15
110016,239,15
1253064,459,15
208764,123,15
222192,213,15
23304,65,15
54300,35,15
425124,31,15
2106648,307,15
58272,165,15
1806300,471,15
10560,27,15
897840,263,15
2955108,375,15
1581228,309,15
78516,103,15
345888,373,15
508608,409,15
3994476,363,15
197688,221,15
427176,83,15
600300,235,15
39048,51,15
10056,55,15
76608,87,15
2068536,415,15
156408,215,15
18012,7,15
93240,41,15
2160552,257,15
478380,245,15
1643724,547,15
10863888,537,15
1760628,73,15
3347208,483,15
1655244,363,15
223356,179,15
1921752,341,15
242724,369,15
393888,185,15
890664,305,15
732384,365,15
720,9,15
10596,39,15
115584,147,15
75576,73,15
919272,17,15
33816,169,15
1008,1,15
13104,49,15
75540,145,15
508860,207,15
554400,179,15
1454688,459,15
3504,27,15
678576,307,15
17760,27,15
2580480,15,15
197256,159,15
227964,197,15
2424,7,15
12033924,567,15
62076,337,15
25752,25,15
8292144,533,15
392196,201,15
51588,97,15
8919156,407,15
650184,247,15
84276,243,15
941784,195,15
453324,119,15
7571208,475,15
5395788,343,15
227664,441,15
51492,213,15
1052664,339,15
146640,63,15
3909804,341,15
328008,219,15
45636,31,15
1911252,319,15
223908,59,15
4028076,287,15
28452,67,15
131796,289,15
225792,175,15
4200,65,15
1980,11,15
514032,425,15
45432,63,15
3449208,261,15
906096,331,15
16308,133,15
546468,489,15
541320,245,15
5268,47,15
58392,215,15
2064924,435,15
488472,291,15
196884,189,15
3125532,223,15
119052,245,15
2271384,111,15
770988,243,15
1305624,425,15
73452,91,15
814632,293,15
842508,289,15
363780,253,15
279084,329,15
1018476,359,15
369372,215,15
4806864,439,15
297144,205,15
1173180,299,15
370536,357,15
69696,243,15
1595928,363,15
286488,169,15
13531956,349,15
98268,213,15
391680,119,15
3532152,425,15
1362480,263,15
24300,173,15
436848,339,15
28548,65,15
4485720,461,15
1748148,47,15
57398448,977,16
6740760,1237,16
7876896,923,16
5234796,791,16
76074288,1093,16
20743008,1183,16
8467836,929,16
60501588,1171,16
93197340,1235,16
111509400,1583,16
6724608,679,16
19851504,1163,16
9908808,1415,16
22430832,871,16
29918256,1233,16
335292,541,16
65285652,1127,16
30825612,1183,16
41959020,1363,16
18900576,1543,16
184751016,1809,16
71022840,1075,16
4158048,385,16
79554432,1025,16
4788684,1051,16
38616732,1303,16
39284112,1287,16
199528524,1359,16
12216396,1209,16
42652716,1627,16
215181408,1521,16
61397580,1759,16
69226224,1043,16
19024032,1081,16
36535416,1475,16
940476,679,16
2470464,1117,16
166877304,1317,16
119600796,1935,16
14953572,1757,16
2139744,1213,16
1193964,1217,16
2429172,873,16
14671320,969,16
3748080,2041,16
134663676,1667,16
4861692,1215,16
687828,1057,16
4036140,1793,16
1484436,1521,16
113215860,1771,16
64137060,1651,16
4444860,655,16
76217700,1251,16
22780680,1107,16
62693676,991,16
65658636,1241,16
83187744,1317,16
2990664,1557,16
9872052,963,16
1727604,859,16
16031292,751,16
112982220,1269,16
50836824,1631,16
71898720,1779,16
21607920,1139,16
7957320,1407,16
10262244,747,16
13434072,1429,16
1361268,1357,16
7295508,1303,16
12490212,831,16
97844424,1499,16
4749288,1777,16
12826020,1567,16
4803624,1037,16
165719016,919,16
2694648,1069,16
92574120,1155,16
148457004,1467,16
17091012,1037,16
1191852,855,16
77584980,1487,16
7106916,1377,16
8100108,781,16
11140272,1131,16
25886640,1311,16
548016,1309,16
854736,1677,16
31601304,1287,16
174764064,1339,16
8207280,1193,16
1693800,1045,16
13913472,1049,16
76988160,1035,16
22036044,1279,16
5979696,1621,16
737748,599,16
48674148,779,16
12647880,1007,16
52835796,1481,16
78482280,1683,16
4917144,1161,16
43232868,1303,16
397587192,1823,16
5576064,769,16
2296284,1725,16
154453140,1373,16
3080664,1015,16
122136240,1703,16
1491432,1357,16
145807176,1395,16
22434108,1231,16
4297668,1053,16
3244356,1175,16
99531168,1787,16
1955796,1521,16
104522976,1851,16
2981016,1565,16
3427896,1177,16
8761536,951,16
40105740,1273,16
24527004,1107,16
4563816,1147,16
42293700,1411,16
9850032,851,16
105063876,829,16
30519492,1325,16
3608160,1517,16
128089344,1667,16
3662688,1017,16
5439168,1089,16
17048892,961,16
59169468,1583,16
37181880,1455,16
4849308,1179,16
982836,1109,16
3997584,1517,16
32371236,1221,16
1071984,803,16
19222116,1569,16
11843244,819,16
4612980,1701,16
163455600,1941,16
203253168,1893,16
5317404,1725,16
14617512,1373,16
21418404,951,16
19004448,1221,16
32409804,1359,16
3874296,1017,16
9292932,805,16
1199496,637,16
26636328,1247,16
11559084,941,16
54136836,1535,16
226828572,2163,16
9134964,1517,16
39426840,1931,16
22674288,1129,16
3358968,1313,16
1689744,675,16
45741456,1007,16
6349176,1209,16
289643952,1553,16
34174752,2067,16
4809444,955,16
3351912,1441,16
2475276,659,16
20100900,1073,16
4841736,1737,16
27898032,1749,16
18481224,1723,16
72609780,1465,16
15868152,1547,16
118749024,2415,16
123566052,833,16
32633448,1327,16
1782372,1349,16
181191612,2045,16
61080084,1867,16
17543952,1095,16
27676524,1229,16
42996888,975,16
99548364,1403,16
319611264,1541,16
69030132,1075,16
2392620,1641,16
8964192,1521,16
5942700,957,16
207718872,1635,16
8329992,629,16
6282480,1193,16
21861756,1917,16
32445060,1569,16
8786856,745,16
166150656,1407,16
109187532,1233,16
5135652,1171,16
48050280,1103,16
43027116,1721,16
245202612,1359,16
50256684,1399,16
97195260,1179,16
1207056,1229,16
102610248,1175,16
16275096,747,16
24125988,1631,16
9086064,1323,16
25552020,1287,16
104698932,1363,16
1928220,1053,16
4273272,1381,16
233159472,1571,16
1572096,1025,16
19656732,1813,16
26016552,1263,16
2891304,1305,16
22947828,801,16
192185352,1361,16
25987320,1165,16
12701988,457,16
4820004,1821,16
4214868,471,16
10529556,1331,16
148206324,1367,16
115473600,1715,16
283674408,1653,16
10082256,1261,16
12985008,1397,16
17380548,743,16
33255588,1699,16
145335144,1911,16
89747856,1739,16
93800364,1735,16
2491296,1933,16
6619920,773,16
2743848,1749,16
5287788,1453,16
1220004,1169,16
96364488,2067,16
126948540,1703,16
4999944,1093,16
10465752,1361,16
23898324,1255,16
63989388,889,16
18422028,1335,16
34421700,1407,16
29841816,1727,16
37274964,1265,16
13595616,1553,16
13556880,1263,16
3234528,1155,16
190982904,2203,16
124550484,1853,16
6881652,1925,16
24673824,1005,16
84153072,2111,16
50972520,945,16
4114752,1241,16
59582076,2307,16
66231408,1485,16
21877512,1023,16
5392788,1197,16
10611888,1071,16
31297308,931,16
317964,369,16
97897236,1245,16
19593252,1309,16
19777104,871,16
8028168,813,16
2308056,1481,16
16985628,1791,16
7678656,1261,16
16698024,1473,16
12513240,1067,16
5745036,1097,16
98501016,2743,16
9345684,2057,16
4193328,1171,16
52151256,1511,16
107656908,1367,16
3510540,1817,16
13244304,1447,16
77102844,1791,16
3823716,743,16
81966072,1505,16
63105936,1505,16
227220,197,16
3719136,481,16
150281664,2063,16
4002012,581,16
8193936,877,16
12438024,465,16
4133376,235,16
103310280,1107,16
4296864,1167,16
12170352,1435,16
38344212,1037,16
8010060,1599,16
11465904,1411,16
831168,1765,16
1476264,891,16
66164040,1053,16
17659116,1287,16
15719748,1161,16
78873768,1723,16
6348276,1323,16
21764112,1199,16
339180,347,16
8255496,1425,16
70245828,1511,16
48843360,981,16
9750624,1255,16
13274688,1615,16
21728844,1609,16
42962124,1081,16
2921604,811,16
81598692,2317,16
4220448,505,16
65734692,1541,16
226074708,1623,16
36801612,1221,16
53105436,1625,16
817080,473,16
5145348,537,16
9035628,1857,16
2337264,1661,16
33118296,1423,16
105809688,1797,16
511571148,2749,16
21184020,1141,16
28477884,1275,16
28220424,1275,16
51135480,1715,16
67652508,1583,16
2430696,1389,16
63695652,1491,16
24660624,1945,16
3563196,947,16
697068,347,16
37408728,1187,16
525588036,1917,16
50150616,1493,16
111120408,2199,16
4636560,2249,16
108561792,1845,16
7337688,1275,16
5481084,1143,16
8542932,1325,16
131931228,903,16
4264584,2581,16
9571824,1375,16
103917672,1899,16
6586836,873,16
24751080,1697,16
166357944,2005,16
11003304,2273,16
119349312,1603,16
35469372,1755,16
42417024,1403,16
12205008,1747,16
4309608,941,16
5366244,493,16
28117212,1335,16
25050372,605,16
78512652,1107,16
6535704,855,16
50427432,1839,16
16199628,1061,16
230428500,1531,16
53746656,1183,16
20806164,1287,16
39780336,1963,16
41957520,1353,16
105063852,2057,16
81412824,1971,16
139697892,1463,16
73111776,891,16
1818888,781,16
12076008,785,16
1593204,1053,16
5977848,1121,16
5257080,1729,16
446443092,2033,16
224509380,1511,16
5676120,1225,16
13699476,1257,16
86064504,2031,16
13402032,1765,16
144542856,1991,16
18191916,1731,16
83114064,2201,16
14488008,1121,16
40347996,1821,16
52776912,659,16
14500644,1109,16
6296724,275,16
1204380,397,16
2192892,513,16
29365824,459,16
25020072,951,16
157414728,1927,16
15399228,1305,16
42786240,1001,16
1309944,769,16
16897428,1137,16
15063828,1745,16
522756,515,16
10529040,1313,16
1395444,359,16
3029340,881,16
3624960,929,16
2239980,1095,16
0,1249,16
4704132,1413,16
3315312,901,16
1134504,1485,16
1449408,353,16
123339444,1909,16
75829140,1135,16
70948536,1505,16
9243564,527,16
5673264,1297,16
8830212,943,16
218896512,1623,16
4765572,699,16
131636424,1975,16
2240316,1129,16
2474424,1067,16
1242732,1125,16
2425608,1033,16
1078404,337,16
59988,153,16
52620,117,16
18881064,913,16
1195200,381,16
1045716,391,16
990528,621,16
144156,31,16
1697304,525,16
163896,261,16
43656,109,16
399360,413,16
33144,19,16
118500,225,16
335400,397,16
3862320,687,16
183048,107,16
1929648,527,16
588480,287,16
255504,149,16
865824,3,16
138456,179,16
1136244,261,16
33448248,855,16
6209868,531,16
207588,107,16
800268,297,16
311124,281,16
853992,177,16
1345236,729,16
644628,221,16
357108,199,16
2753520,579,16
408276,417,16
1334796,291,16
199284,237,16
118536,117,16
35832,109,16
294228,209,16
145332,121,16
533484,353,16
4331904,379,16
996264,315,16
12159828,627,16
831696,331,16
1359300,443,16
4268808,733,16
399660,511,16
2393556,567,16
1486656,303,16
79800,27,16
7176,23,16
6134796,477,16
742332,231,16
44268,65,16
1044948,665,16
4348488,443,16
192744,93,16
4740132,601,16
3353388,95,16
10579908,285,16
601308,251,16
35810844,765,16
345816,293,16
5840448,511,16
121320,121,16
962796,395,16
4833084,343,16
317460,351,16
1795032,367,16
1466964,547,16
153708,131,16
76908,129,16
3716232,451,16
56138604,941,16
75132,409,16
35142912,859,16
47119188,805,16
129144,405,16
761940,303,16
417852,253,16
86880,61,16
1137408,729,16
402000,81,16
178944,253,16
7020,11,16
1513392,409,16
14691996,847,16
15321888,671,16
55164,93,16
239508,331,16
2213916,391,16
8931012,575,16
263556,307,16
139392,15,16
111780,81,16
1997340,353,16
389016,283,16
1314576,383,16
276960,357,16
1570176,693,16
82992,11,16
3079536,427,16
22104,85,16
2076996,677,16
440376,393,16
63960,127,16
40008,71,16
131700,161,16
1599120,223,16
34565364,853,16
754200,333,16
529236,393,16
4327548,133,16
102112020,1079,16
197328,273,16
1190412,265,16
146808,281,16
20988,43,16
169092,151,16
881292,245,16
5332176,705,16
16176,47,16
377568,217,16
693408,279,16
2428752,311,16
2203524,777,16
663612,381,16
350868,105,16
15769572,633,16
12075480,937,16
12924732,175,16
3058356,429,16
754044,29,16
8645868,587,16
53112,101,16
11104440,607,16
1403388,439,16
1445424,493,16
632628,381,16
415668,181,16
11020788,647,16
793128,461,16
65001468,971,16
414216,115,16
891720,17,16
221820,165,16
44472,3,16
463464,421,16
2527632,375,16
4554252,411,16
2217180,371,16
1297812,429,16
2568348,261,16
79248,185,16
4561176,475,16
67944,441,16
663144,431,16
85212,537,16
1203024,339,16
2494308,375,16
16121076,483,16
2838468,393,16
1750296,395,16
29782680,927,16
96384,29,16
4139676,435,16
66984,103,16
54264492,785,16
5724,23,16
132540,105,16
89028,133,16
661152,349,16
192600,493,16
65460,87,16
146700,135,16
930264,369,16
21549420,649,16
785412,11,16
898644,457,16
1652508,267,16
4248300,341,16
6689544,569,16
680568,155,16
1971792,377,16
4501776,391,16
3400344,431,16
1623852,389,16
616296,407,16
956892,273,16
1225488,673,16
62796,59,16
1807068,319,16
534636,329,16
509580,251,16
1357536,187,16
852,1,16
3960,33,16
269100,361,16
1194576,181,16
327120,271,16
351420,329,16
6759204,747,16
145020,115,16
4247364,379,16
1153512,131,16
898452,377,16
914472,93,16
138276,245,16
3298836,325,16
499200,247,16
604632,243,16
19841064,1029,16
7195296,783,16
215316,139,16
349068,205,16
2616216,571,16
66744,189,16
3598920,591,16
19368072,947,16
454068,457,16
41700,47,16
2289840,539,16
5717544,743,16
735804,247,16
3539676,203,16
281556,191,16
55668,73,16
17291580,565,16
3364296,427,16
4503888,531,16
14739696,551,16
21732,35,16
17867976,669,16
122928,277,16
2874492,713,16
154752,421,16
24384576,665,16
11820516,611,16
706080,625,16
598596,273,16
77868,135,16
4800060,439,16
9382140,309,16
1230756,415,16
369336,111,16
79980,213,16
15089880,627,16
1464540,203,16
7519308,541,16
268284,361,16
3468000,475,16
6809676,633,16
9330276,521,16
235668,71,16
51540,63,16
108420,135,16
3001980,615,16
166428,115,16
1699788,453,16
3873000,391,16
151728,171,16
2626452,607,16
870612,333,16
290196,315,16
977172,177,16
454500,205,16
14047680,487,16
6623784,583,16
1237320,673,16
964128,281,16
201216,373,16
14514660,879,16
5590548,435,16
385488,533,16
75264504,869,16
468,5,16
11964912,867,16
1746000,551,16
1311816,349,16
454536,237,16
1081800,339,16
1554144,423,16
962940,387,16
4049784,675,16
336216,93,16
2716404,549,16
24792,81,16
1194144,567,16
17940924,675,16
20140764,723,16
125688,159,16
537144,237,16
457848,693,16
9181908,579,16
3362388,495,16
14268,7,16
760416,217,16
514956,41,16
35028,31,16
41232,65,16
1711728,287,16
140244,237,16
691728,299,16
2731260,641,16
17964,149,16
27228,121,16
65412,139,16
3812532,363,16
319188,215,16
2782476,481,16
688572,109,16
281784,405,16
772116,341,16
153516,293,16
3240,5,16
325500,57,16
5467044,491,16
726492,279,16
286320,517,16
9999420,429,16
21564,77,16
33120,89,16
51120,99,16
5258820,535,16
782448,267,16
16390020,991,16
41868,127,16
13464,13,16
72540,27,16
168348,87,16
8562600,683,16
434376,593,16
103716,137,16
467844,487,16
485652,517,16
2780112,309,16
999504,365,16
2069940,315,16
3330120,589,16
52128,75,16
65040,113,16
27096,107,16
1243248,529,16
1118220,449,16
6867684,575,16
373392,575,16
933144,321,16
591204,279,16
48852,69,16
77388,53,16
412932,233,16
137520,273,16
482604,249,16
3776184,525,16
4443864,383,16
176304,45,16
39084,41,16
8727816,639,16
83712,141,16
346020,343,16
360540,369,16
79464,35,16
36300,205,16
829632,585,16
396276,347,16
2427156,325,16
36028212,797,16
